398138805758459904
398118286950678528
398056819475484673
397833126476787712
397810391142506497
397678539371061248
397677282975703040
397672509794816001
397482179556831232
397455194255941632
397369010032869377
397364322973667328
397063647576743936
396735848324288512
396666075699773440
396376043709538304
396333640860581888
396329171346927616
396325053513478144
395939225272864768
395937185020780545
395928842227175425
395922432420483072
395889998274502656
395879284939558912
395851660343640064
395851397226561536
395645327942094852
395643029685809153
395590229442449408
395570301872132096
395550541671329792
395542598775234560
395537557297324032
395477362760249344
395343361802240000
395322556020174848
395216673441329152
395214750793359360
395214357103382530
395148287994761216
395138760574124033
395138520332779521
394950815448043520
394947971961606146
394606460174614528
394605895885553665
393787856441061376
393770814769987585
393769685969559552
393768713935413248
393734356822654976
393403068483928064
393402075171676160
393018671917838337
392995021051269120
392958216424144896
392673469478883328
391941776161767424
391863483991855104
391860639100305408
391619441278349312
391570329661079552
391556814476935168
391538869038227456
391537685791526912
391518117295165440
391256874546655233
391245949307482112
391130077771350016
390950340461621248
390826935242072065
390745950203154432
390528748325720064
390472051192254464
390434639246278656
390433115790782464
390432428306624512
390431002255818752
390422344411262976
390417228111167489
390415848772362240
390383546445357056
390216815944933376
390153766257057792
390069657660817408
390052064367505408
390048355331878912
389831171783532544
389390283890491392
389388479064707072
389062328873783296
388720526640041984
388720310935359488
388407105822003200
388385182778421248
388321183277801473
387971906454171648
387134078124048384
387133227707940864
386906092724584448
386862918178201600
386861988678492160
386839753213374465
386798113392189440
386777033495564290
386467993372590080
386198723661144064
386049485258096640
385928941665787904
385869829137133568
385846499642720257
385845957059170304
385844304151072768
385844245346910208
385726503881031680
385703901196201984
385531945515745280
385073519656054784
385071444977123329
385052488727924736
384969661366173696
384641490884259840
384641260772151296
384247987662491648
383571337920667648
383569818303365121
383556104275644416
383526453415251968
383526296598622208
383525939633979392
383259204632735744
383232323451232256
383124652161515520
383124195129192448
382974910039351296
382941471021993984
382900773862244352
382886743940145153
382885980157394946
382808186258223104
382808077596364800
382782629403443200
382782415531671552
382782137680031744
382781383758069760
382779593360277504
382493909940973569
382459257779539968
382458152156807168
382456578449735680
381812087103959040
381585724841005056
381538181251731456
381464667433873408
381232094636044289
381081645228388352
380765890641289216
380763869200654336
380761565894434817
380739394208292864
380736189772210176
380005553214210048
379604916706508800
379435419181408257
379279418457214976
379278717140615168
379015657137795072
379014925030412288
378985225482960896
378973164509749249
378914864741113857
378912783120617473
378912629919453187
378602756908404736
378586086651736064
378585262499954690
378544072639524865
378339502307028992
378335833666772992
378314986235244544
378203712151236608
378203126018224128
378202409115209728
378179035425017856
378175188912713728
378166960900423681
377997872798515200
377965352140804096
377963406097006592
377725351381983232
377724848300367872
377535006274777088
377433698699710464
377328706290978816
377184236010500096
377166619937894401
377159488861523968
377158754275721216
377145447892393984
377141587618181120
377141272902791168
377140248418848768
377100584626561024
377028310531702784
377028249487822848
376983373769494528
376982436342550529
376971003450372096
376442968905113600
376301820358180864
376288887871524864
376281217760387072
375977462519177216
375933804537720832
375914653924073472
375912119075872768
375889117932171264
375692010344427520
375605230337286144
375571903911854080
375562123813720065
375559644107640832
375558690121605120
375385309044670464
375384427611713536
375383817587933184
375383447348330496
375374192155189248
375373161555980288
375371903818420224
375370752008011776
375328495368671232
375325667971575808
375325357899272192
375320862687522816
375305763184717824
375259982549483521
375250811372445696
375247138407870464
375238787653443584
375238452058796032
375199538837200896
375177117287583744
375150463815278592
375148139008634881
374941154611318784
374940192140193792
374906176808288256
374903181114761216
374879863087566848
374872439693778944
374840641945346048
374833760304627712
374832388955992064
374818854859710464
374818034701303808
374809235697442816
374624720861560832
374589727799640064
374588594330943488
374579478757777408
374574203300638720
374574027194392576
374573434962849792
374561275075764225
374465548186562560
374458761093447680
374427274403414016
374212737439916033
374212447743541248
374211699018317824
374123640994136064
374092919357333504
373466875155714048
373456620220850176
373435488235180032
373400638656610304
373395719983747072
373134105543987200
373132595640664064
373122023888650240
373041495420329984
373041248938229760
372821064424116225
372819962563686400
372819851804680192
372816544558252032
372777342965280768
372766142558785536
372462437020495872
372428003940134912
372282123123974144
372281066150977536
371587013251981312
371369509174931456
370521363939090432
370232022763327488
370228622663368704
370161415669026816
369947964791619584
369769957233815552
369132502579150848
368704611621683200
368687341084241922
368677859461578752
368653017018404864
368651602472607744
368385193008050176
368081884330614784
368081639668473856
368036951699763200
367913873766354944
367683385981808640
367635522870870016
367570298125967360
367569999550234624
367548010211069952
367274348568379392
366939957799034882
366886306879520768
366643891677564928
366234545663651841
365866179639771136
365509380571004928
365499149908586497
365497443275653125
364705522747842561
364703300639141888
364456146209218560
364423497423912960
364353160405450752
364342604948717568
364337947635490816
363740107422969856
363347618769801216
363345771954847744
363293874975817729
362975758228000769
362912109459288067
362693618185670656
362537369104158721
362453658404790272
362295638068699137
362284271848800256
362282996537098241
362234193306058754
362194977658372096
362194013362724865
362190797333999619
361589944885587968
360837780764491776
360475826166300672
359970000796262400
359968677820502017
359259200997703680
358912277166444544
358619451307999232
358427045350486017
358294610403012610
357985570061950978
357899326103617538
357872525914550272
357871874186805249
357871654686294016
357868914333589505
357868730769874945
357635297711882240
357634751525425152
357621746087641088
357621362459811842
357621027980853249
357609151557410816
357608934711885825
357605153681051649
357603662274629633
357602358320054272
357600115751522305
357599638993383424
357599306783522817
357598689499414530
357598218240008192
357596532133986304
357596339091152897
357592336076779520
357553762753196032
357548320165593089
357522677784788993
357508081401335808
357120319682641920
356850366635188225
356745214792175617
356151571882577920
356150916145086465
356099051554471936
355982426557788161
355354367542571011
355353747813179392
355353088967716864
355351954395893760
355326423138975744
355235350173593600
354936911720218624
354309788622008321
354299672174669827
354243876237746180
353992492250697728
353979673593643008
353915586469834753
353859771683708930
353817650201247746
353539397838315520
353538660525813761
353537762340782082
353187799769427969
353187055767011328
352840655950716929
352809293906579461
352777896185704448
352730528841080832
352123862701449216
352123791155015681
352123714466365443
352121423420067841
352120875975340032
352118697269264385
351857813842182144
351737474004951040
351437549983637507
351427908826431489
351103073852198914
351100718213640192
350550147534553088
350544850044731392
350544404756443136
350543367089819648
350184679644729344
350181699507847168
350160791934210049
350160251347152897
350158549864812545
349949434018267136
349947703788191744
349221844731174913
349198656806719488
349195755573096449
349072923551744000
349069891413880832
349069660009938944
349068749032271872
349064943741575169
349064594611904512
348326379265331200
348326071084658689
348325655412350976
348162100876685312
348098801426386945
348070408303542272
348070108918333441
348069666507341824
348069344800043008
347778360325337088
347775173048532992
347463684936843265
347328233819209729
347064134115938304
347043430062497792
346974655044784128
346974489562718211
346911298333863936
346910902949404672
346700351782649857
346639990941429761
346537454058217472
346385788977700864
346384803643400194
346384233448759297
346383896327356417
346382464945618946
346381053340024833
346380570961514496
346380376857518080
346379671081975808
346378779578470400
346376859459653632
346376448610824192
346347625945124864
346347251259559936
346347066630500352
346346909042089985
346346721300852737
346346586734997508
346346182311829504
346346103580536834
346346061255831552
346345902098747392
346345790941298689
346345628873416706
346344992001896448
346344077559738369
346343668376039424
346343575677722625
346343290913837056
346343047468027904
346342770304249856
346342327553503235
346341837524578304
346337927204315138
346332612157116416
346332138204983296
346329449303781376
346326615170637826
346323170518777856
346286737707896833
346286459227103235
346251899583991809
345830050983190528
345595499233026049
345543525217206272
345516799472828417
344803364577632257
344802550106685441
344793517920505856
344784891319316480
344760990249914369
344496419152998400
343379750032637952
343315140659261440
343314430177705985
343030770291601410
342980765501513728
342943425252962304
342404247616376832
342059188295446528
341944564346658816
341604597271515136
341557450534690816
341548595641729025
341545606067679232
341542215845310465
341499159997714432
341499003717959680
341496109904044032
341460560010964992
341450520533299200
341256123317362688
341162369675841537
340427168674897921
340410403328753664
340409345240088576
340408737896472576
340131212658089985
340080652298895361
339781494027476993
339688431015821314
339135333948088320
339134011895062529
338745636532932609
338275245360308224
338262487420002305
338232150795108352
337877546379137025
337837597520965633
337837033148006401
337567631546658816
337539005212143616
337210881739997184
337205647701573632
337151682922303488
336858261951238144
336855602988990464
336562075402924032
336536116809314305
336481236174397440
336479455943983105
336439327410237441
336415731149336577
336415539125702656
336382048262557696
336381703557885953
336381207430451200
335359907907923969
335348863923798016
335122899168018432
334740517902499840
334572958808932352
334557287807086592
334557186334273536
333991305216655360
333988906162864128
333986452880887810
333894836669280258
333894393352290304
333889414587621376
333513797245480961
333513123506036737
332243691722903554
331613997247897600
331101689065111552
331052361361530880
331051703845679105
330738276023549952
330724465874964483
330656088489857024
330655627447791616
330641752807587840
330606771813117954
330363524146663424
330291809966231553
330076410360262656
329979070299381760
329926593201963008
329924241191489536
329919034638344192
329643763322454016
329600014525538306
329546618162515969
329541752971202560
329464580562628608
329314853615456256
329170076152512512
328991996624642048
328912139349790720
328598347541803008
328597214278594560
328596915279249411
327401208207794178
327173148166475776
327039920298418177
326757944123330560
326714031807279104
326372264109027328
326366383355097089
326013204746612738
325705212029452289
325653205360984064
325541945004929024
325535599798939648
325531902691909632
325531472385699841
325531038552059904
325154828554756096
324995968116326400
324988371384532992
324634608857657344
324574538291613696
324572868501458944
324572605392773120
324426036219637760
324156521900568576
323828940944855041
323803422711218176
323471744998440961
323465603010678784
323452878335377408
323377628855824384
323139408918372353
322812970482692099
322809874742386689
322652912264306688
322436131285250048
321979832697249792
321979756188930049
321719917357453312
321626416343035904
321613179182514176
321527037464547329
321343713878085632
321316700962316289
321171373575774208
320980847375290368
320955258337644545
320562416863813633
320558380013989889
320556692532252672
320529641465077761
320238140591861760
320187030736863232
320183315657269248
320161997549363201
320138187831906304
320121683606401025
320109741147815936
320109125050724352
320106957388259328
320105383098200064
319900695862054912
319900095606829056
319725143121350656
319722218265391105
319718672954454016
319053827020054529
317710505387110401
317710298360463360
317549941943832577
317450080435179520
316576580073828352
316230791996784641
316216110590615552
315511682577342464
315509318164299776
315493175290630144
315186603851120642
315164299939180544
314862218166538240
314759588568252416
314757422159904768
314595922585718784
314491004206063617
314049796749012993
314023270745796609
314017340079632384
314017042204332032
313881052596805633
313678252508069889
313677931266322432
313664176449015810
313247568870117376
312555017909460992
312256106124681216
312247495663181825
312247066774605824
312246066886111232
312239027648622592
312229959735341056
311546290628603905
311487127634460672
311484158495043585
311171981833818112
311170846439915520
311169851274174466
311123427014606849
311080625828425729
311045868272893952
310887472982814721
310808096828182528
310057854679785472
310043354564026368
310042046436081664
310015890387243010
309724947712991233
309724878465019904
309642385036550145
308643504781930496
308635318511362048
308554733067575298
308267612880646144
308264684614742017
307896031377506304
307881484142923776
307880830800375808
307880418449977345
307862727886524416
307604558371246080
307561936369889280
307560695396986882
307553623678779392
307552891751759874
307550639062413313
307541748178092036
307476878481051649
307475991008247808
307249366148734977
307231873921323009
307229262270844928
307208025821818882
307201081404968961
307192575079620608
307191941920075776
307191617171890178
307179513748533250
307130513250983938
307102743959568386
306931422713749505
306929696703148032
306907154718265345
306844941613682688
306833526056165376
306806839151063040
306791317843894273
306784013119520770
306755295978336256
306684195336499200
306519743567892480
306350314611691520
306088256938864640
305078544676036609
305027254847680512
305005156020391938
305004844316516352
304963566711218177
304322007980470272
304273316217237505
304238663632556033
304206017221246976
304205759107960832
304155708033740801
303984335650967552
303981042841292800
303980814931197954
303918706134769665
303836291303370752
303640916873322496
303637676366635008
303637574562504705
303596853616852993
303470462262968321
303469953443586048
303469609179295745
303432640474787840
303422715459690496
303277533170917377
303261690244497409
303143497387634689
303087998197710849
302927589641711617
302865809880002561
302821334130495488
302522866312814593
302346501408047104
302344812324081664
302343985760976897
302074986313703425
302007556694495232
301713369679941632
301713186317545472
301710220286119938
301709988391436288
301656961882148865
301656454245527552
301639046231367681
301619773018615808
301470366457528320
301457749198389248
301457347623124992
301456894155952128
301456730062200832
301377620719845376
301030273854894082
300910690674278400
299622567784886273
299620992387522560
299274265453264896
299243073806938114
299241595411259393
299240382066204672
298897751993888768
298890744545021953
298890065537544193
298872755443605505
298860610819616768
298858565567905792
298847037783433216
298808271748337664
298808157789097984
298805606897311744
298578282637586432
298575157461659648
298569182356860931
298488864652275712
298311638916939776
298310596271677441
298281662251417600
298281334722412545
298140366325026816
298098835971010561
298098054807031809
297706837594234880
297681086773866497
297680636355952640
297680540599996416
297390823736213504
297277784294825984
296689009332215808
296252216094892034
296207087694929920
296016916399656960
296016723671396352
295877113465167873
295865545725714432
295847639767973888
295845772140883968
295675534661279744
295675094058037248
295652896287109120
295647823947497472
295646662204997632
295557281037295616
295553723336384512
295196571887349760
295191958505267200
295168822137200640
295148764136607744
295141819673620480
295139953896222720
294828987635609601
294826179993681921
294592483206254592
294519460189065216
294422308632801280
294186308941774849
294181333587075072
294109392494788608
294066927482056704
294066178962370561
293384742483681281
293346313431572480
293302674105978881
292928304862883840
292924441447497728
292594259163508736
292020756047618048
291994329503895552
291988084399161345
291167367944359937
291165990161641474
290924468648423425
290545164546605057
290059418521968640
290057724245442560
289798953468317696
289714193886744576
289705806587371520
289699254853857280
289508551502737408
289399856357863424
289371386995154945
289357752906682368
289356708130734080
289308802526892033
289293177733644288
289284906234810368
289284755839651840
289132425320214528
289072204518420481
289031708127420418
289019365389635586
289003694731702273
289003436651970560
288703087277920257
288687462568583170
288683854942855168
284655328262500352
284599249184903168
284433890591010817
284333075448598529
284269494539522048
284262781258182656
284041856248078336
284021286500462592
283944514580795392
283602278026465280
283591791536635905
283173637798895616
283166760801300480
282880599449034753
282788046850633729
282787169796501505
282460827934679040
282458321439576064
282098490354577408
282097566043217920
281842604470050816
281825281587687424
281764096813174784
281762928770838529
281751894769147904
281750450586415104
281418753269432321
281392836463718401
281392353548316672
281392155661058048
281384956922572800
281383896514449408
281382081198694400
280707715435737089
279949441996316673
279168046659153921
278957223944785920
278956290808627200
278841688246603778
278647526188527616
278643393180094464
278559411323170816
278536015575150593
278531683639242752
278448615469494273
278448464604581888
278444492971978752
278439784777646080
278260641830146048
278248945233305601
278244214393929728
278238639085993984
278149529461739520
278125666636034049
278098695629705216
278090211907497984
278087444275023872
277502214740795392
277501559527571456
277472574622027776
277462349953265665
277393342894067712
277170419096772609
277112039552479233
277070469583233025
277016007913136128
277008370098126848
276744605259685889
276681590086705152
276680383368679424
276406233488035840
276392990287728641
276360267758194688
276291404194541568
276276848831381504
276043037409419264
275999705421463554
275637548750098432
275623855945551872
275567723549978624
275562658625884160
275561333544599552
274884032989388802
274875700324999168
274869224181202946
274868335265595392
274867224878145537
274621296984338433
274616683627429888
274614343423889408
274541344180031488
274532458391797761
274437086482948096
274210824678174720
274206975569571841
274195706116444160
274194368666144768
273881554311323649
273838032568852481
273835068965912577
273833105712902144
273813219259318272
273775821892775936
273045386392915969
272801688065298434
272796467008262144
272790240337473538
272772759438888961
272772706502590464
272772591343771649
272727475925168128
272060364831739905
272060029455175680
272059284710363136
272056893353099264
272022156446146560
271665975621988352
271664984050786305
271650091104866304
271643087489605632
271642604700049408
271354860887240704
271306588185300992
271039922171936768
271032566319042560
270976010227429376
270697616084459520
270539988272308224
270237080469241856
269976178461392897
269847599492771841
269639053270450176
269514220301856768
269465775469895680
269459565857361921
269458304143613953
269457242531696640
269457112407625728
269285486328172544
269182541729259520
269176245093289984
269174616424083457
269134282746896384
268874956383875072
268762228944166913
268758503676604416
268757910371311616
268757501472817153
268756830367412224
268755763151921152
268748485854126080
268540392994140160
268536206059524097
268440216405164033
268398296056360960
268383019742674945
268382340881977344
268382006130384898
268018364084015104
268007779069984769
268004286317858817
267296528798990336
267295638096592897
267295385737895936
266652047070343169
266642943098630145
266611981476302848
266565424664178691
266525193906823168
266519200078655488
266466712659054594
266278983790891009
266239683523121153
266148122567274496
266120931808772098
266120725411282944
266112403744370691
266111187874357249
266088813284163584
266087067581300736
265951207519055872
265911412382126080
265881098389696512
265873762942070784
265870945393197056
265870478923677696
265869563856564224
265742181808107520
265575290703585280
265571969011965952
265459150916571136
265381833309556736
265160455100702720
265130684505534465
265104000263794688
265095096502976512
265093099469037568
265066215721013250
264856474218532864
264370971035721728
264334525717442560
263693803477663744
263685479642316800
263588129615773697
263565532329025536
263415291667677185
263412474764734464
263411801406963712
263338810732077057
263259833904537601
263222120828514304
263220274974052353
263020661813964800
263003474185310208
262968243738787841
262910470858620929
262518863239970816
262514593404973057
261912709442990080
261895810558603264
261866977952407552
261832327683010560
261830962168606720
261818764029489152
261501882135097344
261448715326353409
261433718512680960
261424915029307392
261407796812201985
261382723300626432
261380382270816256
261171500411912194
260843144051048448
260834644625326082
260407929059024896
260404658466598913
260374331220193280
260372971389059073
260372076895035392
260369071843975168
260312339507736576
260046495611514880
259956045139546113
259693869434826754
259671188610088960
259668556164259840
259570467688550400
259407202882834432
259397922133778434
259393727951417345
259392098728550400
259359332045561860
259258309008306176
259081103485325312
259038871269027840
259004848228421632
258999669890355201
258999349147729921
258998492448563200
258960395669225472
258953573667328001
258952695619125248
258875076592676865
258868996374413312
258864321210245120
258853912919023617
258653608604737536
258653378459074561
258594964181770240
258518042504470528
258495194427699200
258469779948589056
258468838377652224
258186421213474816
257795786098765824
257788876259749888
257787462468894720
257595611048706050
257510103270432768
257509565518733312
257440891998969856
257437308628893696
257150338543521793
257042683325997058
257039253924618240
256877538268299264
256799592186773506
256798209521881092
256769728268357632
256415687608782848
256414707139878912
256402670523404288
256303510000390144
256089649703968768
255945097475153920
255790872069804032
255709647971966977
255678185683947522
255667289662304256
255370142110871552
255336820269785089
255291838443954176
255286593605222401
255285686742155264
254912513706184704
254532493741535234
254528722537967616
254520336673042432
254519803132387328
254477912407932929
253971230850416640
253913355729895424
253899915367964673
253837062896222209
253194316711862272
252810793672912896
252726180019593216
252725751558840321
252685573058355201
252678797982326784
252487673229484032
252406863138807808
252356151654641664
252343900155559936
252340810551554048
252101428192100352
251933545919033345
251700043059433472
251671359766278144
251667617830551552
251630506934956032
251628213091053569
251620619840532480
251619890866298880
251619127481999360
251615562411671552
251615362662137856
251612369803964417
251610402285314048
251587401389060096
251383456184033282
251306550143090688
251301530727219200
251297498453405696
251258163263844353
251255959765258240
251232154992926722
251228981808992256
251085636658925569
251047414818037760
250878593872306176
250851154005725184
250700712873435136
250638300023492608
250637995345051648
250604144954593281
250593852736565249
250540885014609920
250503829395734528
250343170515275776
250305604994883585
250232903873748993
250183671187898368
250156382710530048
250141739891953665
249865440883511296
249847321473466368
249844294737874944
249527449203929088
249503626505109507
249503443327275010
249142280244576257
249078999643455488
248885909867593728
248838324612116480
248837819022340097
248836598437920768
248836114746589184
248811833803288577
248798098036498432
248772109545902081
248752288036962304
248725073505181696
248502587534503937
248500945695158272
248059538308206593
248023333537476608
247986483502387200
247621205107044352
247595425769615360
247398504509607937
247393662265327616
247393397189521410
247392915377254400
247060591989100544
247059763798626304
246941483998015488
246662792315293697
246533591092314112
246314190527164416
246305555084365824
246197061559668736
246180616842919936
245997150041952256
245888884242776064
245813496594432000
245813202359820288
245811656637165569
245568665624379392
245535350171250688
245532436480544768
245494773195108352
245254433062150144
245226046268522499
245225662925926400
245216573365833728
245120705774112768
245112682267684864
245112515820929024
244819144531398656
244815927043031042
244095560515211265
244095495016968192
244090359330770945
243707440259026945
243548694736154626
243537480836579328
243489419523407872
243386525788811264
243053902105280512
242709593380245504
242705614470529025
239829428379742208
239764097963544576
239762095552475137
239458755975204864
239454590016294913
239388472140525569
239387544226254850
239210410044166144
239206811968864258
239140161047388160
239139367044665344
239139272458924035
239131969072558082
239031328685817856
238690631600455681
238688477980549120
238639397006868481
238391308018921472
238389147847503872
238334010160451584
238333450065674240
238331934944677888
238325662274973696
238315283733946368
238309985648521216
238305246202437632
237971236234338304
237945651877511168
237939473936166912
237936791976550400
237928627122089985
237920572380684288
237920395645304833
237920239583629312
237919732207071232
237600825957048321
237543572889550849
237531051684134912
237314491841396736
236443572101066752
236441990361923584
236207340821557248
236145549940776961
236145156460527616
236113573082980352
236112768342839297
236066892396244992
235760042857607168
235133405434638336
235096999370833920
235096917267341313
235094673084018688
234928192790597632
234768173214347264
234766704117424128
234682085879713794
234681941394345987
234009259984162816
233983982738477057
233940562678525952
233926127788367872
233921328128868352
233904375251234816
233852719755051008
233851911344898048
233842223052111872
233841691474415616
233649226498842625
233639729386631168
233629772574515200
233576383052386304
233575367426859009
233563177948954627
233550927825612801
233521870144692225
233519615077134336
233512074146365440
233509121448628224
233495206220152832
233494773556736001
233491514762878976
233470819110641665
233347446917451776
233346779062607872
233346476997230592
233341924822634496
233340696675905536
233339608849580032
233330600608661504
233250764217266176
232986110874234880
232879165265833984
232878808531865600
232855020327010304
232854600116482048
232813878759796736
232745610321752065
232595836238966784
232562315524980736
232538224390709248
232439475299557376
232433421543170048
232399600093364224
232218344164560896
232214191744892928
232214176616046592
232212561595084800
232192887398465536
232191797328232448
232069767115202560
232055842889924608
232050420074303488
232049558354554883
232046424018268160
232046307102044161
231877651726495744
231875072061751298
231863934607577088
231862650185854976
231862321327259648
231855889450168320
231852744565194752
231852413164859393
231843915454623746
231508305539899392
231494251333185536
231417660028641280
231377663590297602
231357597310124032
231336229784932352
231098030982590464
230942276443074560
230942124298883072
230796615269638144
230773433707933697
230772975010471936
230694748342607872
230397412466913281
230394508330811392
230374621021601792
230374497050583041
230371313238282240
230337016359944192
230313583135842306
230310934860673025
230298329475600385
230297671359950848
230231582135443456
230231480121561088
230224843860213760
230055684497080320
229895981922136064
229895200787558400
229894613530447872
229890790179078144
229723956503003136
229687097806692352
229633062017843200
229600102489145344
229544967784259584
229541936032268290
229288903637610496
229226226059976704
229009587934740480
228951005423886336
228932898823208960
228931809226928131
228890990352687104
228888834048401409
228883965161906176
228852269049856001
228848829787697152
228829454049345536
228826833414660096
228756508316430336
228604507192455168
228510092344057856
228485970394226690
228457569272856576
228450478021828608
228221831281250305
228150312391831552
228149289552072704
228140736724488193
228137553197424640
228136714886074368
228133668454010881
228108766342684672
228102647100612608
227496006256824321
227105333468884992
226743100297592832
226404159568633856
226295104435023872
226259519938908160
226210778938748929
225677286949658624
225674539290460161
225614480527212545
225613596787351552
225602870345601024
225302037888385024
225202609361911808
225175583468957696
225173476883959808
225135113103609856
224565363927552000
224486676498612224
224476468779036672
224448595892510720
224442323822575617
224232289691906049
223826745277677568
223704419982786561
223541886118395904
223441640981934080
223370821433954304
223369888964689921
223368191169142784
223367453621755904
223319562182078464
223111403958042624
222992021177106432
222644850682630145
222642590737121280
222403976610590720
222387091273822208
222251215734579201
222029402630914050
222019981519486976
222006554365403136
221963870447747072
221944377789001729
221718456112922624
221699700821204992
221697493128318976
221697131977785346
221539101696991232
221537728976785408
221291323410485248
221286890261843970
221242723720626176
221239899112738817
221175877571051521
221174128953147393
220918930401796097
220916953286586368
220915882732421120
220839129125097472
220835375759884288
220819016883773440
220810229305192449
220801773424750594
220799190903701506
220793224208457728
220784568729485313
220782877183451136
220773798767636480
220648898572726272
220648819547840512
220638832519946241
220630809512656896
220613055002853377
220608600555532288
220597780102643712
220574689091788801
220518811663745024
220504330560737280
220485129867497473
220469509012733952
220457175498240001
220455879693176832
220237333964926976
220112224184844288
220080662269530112
220080570942767104
220079506977861632
219517066447822848
219498468589305856
219432170387816448
219431330012872704
219157211648237570
219157009717669889
219136777800261633
219136453958045697
219116434872213504
219115436510425088
219011813222780929
219008280247283712
219005654612967424
218872060032720897
218825422308249600
218769840914178048
218769678506541056
218688396044931072
218621571089182720
218408453834678272
218401113534242818
218396080436559873
218097443202547713
218055413923459073
217571246790021120
217567634705747969
217536695086743552
217531778120949761
217523658900504576
217221354385186816
217208334758055937
217013408707514368
216980245234974720
216979734280671232
216964396201680896
216845389188440066
216841281706536961
216833001475158017
216532710875865089
216529541475213313
216528186777939969
216216651337699330
216186660327669761
216184055274807296
216183310257356803
216179257074925572
215903337525166080
215785880655364096
215725963881877506
215510497859092480
215210434305867776
215131748030349312
215063497195782144
214669051371327490
214429763283075073
214428390659338242
214401063082672128
214398394792280064
213728477826916353
213720247788781569
213674183211753472
213673726145867776
213670916754911233
213670115143729154
213449730741649409
213449622423744514
213100622201892864
213089883433074688
212983774168891392
212729366017359872
212721917843603456
212593311180001281
212583879230488576
212223828930207745
212222264362532864
210941500748599297
210315542823845889
210313919254904832
210313573363232772
210096175863443456
210067860645609472
209974182543495169
209930527623483392
209700560079831041
209698073876770817
209674476546310145
209673774029742081
209440846511222786
209403849247703040
209235028956286977
209225485933228032
209223729065099265
209205325495156736
208859608968740865
208859168084467713
207978529663614976
207790170605502464
207789341907484672
207028746341974016
206807255457345537
206806946030956544
206507438759882752
206450895519617024
206387625408471041
206385767315017728
206381923537395716
206379478367215616
206378944134512640
206377578192314368
206338670725312513
206152332847759360
206105581499580416
206096499480870913
205716585518866432
205639997217439744
205354425798246400
205331820533907456
205321076937474048
205315297765363712
205302662651068418
205300914150576130
205282925695086592
205261013157810176
205257094033715201
204945826383003648
204936727880671234
204843971573329920
204655192350801920
204599574613069825
204189494386229248
204183441942659073
203834091085377537
203778992023674882
203534864534880257
203529471775608832
203528749721985024
203528546684121089
203506441296941056
203505275821494272
203504606821625856
203504521815658496
203500107784658946
203467382973415424
203443508344918016
203247397860687872
203237730073841665
203213622476943360
203200170438045696
203139251330752512
203099403593060354
203097223381262338
203093403590860800
203088413476392961
203062495466893313
202881905677443072
202879989086027777
202710339786244097
202687579278151680
202686468374806528
202685006634680320
202684596880547840
202542103958532096
202465953617940481
202360951469637632
202332817840025600
202330584062754816
202136888604229632
202128586612817920
202127513936338946
202063521897398272
202063025702846464
201986872925356032
201956701514104832
201707633839845376
201702988824322048
201682200792539137
201670014951108608
201639336456880128
201636927005405184
201635544910925826
201265613916741632
200983543483076610
200975370776870912
200968739443851267
200862938775568384
200574547823570945
200566720694452224
200557235817025537
200556139031707649
200360005428453376
200272247187980288
199785963382259712
199559786457612289
199492037177917440
198738220874346496
198737045051543553
198733506707324929
198733316755697664
198733089273413632
198494141821370368
198426037355425794
198343281090899968
198329515175448577
198329195653382144
198327741530120192
198126633557823488
198125601025044480
198124085048393728
198067633009070080
197975319410515969
197973898141245441
197686044735447041
197683881930002432
197683662018453504
197683309684342785
197679593644240896
197627815057825792
197600115731607552
197427751974739968
197415228961599488
197414415765733376
197412630648987648
197408126079746049
197320380946448384
197320039328780289
197319821757661184
197316400430325760
197315924271968257
197313654524354560
197312445956628481
197312339484225537
197312291673346048
197062554986614784
197024326866837504
196972249025232896
196971569321480192
196971218082086914
196968606720983040
196960152627318786
196871440820219904
196718635685912576
196718230881050624
196675107555512323
196672061308022787
196671463942660096
196618443435409408
196613356533190657
196610407241220097
196607825546461186
196604821996965888
196356391114518528
196343521031106560
195940294125027328
195929123531665413
195912078895226881
195524099374710787
195487241932509184
195486985782169601
195486416560599040
195471493247926272
195123303998963712
195110023284785153
195066913615921154
195065192802041856
194901773562019842
194898814438612994
194891945997381632
194890281844350977
194756249487806466
194564707246551040
194558823783075840
194460758577389568
194459840645578752
194100853731377152
194099286038945795
194074201651552257
193766593149403138
193683989549162497
193670455763271680
193656308002598912
193651610101096449
193633348663517184
193409609971666944
193409020063784960
193336198230589440
193327799505915904
193092501966553088
192918703866773504
192679613372174336
192613775008993281
192518488953339904
192515278142320641
192205055804456961
192203073651867648
192201147740725248
192200174989344768
192198977100324864
192003462593130496
192002940767174657
191859039003619328
191828825263456256
191227006703251456
191142732004212736
190832573231013890
190827666495115265
190827298218450944
190827197764878336
190826907804237826
190824789764608001
190823010754772993
190821333502922752
190802910886633472
190793880562700288
190735133203116032
190734723067285504
190549825475977216
190504280439001088
190494594264334337
190494546638028801
190494512316030977
190493086995054592
190439865270272001
190424750634450944
190420860207767552
190419624918126592
190408475296284672
190407316955348992
190341943350403073
190199101814611969
190197217670336512
190024281177075714
190023580292104192
189727096510226432
189725357765701632
189719152108376065
189687696673878016
189679728490328065
189678393422389248
189676179844907008
189672790004211712
189486323713847298
189448324057796609
189442910582874113
189422013771816961
189414284273524736
189341557223194625
189312350300549121
189068667835785217
189044324313464832
189044218486984704
189043497985249280
189032263990788097
188925911746347008
188628107828281344
188624631056437250
188624548466397184
188015145656651776
188014400433688576
187918515825684480
187911234929172480
187841283241414656
187841138105921536
187802298158809088
187632781751353344
187631744080560128
187560656881451009
187531710618013696
187236013897285632
187235848431992832
187180442645049344
187129688001490944
187127979686629376
187112448292167680
187110667260661760
187102604298420224
186887209536847872
186879591107923968
186878707540041728
186877754959085568
186876618474668032
186851475044052992
186851223369035777
186848597378207745
186834550788333569
186781602993549312
186733163945537536
186728945633341441
186728256072982528
186727061937852416
186726825949528064
186726662187134976
186725212803444737
186574541294809090
186568803554045952
186553558576005120
186536558063652864
186529785130926082
186504307603025921
186483994601336832
186427205495177217
186390575392632833
186100482605985792
186091222358691840
186057651245944832
186056518427357184
185816652422717440
185779101745950720
185735318652194816
185731696333819904
185650685998661632
185650306313490432
185637789088481280
185624605753487362
185514468913057794
185511269254696960
185459582292856833
185445331482312704
185445029823778816
185443921978064896
185404880582742016
185367524567826433
185367139123871746
185363199871287297
185361763028570113
185328006758273024
185324647343063040
185322171428638722
185320818799165440
185319327707303936
185051712409702400
184917741944311808
184759547926294528
184756979191906304
184713665902157824
184621727257591809
184547249458642944
184546844020453376
184408880699285504
184371926158934018
184338988574834688
184330170272989184
184328921519636481
184326428232396803
184323489640087554
184322245630492675
184321019572535297
184319587536482304
184316413979279360
184315011529850880
184229278739734530
184056555304534016
183962902099804160
183896665181265922
183846229258670080
183297969364275200
183262890432802817
183255339335041024
183254712441774080
183254097825239041
183253874675695616
183223098848448512
183222494226952192
183047459164004352
182991378240897024
182987046166597633
182925645066674176
182925202412417024
182924151244324865
182906118627012609
182903707019640833
182903536676388864
182856826105245696
182853931821568000
182727425417949185
182700105349079040
182627272057032704
182556152452755458
182541516487659523
182509161957949440
182490977087393792
182208338350714880
182133998095568896
181949582262013953
181809400200179712
181803768449474561
181801579672907776
181790752811139072
181788508430667776
181788276645044224
181785221761466368
181610324728889344
181518363099533313
181517224664772608
181465471827185666
181231551219105793
181197282027384832
181191004857184258
181130039130206209
181108217991020544
181052050472321024
180782288148246529
180723919471378433
180670244489150464
180326088126382080
180325249915699201
180085011284901889
180012809445310465
179964309449883649
179790734847774721
179789805922697216
179787914392252416
179787635093553152
179785784746983424
179778887386009600
179771119644053504
179635818841903104
179631169929879553
179589421555912705
179574462281289728
179569436834017281
179566909279305728
179566159853654016
179374518538731521
179344845649879040
179250986018283520
179250484165615617
179243545071321088
179243125045342208
179239579193311233
179238913708261376
179237670910836737
179237046030839808
179236410124025856
179015961184182272
178550636625920001
178546659104522244
178546180769320961
178543574223294464
178541148191731712
178539738775560193
178534535716290560
178316374886719488
178234272266731520
178229460011712513
178221687303712770
177968074065051648
177957569904652289
177955616852148226
177903380772036609
177867890677133312
177867774855622657
177865210344902656
177864394871545857
177805811739930624
177620107667841024
177617452652441600
177616748168740864
177616097338589185
177571905459597313
177231821623394304
177155727197089794
177151993440239616
177149520134684672
177148844650405888
176877368839913474
176800062419116032
176793382067245057
176775529037443072
176762019494641664
176666441238581249
176634478817574912
176627737514086400
176557267087396864
176480368285843456
176413070309064704
176263113711173632
176222049012940801
176045459167641600
176044035671212032
176034491893161985
176033172151218176
176032406124494848
176031106477461504
176028405417000960
175707543740497921
175539656845307904
175426230647132162
175143094738632705
174978569842327552
174973115636531200
174946501225742336
174944691769446400
174595524857561089
174464175823781888
174463866686803968
174462014155001857
174443824083505152
174441496580337664
174440389544128512
174440117803556864
174439939226869760
174056053493866496
173834077076594688
173833206678818816
173782069049180160
173717123120627712
172990650642464769
172990505427279872
172986563649736704
172986361001934848
172981739877175296
172980170523803648
172979983977943040
172463400897626112
172425615625027584
172389419033169921
172352930396119040
172342539477712899
172312397594374144
172123299353079808
172104433856028673
172103162600235009
172082972051259392
172079724426825728
172079571884187648
172059143736262657
172052787801227264
172039487231229953
171946908858859521
171620892424683520
171620628716195840
171579213999124480
171578135316398081
171552756446928897
171366276286001152
171364671503339520
171359090675687424
171311780218408963
171290443873660928
171230112535154689
171229200081108992
171211567424221184
171210693402574848
171208938958753792
171207360591839233
170972350731403264
170961746935291905
170944395137396736
170906982486773760
170905578279931906
170904973046071297
170903822779166720
170903414375579650
170902468497129472
170836811248173057
170561551177224192
170527835029635074
170526321825415168
170526087368015873
170509403164913664
170434947725787136
170293766035488768
170291383947636737
170287824870973440
170287386046107648
170181049295454208
170175760299069440
169870388984152064
169840527456473088
169618538217209856
169499667271385089
169498554732253184
169484888561553408
169484752691281920
169484358716096512
169483010234785792
169480549621178369
169479448788353024
169450200732147712
169201197679517696
169198530391580673
169174424984096768
169112888521396226
169112798138335232
169109735264628736
168929262504652800
168906069685444608
168790054339223552
168691217490657280
168523286899195904
168450897322586113
168406917570498560
168391832554831873
168389733469257728
168217549136330752
167980088594407424
167970501350801411
167949851630387200
167733853996318721
167733147025408000
167609370291617793
167607296795488257
167606092015210496
167593338583781376
167592930528333825
167592613086625795
167584509699702784
167582881546379264
167582627778396160
167406133395468288
167400871813054464
166936558153379840
166935418791669760
166842978139246592
166454451517931520
166449859161886723
166435215089205248
166257475782324224
166191053446197248
166175643099344897
165835694374260736
165791521403174912
165772070456786944
165763321356746752
165762560119939072
165761673611837440
165760824332386304
165585477594910721
165500306417917952
165497394463649793
165496492575047680
165484952744493056
165477542847979520
165477065116758018
165415195097833473
165390576232050691
165389676222484480
165371418731749376
165094800406757379
165094611021340672
165040435289538561
165035630059991042
165034539104739328
164775248829480960
164770235667324930
164748056116465664
164693189310156801
164692761654730753
164332877264326656
164113204149096449
164055698018279425
164038973113630720
164037445460037634
162963920980680704
162963856551981056
162904496693981184
162902795693985793
162670382623625216
162661798280040449
162620661032943616
162500186827014145
162470496590495744
162469925108203520
162467529049120768
162467316108505088
162465864006901760
162212143855448065
162167933647339520
162167492071010305
161990583177576448
161990368060116995
161964373689106432
161943948418490368
161905329163091968
161883284907900928
161878465166049280
161863501776822272
161863219625988096
161845181707071488
161838906545942528
161837186084384768
161833045387776000
161832980044709888
161795086269693953
161784681128398848
161520055761387520
161515294332948481
161507391593123840
161436376309579777
161435163585294336
161386018715615232
161385819809136640
161381268125270016
161379236723163136
161244208064241664
161232883317620738
161188021406928896
161140245226721280
161119391528919042
161118105886662656
161064963421642752
161060242296291328
161059868613160960
161058352489709568
160817784283070464
160789146913357825
160786202964930560
160705339057127425
160703742105223168
160498165827645440
160497522895360000
160439453658263552
160409934138318851
160389111948128257
160387739731234817
160332783326208000
160059607648186369
159939159090401280
159921600249081856
159773342969241600
159730873971916800
159729876822274048
159728534238142464
159696777669382144
159695696327479296
159694681926672384
159636546478292993
159625763526688768
159625635222929408
159612872119435264
159612505239461888
159597130808442880
159592274852986880
159591340936663040
159262397146734593
159256678372605953
159255743361585152
159254903959732224
159227774471651328
159218545992024064
159211187756728320
159210797183139841
159208843602173952
158898188043030528
158893459548291072
158869736472576000
158865298550820866
158528101326917632
158526641839149056
158524117774106624
158518493615104000
158219432559255554
157781838943883265
157776671531991040
157554721249439744
157493492589932544
157447817126883328
157446462328930304
157223400140582913
157220574781911041
157217535496957952
157115438810136576
157114243353821184
157024322626662400
157013561653211136
156790104558551040
156784216393261057
156783824989200384
156780039663394816
156778443613290496
156777502604406785
156776419584786432
156775516827959298
156740843351449601
156609271679819776
156600725294682113
156362352604889088
156361437416140800
156336700895920128
156277916412547072
156209869597310977
156164167236206594
156089943704346624
156022095250329600
155843574141960192
155728534638313472
155605627761213441
155604978684280832
155566961454096384
155558289059487744
155459945423323136
155357215690194945
155331721502523392
155260461418414081
155135694619160576
155059233426120704
154873272654241792
154872188565061632
154528940969562112
154468444811706368
154468306005397505
154367569602686976
154360664096387072
153879538252783617
153870379939663873
153870103413395456
153862568824410113
153862320626466816
153855304843530241
153812842011828224
153798439510097921
153797550674161664
153795863418904576
153597636308516864
153595640520261632
153567654920196096
153554521358995456
153551922769571840
153550721965506560
153549406606606336
153481501055524864
153474136067407872
153453790366932992
153451717588041728
153205707745923072
153193942463160320
153182601123864577
153147777117982720
153147345339559936
153088247361323009
153088097603698690
152832992572751873
152805563300970496
152789768030273536
152749389989945345
152748962254827520
152747824264650752
152746638773985280
152731209233997825
152702489899184128
152698844688293889
152106466797563905
152102006650183680
152099706288349184
152099558883725312
152092519235190784
152076595975290881
152071415431049216
152071185893572609
152060827661385728
150591726657085440
150580646543233025
150534772945457153
150520063655546880
150519055630073856
150295467861880832
150291942775853056
150291028581154816
150194726270808066
150180607664726016
150169376472047616
150166016884867073
149820697303199745
149610015701991424
149548084697899008
149441921453006848
149440011274698752
149155619209887744
149151962812780545
149123883184828416
149118632046231553
149107356729491456
149092067803529216
149067068485009408
149066261215707136
148848310487220224
148845081070288896
148802763185340416
148802218160701440
148799714085715968
148796299381178368
148793935907659776
148760974768353280
148748306787475457
148746398978940928
148742477959004160
148741318217187328
148453884808003584
148453325581459456
148452824735432705
148434134203768833
148433939218968576
148381324741316608
148372179619287041
148363916932681728
148363834749497344
148359880351289344
148358722144583680
148358606671187968
148356571209023488
148356183198138368
148353175970258944
148138421716660225
148089262993195009
148049592712314880
148032450839314433
147835080092553216
147834669449220096
147805307769339904
147799596591104000
147779121584410624
147769485074513921
147769101832552449
147759930215104512
147758675027693568
147752428886966273
147701917047455745
147699705881690113
147385666966265856
147384962813919232
147375386404196352
147373759920209921
147323664298278913
147058845619978241
146994451452141569
146976926651777024
146902390426181632
146741086235275264
146716560847941632
146616749478002688
146614425103777793
146593981487255556
146582444429164545
146561422086770688
146554695194914816
146554482816335872
146545561422667776
146544122449240064
146368338614951936
146367876163584000
146364971817775105
146364368773332992
146358901133156352
146345259297812480
146344707449036800
146344397116669952
146344279151882241
146341888616697856
146340546074509312
146340271544737793
146337844619788288
146334430787674113
146329804461965313
146306435322613760
146280176286826496
146275203855552512
146205086048206848
145951179568971776
145911838922649600
145627608770555904
145627431573798913
145570306961063936
145569972977012736
145564588627337216
145490893900750849
145485716636434433
145289336194203650
145227585532608513
145204982386409472
145153707393286145
145114810256867328
145114376779730944
145113957726822400
145113125346213890
145111351067545601
144913340383244288
144883755499270144
144859739715678208
144751481483034624
144747965565771777
144680373148848129
144490823130681344
144429638477811713
144366687888752640
144357750284095488
144163304179372032
144083389186707457
144039984058478592
144029322552942593
144022585955450880
143758747725082625
143707746183811073
143707385192656898
143652988328751105
143648984018329600
143646780834316288
143421814645850112
143420434707251200
143002039499227136
142980381182926850
142980026361577472
142960891187560448
142936605445988352
142751317042003969
142710183536230403
142637451293376513
142628427659358209
142544498591928320
142535820224634880
142535145033961472
142349496028901376
142285267120828416
142280063495323649
142227629859274752
142219368498081793
142219284008009728
142199800354455553
142196587844730881
141927752914829312
141910444205027328
141905879304904704
141793491868057600
141560897461170176
141262784640987136
141260730409291776
141203662650343424
141153117109633025
141152693631729666
141136322113978369
141133528938188801
140935481377558528
140922259719204864
140901648145977346
140888191489163264
140885208705679361
140882921820131328
140882295799287809
140849966120837120
140838443184947200
140798495148867584
140429609152954371
140106603411156992
140067388598136833
140067019482603520
140065619746897920
140037138577244162
140034636062531585
140025973100904448
139871814204669952
139869438580244480
139788880227483648
139746681410424832
139675833634799616
139673220042330112
139672908564926464
139668082695208960
139667420938911745
139402396324478976
139401001538027521
139345575442255872
139263086614949888
139254283538403328
139061634202218496
139052489231183872
138682241151811586
138637913939394560
138637738638446592
138608998571196416
138388138564395008
138384446901592064
138339583141216256
138323025148903424
138322488705814528
138303285479211009
138289073457594368
138260843459649538
138260757363163136
138245808754655232
138244716893446144
137972817953169409
137960613543542786
137572523503124481
137571901156507648
137563580135505920
137562584634232833
137559078967853057
137558862751481856
137545429553381376
137499758783774721
137304679167168512
137207734381711361
137207608124780544
137202007189626880
137198411475718144
137196764011831296
137195680904134656
137100936924508160
136519867753963521
136507953351110656
136502494015660032
136501845836308481
136496200961634304
136414968168988672
136273766337617921
136237434718527488
136215638824853504
136154201041551360
136137615975006208
136128644329373697
136127746937065472
136126661765758977
136103184597925888
136070634076770306
136017498461061120
136012044557230080
135839792138170368
135829479288356864
135826267554578433
135818833217855488
135776733772259328
135771436991254531
135770328797413376
135769854300008448
135766416547786754
135671558478897152
135504075994316800
135441737991729152
135430597744140288
135375133006237696
135353037748305920
135332462334189568
135328280793456640
135327066496311296
135325280423247872
135324827169980416
135093377946492929
135050677352284160
135049858045317120
135048946539167745
135035561588162561
135001870757404672
134995164333748225
134984018650337283
134705054778277888
134691990657966080
134606801177018368
134555204958945282
134414761055105025
134399645907558400
134393721922924544
134381080148066304
134349485865316352
134297486754979841
134297402885681152
134292735837478912
134250257369411584
133981958056316929
133673387934498816
133669918892752897
133669579057664001
133577652572401664
133574767964983297
132905984518651904
132835404759044096
132566445996507137
132487126326583296
132476409342984192
132429786462162944
132247703957667840
132241024604061696
132156754841710592
132156753491144704
132111946886553601
132100966509068288
132093396465631232
132080095304237058
132077820779307008
131943533065158657
131876494325723136
131852120549888000
131531645965709312
131399859264696322
131336370768723968
131179822843039745
131036429705953281
131035337857314816
131035187562815489
131005461473402882
130747640089554944
130653152742608896
130652859959222272
130646092818812928
130643942705344512
130633532920967168
130610681924943872
130283619729158144
130273135252611072
130255197632081920
130031157910843393
129896747752366080
129895099126644736
129854821078532097
129854043555237888
129673576805699586
129632610468110336
129329029043068928
129208729068507136
129207969207431169
129179526348554240
129106007338135552
129079464394096640
128892907255119872
128543598089216000
128459998182375424
128443611619655682
128440149070708737
128200863050235904
128171421531779074
127860353865490432
127859640145940481
127808825683226624
127753735035289600
127751931014807553
127726059205574656
127440273591640064
127431948451844096
127125720316121089
127123388773842944
127108831812665344
127058556313812992
127033942451830786
126972913013370880
126969601639727105
126956197654962176
126953335008927744
126713227810840576
126650918811873280
126573858168897536
126445317167128576
126436135940526080
126329575155318784
126302900623388672
126302555507662848
126300141706678273
126290825356386304
126255000270811136
126229453809516544
126211896272617472
125970474957148161
125946857858932737
125884502399651841
125640457081462784
125622509470093312
125621813890916352
125531043104174080
125522002206408704
125507982493622272
125182774985506816
125179503893946368
125152801079820288
125151848205254657
125008822749237248
125008628997566464
124955244026281985
124938206146854912
124867805949599744
124803417104322560
124787076293083137
124780010249797632
124779646133862400
124775765765136384
124775312302145536
124771467132018690
124769406172676096
124766853317931008
124766613328236545
124766307123073024
124764646400999424
124764199275606016
124759690595930112
124758653554278400
124615442881978368
124607315709140992
124578677206953984
124578555840569346
124570068599324674
124564129091567617
124563690224750593
124549134635122688
124547474722533377
124545726272376832
124543337096159232
124486099715371010
124482865353334784
124482778229260288
124476287548006400
124443052826824705
124408676898443264
124399766674223104
124399232055656448
124164764711653376
124160104223354880
124159170743255040
124141745930907650
123809608430137344
123776372157067264
123721516243357696
123720453914243072
123705781014114305
123705412137656321
123690881642536960
123466969247784961
123457029779111936
123413547295322112
123405073635217408
123404837047119872
123404672051589120
123318321268531200
123121544292605953
123104387819245568
123093982824759296
123091916500901889
123083588202795008
123082449327624192
122982750780260352
122702859828604930
122669126547275777
122635666621333505
122616576028581888
122453996890894336
122423655237033984
122413228671250432
122382129169567744
122352455072747520
122289534825275393
122003115833696256
121988542594428929
121933831522623488
121929133390434304
121723587412504578
121259790533005313
121258838371479554
120948782010605568
120892937910497280
120860689014333440
120860263867092992
120556947752759299
120172331514605568
120095012838064128
120087563443777537
119777950789939201
119777766718717952
119775145421307906
119764715844026368
119764011951722496
119739960403308545
119399120187310083
119340751313317888
118756996055973889
118752136032043009
118612784173940736
118285319446609920
118267709657063425
117964338597330944
117698026809720832
117671565105168384
117671174552551425
117670657269039105
117560310465953792
117452549392580608
117259909443231744
117258548760674304
117193476008980480
116984909217800192
116868054708793345
116867286442328065
116853872957468672
116810868309757953
116803000630128640
116592445805961216
116583966991073281
116299129906405376
116272293965086722
116210736073674752
116203535674257408
115862655750766593
115757117050327040
114766736598896640
114739021778919424
114738200475471872
114700704370786305
114627932491743232
114417369488699393
114400895294377984
114020357521936385
114017368811909122
113670278302793728
113646896978993154
113646155270864897
113576102806564864
113549643434033153
113359505663864834
113349101252390912
113281992354836480
113279334952861696
113279130522484737
113272706090274816
113271770081017858
113243044098224128
113237452579274752
113175511219445760
112964422485544962
112913537701122048
112556269289738241
112214938407284736
112213194742824960
112212825555996673
111937787963510786
111930006023839744
111835644938027009
111508853614587904
111480430418604032
111375766880657408
111074386102075393
111002157637046272
111001361042259968
110788669719322625
110768736100827137
110655087143161857
110652741650628608
110651227116814336
110646124104265729
110629416618565634
110624889521713153
110280209462333441
110280025181396992
110279785787301888
110040729358839808
109969275082649601
109656551974903809
109623221908807680
109619721787277313
109602064228827136
109601816173477889
109599913960157184
109598383357956097
109384343541133312
109315706176278528
109191521110200320
109005761459400704
108983543228674048
108978706285989888
