398133870060896256
398132890397327360
397889416481345536
397887833009971200
397887270184693760
397876814976397313
397860873571536896
397850623636295680
397849900857061376
397848649352237056
397847918637375488
397847112177549312
397424918133895168
397377444438876160
397210683483246592
397025392478781440
396798752981532672
396798534177267712
396798499821715458
396736521312952320
396729131213524992
396707944911601664
396423726134476800
396422201337192448
396418482012979200
396415947437006849
396387234980847616
396378349372968960
396326399507570688
396324686625120256
396319974072918016
396319898999074817
396300745105870848
396294045032390656
396291289626337280
396284874438365184
396284198450757633
396283721721974784
396280886846443520
396280724573020161
396279665259606017
396272698298736640
396059162016514048
396058783803527168
396055294004166657
396035527155019776
396034856976519168
396034818019827712
396034743977795585
396033559108263937
396033366807433217
396031934549086210
396031837568380928
396031310164000768
396031157919170560
396031081423454208
396031011336634368
396000609741979648
395993117951655936
395977187603402753
395977020573614080
395976696735600640
395976415947927552
395976125102305280
395976027324686336
395973173503463424
395948780882649088
395938899408605184
395938329855660033
395938133822275585
395937986199560193
395937884756123649
395937798034694145
395884633507627008
395775423021592576
395708062373146624
395702970689789952
395702742314143744
395702554094739456
395702495672299520
395702293070630912
395701350358867968
395701201813372928
395700931901521920
395700618410885120
395700578363670529
395700296984563712
395700123520741376
395699353303916544
395375485443534848
395328900869279744
395311884959637505
395311305009029121
395311112234618880
395308311412633601
395173319517147136
395172466928394240
395172231682486273
394874876214796288
394874656932380672
394697460406173696
394678514168758272
394677887959175168
394677799086088192
394636506272235520
394636177736605696
394635819492724736
394635612071788544
394618677305147392
394574217657978880
394207345276104704
394204530407374848
393876228374945792
393873082710257664
393840531211821056
393821699826659328
393795209294655489
393792542409379840
393792431826554880
393788238239784960
393782742640361472
393781422835503105
393747859050221570
393747802246762496
393746598615715842
393729405417435136
393472157340028928
393468057932156928
393465818958143488
393462982987898880
393462886430814208
393404326854410240
393381990554025984
393370008535191552
393369503893291008
393367628292837376
393367204059955200
393366983393439744
393110175239774209
393092560098299904
393092312714072064
393084799499259905
393080297161359360
393078301066928128
393074705751498752
393067948459307008
393067901730562048
393002818010750976
392997048284622848
392992278228500480
392991226250948608
392991153613983744
392991093161492480
392990411721310209
392990061345910784
392989906181849088
392988542470979584
392987633062010880
392982712799465472
392982564153344001
392981051553112064
392973558248669186
392973114424168448
392969073031929856
392968034367074304
392776163581362176
392774853570203648
392769557707759616
392768123411390465
392758530710573056
392758423827148800
392754805682106368
392700363071315968
392696349755711489
392612997417689088
392525617029468160
392437759904059392
392425851083825152
392422361972367361
392417340992004096
392408608937238529
392379881281294336
392366219052863489
392365376127791104
392357595744178177
392357414902575104
392356094841847808
392355909407473664
392355653009698816
392354681407537153
392354589933969408
392354419368419329
392354262702772224
392354068087070720
392353910850994176
392353792210898945
392353676687192064
392353565143871489
392353471900295168
392353376165302272
392353175149105152
392339828127195138
392339716751638528
392279036585869312
392278912740638721
392278728807837696
392033722960457728
391971636145958912
391957535197908992
391951642897039360
391944270069784576
391944178923364352
391943971506618371
391943899687555072
391943829709795330
391942808812003328
391942217327079424
391942128294588417
391942006412296192
391939248179265537
391939092155363329
391938070397726720
391937901811875841
391937789542924288
391937692155408384
391937509728329728
391937314269577217
391935152906981377
391261141533343744
391242391404826625
391242265114341377
391219361165217792
391218903696687104
391218132947189761
390976438645448705
390919960404324352
390911897953787904
390908248775081984
390908029685612544
390905518312550400
390905141496279040
390904726448914433
390891391024627713
390891328332386305
390888668128632832
390888106893000704
390844887006208000
390596241186652162
390595820166610944
390556197717573632
390550385666301952
390535891346665472
390480315786858496
390448266627661824
390447098140704768
390432487593099265
390431541064499200
390424252966383617
390419214319616000
390418820382199808
390418760844472320
390206816187326464
390079824787943424
389736405477646336
389503140888059904
389464835618250752
389183879590211584
389081237673226240
389024125525573632
388975018581168129
388781157401128960
388761796808425472
388761577848967168
388753761859928064
388726780762140672
388725968933646336
388720880949272576
388716521003810816
388716256750104576
388715510906376193
388707726173302784
388704134070669312
388701286368960512
388698918399143936
388698650198540288
388698414650650624
388698058227081216
388697431505776640
388696466039926784
388695644979748864
388688774336495617
388683663933587456
388674465321996288
388673668479717377
388550266800590848
388339226124644352
388338613873696768
388337842314702848
388337723641036801
388337558733611008
388245183508140032
388223075751587840
388108341710311424
388084082548408320
388074743489757184
388073812203290624
388072723114508288
388072289515753472
388071968148160512
388071693207351296
388071307268476928
388070258969296896
388058243463131136
388000027722784768
387999776681099264
387984632773226496
387963157961928704
387951431002505216
387949235045273600
387941840759951360
387940336477020160
387938653311217664
387932116387774465
387923267324895232
387922284935012352
387917435921117185
387916374393114624
387916216548864000
387915708794810368
387914353036361728
387914232676630528
387913473243365376
387913077473042432
387911588818464769
387910434214674432
387908318691594240
387908261527429120
387908145924034560
387720896724889600
387691528686419968
387641864355999744
387629189987565569
387627529164824576
387627474810839041
387622004654108672
387588513530535937
387437544893579264
387365588487516160
387307616247873536
387305465748533249
387278738414522368
387278511624314880
387275639562063872
387256349676937216
387252759860228096
387252531056766976
387252071746920448
387251792896983041
387219162818306048
387199687889289216
387194502550925312
386843663680413696
386657654955077632
386603779774492672
386598433714610176
386598203346661377
386569490412343296
386567418782699520
386565944119947264
386535952530685952
386499851006914560
386499775563956224
386499686669893634
386499581044727808
386492476275445762
386487380045074432
386487059407323136
386484271080161280
386483852555730944
386483262299709440
386480730265509888
386479851617542145
386477132781592576
386477043904294913
386476808054386691
386325947336900608
386179368994611200
386158717198036992
386152147055702016
386144093468123136
386143965776719872
386143830661427200
386143256205348864
386142428954365952
386141881480257537
386141792871411713
386141495692378112
386141108386144256
385924581539991552
385923433311522816
385883783767277568
385841130187030528
385763683390849024
385763546341965824
385763271778635776
385762921214509056
385757793912762368
385757760333172736
385757624798441472
385757467935649794
385757124321501184
385755119330922496
385754963634171906
385753103888175104
385752186468069376
385751987402194944
385751579799724032
383274289241157632
383272313669427200
377924350068150272
377691343101124608
377573447137636352
377569392067743744
377538620040957952
377496318471462912
377464601434009600
377434083782975488
377415885759074304
377414780446732290
377414067981279232
377413946921082880
377413841241387008
377412633432846336
377411447535304704
377410681613479936
377409680642818048
377400015326830593
377399317646303232
377396207330791425
377385440409821184
377164749005283328
377164710426062848
376809299521327104
376710659238404097
376431077046632448
376343144021102592
376074009281974273
376051228091772929
376051173167341569
375982125306380289
375977306101383168
375976889741242368
375919409090793474
375915919811571712
375757266814652416
375756903042646016
375715899388358656
375715585130110976
375715364098691072
375703276785639426
375694511311028224
375694222726152192
375694146838609923
375694067281055744
375693570000171008
375692820696145920
375692229211201536
375684272193282048
375683890603495424
375663805369307136
375629445702225920
375628399802216449
375628189948575745
375622347518005248
375621986686205952
375615887241277441
375609632909037568
375608428795686913
375606748838514689
375606489265606656
375600252570460161
375600155833032704
375600023691472896
375599604592410624
375597267623116800
375595985864781824
375594054056443904
375412956185374720
375411545154387968
375411376958619650
375411151015645184
375409621113896960
375409120347578368
375408852373475328
375406372843577345
375402851675029504
375402514121646080
375402438074699776
375402338061524993
375402016954019842
375383504055316480
375375388358086656
375375338475229184
375375257315450880
375375203225718784
375375133638004737
375370821058842624
375370542695464960
375370382913449984
375370252026003457
375370083997990912
375369922903162880
375369693973839873
375356088922947584
375258768398761987
375258611657617409
375257196784664576
375257128807563264
375256820610121728
375256372847206400
375256208317218817
375256061533356034
375255009610317824
375254866429362177
375254043683061760
375253662244667392
375253208660054016
375252200936570880
375251518259081216
375251100619653120
375250427345784833
375249450173607936
375242681170935808
375242312214786048
375227549309493248
375220314353176576
375216115053756416
375214771572060160
375214556408479744
375035838762979328
375035184820654080
375035008211103744
375034518593224704
375032959998242816
375032877349482496
375032770034020352
375031204514238464
375030928399028226
375030801705873408
375029593922494464
375029507557576705
375028892320284673
375028507685814272
375021707121393664
375018129812119552
375017001913438208
374956823029112832
374951577523453952
374951273461579776
374950040298455041
374945419773501440
374944261373833216
374939480974557185
374935502110994432
374890968580775936
374859746794156032
374859125915525120
374858930280599552
374850623327318016
374666674575654913
374665264651976705
374662932514091008
374662777979158529
374644290871250944
374592190577524736
374589437549608960
374588849151684609
374585685870530560
374583549577277440
374582781340155904
374578873507123200
374578617478438912
374575077922070529
374572895302737920
374548619346456576
374545546360258560
374540580438544384
374540534129254400
374540299596337152
374538355632898048
374538239391973376
374538208337354753
374538161440825344
374536860699066368
374536671133310976
374536272640888832
374536103266500608
374535886425186304
374535363257044992
374518122222338050
374517101282607104
374516067680272384
374514474050265088
374514327828430849
374514254948229120
374514091919831042
374512916197675008
374512675977326592
374511190904295424
374511049380085760
374510846992322560
374510572416430081
374509982269452288
374509859846107136
374507295738044416
374507259809648642
374507146202722306
374506848633618432
374506495976554496
374505518938595328
374505408095723520
373850663236960256
373850602281115648
373840331747639296
373808764379361280
373773530262810627
373586796409417728
373584737522036736
373569678989201408
373563550242836480
373552468623237120
373550922976083968
373546910964924416
373496323317563392
373494479686082560
373486126360571905
373466899872374784
373463155436830720
373461317098553345
373453377041989636
373453279646081025
373453084673847297
373451950055899136
373450668104617984
373449986802843648
373449791612526592
373448768009408513
373448739639144449
373447621739696128
373447526470279169
373447303631089664
373447250245976064
373447161096065025
373447054124531712
373445981515177985
373445950120792064
373445922987855872
373445885360746496
373445852724862977
373444567225225216
373444232972754945
373426678392840194
373424529944506368
373412094642618368
373408098741805056
373398163530317825
373247332747186176
373247054169915393
373225760154071041
373216397951647744
373213019368878080
373212774027235328
373121941541883904
373116447540514816
373056150393982976
373055146751574018
373037471493525504
373037382607835136
372783371677491200
372775446930141184
372774279227506688
372774179663134720
372773971571126275
372773692779945984
372773566971789312
372772163842871296
372770847607357440
372720517851402240
372718460083920897
372677319900405760
372674217109504000
372672588809375744
372671337744982017
372669006915710976
372667625471369216
372665688680198144
372665487877877760
372665311809388544
372665226287521793
372660716324392960
372655100545617920
372655000943480832
372654734445776896
372651189131046913
372650161014861824
372473909100044288
372473209603371009
372473088480276480
372428059057455104
372381030948171777
372380813519634432
372380213121798144
372380017289744384
372379678478049280
372379490904592384
372379192970575873
372378931698991105
372378714203361280
372378522867597312
372377993869393920
372377802395230209
372376984132661248
372375435314593792
372374283315445760
372373874144325632
372373202464292866
372373024525131777
372372878307495937
372372663114555395
372372397199876096
372372010204012544
372371630216863746
372371157954994176
372370798570266625
372360015069200385
372359571639001088
372359531310768129
372356719499689984
372355942437761024
372355338340552704
372355298029080576
372353150801301505
372350044579434496
372346294737457152
372346011374452738
372343997353562112
372341714708471809
372341316857769984
372339922478198784
372336165220667392
372332573399072769
372332462581354496
372330190724022272
372105085062361090
372102660645584896
372102117407744000
372101098430930944
372100351907729408
372076659400118272
372062862488788993
372022306107031552
372007798923476992
371959738361446401
371953862250598401
371947804111151104
371947117574881280
371946390563598336
371945793521209344
371763936783110144
371750972424351744
371748566307323904
371744665994661888
371730038556598272
371729984630423552
371728582285873152
371728045238788096
371727205593665536
371627576516542465
371627102564388865
371615800312233984
371607657422917634
371404527166971906
371404432702861312
371404325936832512
371364082676277248
371363386044334081
371359300653817856
371359207208939521
371357162347315200
371313221820375042
371313179294310400
371312795297406977
371284011655499776
371246434668261376
371011992581984257
371001575868989440
371000552974729216
370999127767011329
370998318832553985
370980166874316800
370980120187531264
370979935512322048
370977978035216384
370975522768965632
370975319244550144
370973510287384577
370973349419048960
370973205206274048
370972970023280640
370972710026760192
370971991001399296
370969055647121408
370969010055032832
370966121844707328
370965811629793280
370964901386137600
370955786559561729
370941819296571392
370941775721934848
370938367623434241
370938145845440512
370937758048481280
370937072506241025
370936982077075456
370935782770343936
370934693249568768
370933622406004736
370932105775034368
370931495830949888
370931263911108609
370929079676989440
370923561457709056
370922683573075968
370922504795062273
370922405939527680
370922206131277824
370921980003762176
370921873267109889
370921787166445568
370921622032486401
370921384928497666
370921171077709824
370920984615735297
370920861810708480
370920750250598401
370920650669441026
370920378127749123
370910056536997890
370900674550063104
370868225124216832
370867517712912384
370865003898740736
370863273387622402
370862362426757120
370696369171738625
370691805014016000
370690397351063553
370683892367241216
370670794138845184
370655142896353280
370634050953699328
370633783243841536
370631160927244288
370615846520881152
370610734842933248
370608865693270016
370608731261657088
370608409269129216
370607774087929856
370599906362159104
370593925163020288
370593559155453952
370593411541135360
370593328783314944
370592832567775232
370592480359481344
370592296032407553
370581443803488256
370579140404985856
370574759689330688
370574569838354432
370564385271332865
370556068914425856
370535731342503936
370534156666548224
370517595080122368
370516969533218816
370342565104467968
370328171108765696
370328005454749696
370322200894533632
370320013288161280
370314977988456449
370314275081818112
370313822138941440
370313417753513984
370313296278081537
370313071807315968
370312950151512065
370312754688557056
370312717791289345
370312422352908288
370304207976267777
370286326861418497
370279501868986368
370261502323720192
370255277443911680
370250577889873920
370249072549982209
370245921549737984
370245278256746496
370245173369769984
370244061652742144
370243314479403008
370243239422345216
370242901516632066
370242587925303296
370239663916580866
370239207978962944
370237917697802240
370237792892104704
370234955818754048
370233356610306048
370232968771403776
370221340805984256
370198054231494656
370197846881878016
370197321033588736
370197131333615617
370196908557348865
370195153023016960
370194188681220096
370193939183063040
370191210284974081
370167428011270144
370166110764945408
370165191474176000
370163522413805568
370162052146688000
370161174849286144
370160758862393344
370160178718855168
370159847985381376
369951314047807488
369950480115318784
369949060821569537
369946430347018240
369881451338006528
369862176011329537
369848613528027136
369826763217457153
369817674420740096
369805298111746048
369805162254061568
369804983836749824
369804575567396864
369804558614024193
369803424105127936
369803312628916224
369803168923664384
369803070944727041
369799003032289280
369796709658144768
369792670337871872
369790600780201984
369787908234162176
369777565860651008
369768965591302144
369558949571207169
369558787645906944
369556083880112128
369555373792833536
369554754386423809
369554564006952960
369554259831832576
369553818293243905
369553318315438080
369553049313763329
369552930598187008
369552634501283840
369552348135161856
369551825990467584
369551672101441536
369551167069495296
369551055937228800
369549134581080065
369549032894386177
369546383046365185
369542990923972608
369539410447982592
369539061750317057
369538821198594049
369432387916034048
369425768155074560
369407018961870848
369404700321251328
369403088508973057
369378751903039489
369184589664620545
369182996076564481
369073753033961472
369073599350468608
369073440822525952
369073353249665024
369063628055396352
369057689210322945
369057567160299520
369057539222032384
369052501787426816
369050714384777216
369049844251246592
369049402863652864
369048805007585280
369047501824737280
369047151902326784
369046938944937986
369046414099111936
369046147098099713
369046025647837184
369045618829709312
369045464575795200
369045318987313152
369044635454164992
369044479497342977
369044209992359937
369044037111533568
369043905141956609
369043365687357440
369042874576302080
369042746998140929
369039873652445184
369039677610659840
369038775768211456
369038039969853440
369037873007194112
369036608927846400
368862580606914560
368858151648370688
368851438224437249
368846461384937472
368838625678483457
368837298843959296
368836636659826688
368836607240986624
368817296216555520
368811206372380672
368810973819187200
368795897011769344
368795771291709440
368795345636954112
368795086261190656
368794937283727360
368793547786305537
368793259490820096
368793141324685312
368792742135996416
368792654110154752
368792469799841792
368792385242677250
368780921568100353
368780074306117633
368779088011354112
368777127014834176
368774815257088001
368479715490660353
368455092434771968
368454601298542593
368453836236521473
368453505247240192
368453298971361281
368453159250706432
368453059002630144
368452740583661568
368452042827644929
368451996170194944
368451969314078720
368451620155047936
368451258257911808
368450892640423936
368450302531207168
368450275385700352
368449475301224448
368448806750146560
368448620078452736
368448513186619392
368448140606590976
368447923509424128
368447855666548736
368447543115382784
368442001408004096
368433641723920384
368433534274240514
368433419534876672
368432330873921536
368429903634366464
368429177638100992
368424025137369088
368419812193894400
368419230179676161
368418865241276417
368142010244284416
367972081272889344
367966744977367040
367763292208369664
367732371803500544
367731690631737344
367666522077933568
367664803663208448
367621883748818944
367621322567733248
367620509430603776
367336605469519872
367326567732477952
367324143013740544
367323992777957377
367323877396840448
367323105988837377
367322811179601920
367322293803810818
367322030623825922
367321672186990592
367321180329361409
367072666491953152
367072014374150144
367071754323099648
366877004194250753
366868549802803200
366866974946492421
366865823584882688
366660127044009985
366658420578848769
366658142391631872
366657789172527104
366657597190832129
366559351726555136
366548495143927809
366546898745704448
366546824032550914
366355062714404864
365914594708963328
365847288410685441
365846267332530177
365844580865810432
365843173844590594
365842779621953537
365841746959155201
365828535631351808
365815065502429186
365813728727400448
365813680736190464
365626026581176322
365625122196946944
365583460007550980
365582970221899777
365572779816390657
365571907740901377
365561612284854272
365559746125770752
365558575994646529
365551886885072896
365551453043032064
365551315583119361
365526215282528257
365471763548737537
365471244029657088
365471040324894722
365469708033597440
365464401261764610
365464040920727555
365461517187022849
365461370369613825
365460161659289600
365460140553547777
365457772034265089
365457420534824961
365457343275732994
365457126522503170
365456872238616576
365456430767149056
365456274994888705
365455942940237825
365455902041575424
365455837688373248
365455473400496130
365454880820822017
365454837208449025
365454754563887104
365454670572949505
365454313507659776
365454136503832577
365453959793606656
365453759016484864
365453551427780608
365453524261273600
365453497530986496
365453469651439616
365453426169094145
365453102603698176
365453037935927300
365453022517657600
365452822407426048
365452795085725697
365452590441439232
365452524053999618
365452391346225153
365452257090732032
365451937090502656
365451837010223104
365451821772312576
365447674578739200
365259544022110208
365245775493595136
365225733167120384
365196283432013824
365177082214490113
365176881835806721
365176665615253507
365101838258798592
365096585954213888
365088788994723840
365088704135565312
365079285318426626
365058447177289729
365056977660936192
365055398979440641
365055185560678401
365042775604985859
364889590483517441
364869004856279041
364867814378577920
364865479308877825
364864884837597184
364864229997678592
364852018701008896
364851702228197378
364851642639716353
364850393177534464
364849169552248836
364849075306237953
364848564658122754
364848320910331904
364848076919291904
364835782197919744
364835736161226753
364835570305875968
364834219127611392
364833260104200192
364832056234086400
364830047175053312
364798715124391937
364781221617741827
364777947971850241
364777936475271168
364763864551800833
364705108459659264
364703195383083008
364703082401107968
364702948938366976
364702790880198656
364702702862741506
364702617470894080
364699360019234817
364698664683307008
364698494046441472
364698394196844545
364698289184063489
364698140776996865
364691337473302529
364691201619795969
364691054361976832
364690902008082434
364690256303362048
364690186208153601
364689999326756864
364689693859790848
364689378246791168
364686633183875072
364528208160358401
364498293851557888
364496295592853504
364494870905237506
364494754542661633
364494698070540288
364494563680854018
364494453043511296
364494288777789440
364494173602197504
364494085437919233
364493951530573824
364493222392762368
364492502096556034
364492391815712768
364492270742945792
364491513666863104
364491369231826944
364491053413310464
364490929773625344
364490263797833728
364490126593757184
364489954451128320
364489125438566400
364488721191550977
364486817589891072
364484806559543296
364484749789642753
364475143994605569
364474631073185792
364468650800971776
364467471182336000
364467113458548736
364465612182925314
364465430640869378
364464261919027200
364450660323831808
364450550001057792
364449696648937472
364449419594170369
364447904057917441
364442856926101506
364442601308434432
364441891288264705
364441816851951617
364441183214256129
364438191937306626
364435850269962242
364433922639147008
364431398657990656
364429401464643586
364429075797905408
364428775011794945
364428375080714240
364427415390404610
364421064182337536
364420723495809024
364420418175647744
364420304543563777
364420209286721536
364420081125556224
364419773653729280
364419566287327234
364419406262054912
364419239265841152
364413457140948992
364411956175704064
364411420294643712
364411280892755969
364402327924383746
364400227068813312
364400019077480449
364399440401928192
364398161076293633
364397485935964162
364397099376324608
364396587750924288
364396369345118208
364394057352495106
364392882884460545
364392502452682752
364391108240879618
364390453455491072
364387667896573953
364385939058982914
364385675820285953
364382733092397057
364380976127811585
364377806576160768
364375473066745857
364375185052286977
364373307522416640
364371576000495616
364371385696530433
364369219195908096
364368265885122560
364367574919675904
364367483014090754
364366716349845504
364366632514093058
364366536959459329
364366057814757377
364365801257574400
364365630897532928
364364073892188161
364362835763007488
364361324790161408
364361071659712513
364360949886488577
364348147893420032
364347662406914048
364191484804726784
364161893520252928
364161722271010816
364161353142898688
364161116194086913
364160150224904192
364159539236450304
364141240528281601
364129289609822208
364129196974424064
364124449043259392
364124305166049283
364124184047128576
364121555673939969
364119995485126656
364094645128527872
364094488081215488
364093956658696193
364093658313662464
364091458237640704
364091217060966400
364090588674535425
364090175447515136
364087848778989569
364077821632589824
364019888001515520
363809362734612480
363799440261263360
363799154620776449
363799081824428034
363766463024201728
363751132994088963
363748718777864192
363748629594390530
363744860345335809
363743075383783425
363742981280366592
363722184675442688
363713610423349248
363712389008457728
363712206031949824
363712137853550592
363711922656378883
363711624248434688
363710912726695938
363710346055262208
363709793313107969
363709599133601797
363709245612507137
363708759333273601
363708548582092801
363684757906800640
363684649278521345
363668980579315713
363668839352909824
363667981181517824
363661993485406208
363661685682212865
363658084503138304
363658049195491329
363657975379918848
363657906316513280
363657472025690112
363656474012024834
363656341228756992
363655563898388481
363655152097427457
363654344916221952
363653519183593474
363653321942245376
363652756206141440
363652042293649408
363651674956496898
363650514623266816
363649647828406272
363649513858146306
363648577010008066
363648264278515714
363640780516102146
363640486235344896
363640077513007104
363638621389066240
363370429907353602
363344922138521600
363336142684295168
363335774399238144
363329600488603651
363320392112283648
363317349018910721
363317009179623424
363316142149869568
363308755355578368
363302845627371520
363301951724720129
363295722646417409
363275636355248128
363275381626777602
363275032148983808
363258782559641602
363256377608650754
363253408708304896
363251760988561408
363248530669838336
363203405591756801
363088826857570304
363085667338698752
363081239407755264
363080294959550464
363080281831387136
363080266106933248
363080044605743104
363079923151278081
363079344417021953
363075668377997312
363075610337226752
363073064843493377
363072850241925120
363072515268034560
363068156757024768
363062470757191681
363059636737286144
363040088587894784
363038389378875392
363035570798206976
363035111542886400
363031904754221056
363031389093892099
363030975204171776
363028700607946752
363028486664888320
363028287682908160
363028185832620034
363027755350245376
363027020571099136
363020884228837377
363020479436570624
363014454750871552
363007348882669568
362996095577620480
362990149635809280
362987843372580864
362986728539160577
362978994737516544
362975996330258432
362975628040998912
362967917907812352
362966699546394624
362938975545069571
362938726537637888
362938507708207104
362937052569935872
362936865365561344
362929949960699905
362928598467878915
362927990151188480
362927817463308289
362927626828005378
362927400113283072
362927306597072896
362927151554629633
362927087729913857
362926643548925954
362926520005693442
362926505581477888
362925578795495424
362925418929602561
362925265472602112
362925165811740672
362923455395545088
362906159352520704
362898508497428481
362690388378652673
362681243118215169
362680799721566208
362677813293236224
362668158026395648
362650047910916098
362649354185609216
362648068883095552
362645602842066944
362642239807160320
362642037918535680
362641987784024064
362641745227431936
362640643291492353
362640484000206848
362639641200963585
362639540185337856
362638176801669120
362638131457044481
362635885486936065
362634595222552576
362629804715024385
362628938473803776
362628849126748160
362628745082847233
362628574357884930
362628405553934336
362628047549104130
362627232688115712
362626213602271232
362626057066655744
362625848878174208
362625749099880450
362625617767833603
362625333352083457
362623117878759424
362619769729454080
362619073449820160
362559639545577474
362556451526418432
362548955323703296
362545970002657281
362545510155948032
362544474565509120
362407219544862723
362402265241354243
362401417111154689
362401079717146625
362400847763738625
362400153023422464
362398942052356096
362398751538692097
362396414258593792
362395967149965312
362351573453635585
362350973999517696
362350510168211457
362349303634722816
362349222357516289
362348081091588096
362338681907970048
362328756955779073
362324448617037825
362296620617965569
362295417360220161
362295212099387393
362294911699124225
362293224271908864
362282571272425473
362282265318924288
362280409674956803
362276707455086592
362263520001273858
362261020988801027
362257452563038211
362250143631806464
362250057510170624
362249910998933505
362247529192112128
362245206864695298
362245047300796420
362239879775649792
362225647403278337
362217612261859330
362215933898539010
362212160190939136
362210913379549184
362186471316275200
362180585143283712
362169527833853953
362168208226131968
362167923915227138
361982191430934528
361981712441413632
361975417432846336
361939461241708544
361924848513060864
361922894042894336
361922681001619456
361917537757310977
361917439958716417
361914839628644352
361905753017159680
361839928247730176
361839124858142722
361835998495252480
361821488631914497
361819280188248065
361818703618248704
361817671026745345
361803011061854208
361802172423352320
361588052994428928
361580647753584640
361284546882306050
361170003116052480
361126284169969666
361100542627418112
360849369995558913
360845027682942976
360844346603483136
360843784239591425
360843541620076545
360843471835234305
360839402324373504
360837120836894720
360835910666960896
360835673768476672
360834771913424898
360805216964190208
360789725818265600
360788252174712833
360741282227814401
360741155673092096
360741021778325504
360740603916595200
360740512656932864
360740237229559808
360740056513785856
360740003288055809
360739068209926144
360738585533628416
360738306423652353
360736831458906112
360736356395257858
360733431438655489
360730273089994752
360700556022513664
360699954529972224
360512830002302977
360512594357927936
360512463931842560
360493612741562368
360493310814584832
360492868655267840
360492767618678786
360492097217888257
360490423250198528
360483358003834882
360482485982871552
360480590572687362
360478910921711617
360478509254180866
360478313669591041
360477519801098241
360477400414433281
360475242679894017
360471737797853185
360443553119350784
360403400812273665
360391422991548416
360389931098587139
360382729881255937
360379372907147265
360378898896265217
360370568660393984
360369293168353280
360369177271345153
360367652805414912
360367147144323072
360366589217996801
360363982751678465
360360687953907712
360360243294773248
360359730977308672
360357352899231744
360349066443497472
360346100365934592
360166644217151489
360164736370880513
360164562051403777
360162568951709696
360155303653806080
360155015635152896
360150935646904320
360150538454704128
360149858574802944
360149037258780673
360148808719532032
360148664020242434
360148530674929667
360148354002468865
360147956264992768
360147687326220290
360146943923589121
360146792098181121
360146152089337857
360145713226727426
360145646143021056
360145048014295041
360144795605295104
360144602143010816
360144289684127744
360143871264555008
360142278079160321
360141959949590528
360141688326455296
360140482988343296
360137275935436800
360128873817579520
360128724223533057
360128529070952451
360127853876101121
360127547536707584
360120933723275265
360100629563179008
360100532091760642
360099541447479297
360099492910989312
360098461447757824
360098392262713346
360098225069359104
360097612734529536
360096926911311872
360096845847990272
360096646819872769
360094591103401985
360089370600017920
360086270275362816
360086001542107136
360085908009132032
360085658204778496
360085448636375040
360085126538997762
360084629719490561
360083515095785474
360076909180235778
360075067293564928
360073144855298052
360073085417828352
360073009643520001
360072881985687554
360072828629950464
360066767730642944
360032143528837123
360031952222420993
360029218857431042
360028842036957184
360028806297300995
360028578726952960
360028437018185730
359973464708362240
359973141474320385
359972875358310400
359965510554746880
359965242614231040
359846353460936704
359842798280773632
359839835470565376
359838985595531265
359837372860469248
359836045312921601
359834200637063169
359833875582689280
359822767203422208
359822650341732355
359822371688939520
359816911418171392
359815673561628672
359815415779696640
359814879458246657
359814755520749571
359813043913363457
359805257741635588
359805094029561858
359803090255347714
359802868531867650
359800720486178817
359777957226622976
359764514486493184
359762170755555328
359756299027746817
359754028135088129
359753906571587584
359752230636761088
359743197074829312
359735081536978944
359732088670388224
359732018717802496
359731992989937664
359726261817454592
359724801687961600
359724603096047616
359723103774982144
359710270282665985
359710197058502658
359698586830778368
359697072796082176
359689913857355779
359689025256308739
359676138823495682
359675022538838016
359673200734515200
359428210054135808
359427910953734146
359427584641073152
359426562443051008
359426384424210432
359424362056658945
359422702538326021
359422240313450498
359421104730800129
359420073800630272
359419070925377537
359418609229377537
359416189878939648
359416068424474624
359415508895936512
359415054292107264
359414407207456769
359413322598199298
359413089734639617
359412763078045696
359412685827342338
359411374465622017
359411327766245377
359411271055048704
359410616429060096
359410552063672320
359409667761385474
359409597297074176
359409518913916929
359409455038857216
359404400348889089
359401545734955008
359400461436071936
359400384973901826
359400340610752516
359400292955078658
359400229671419905
359400174839275520
359399177341505538
359398785471877121
359346846231441408
359346693944258561
359346538461405188
359345776226758656
359330627364990976
359329264694337536
359328706189201409
359328542389043201
359326593484718081
359326368120569856
359326244996780032
359326069054119936
359320571810562049
359320237260288001
359320193413025794
359312882997006337
359312848574349315
359308801393963009
359308367048622081
359308075762593793
359302627776937985
359302236112830464
359299977480114177
359298296839286784
359298013438545920
359291563244916736
359265197313105920
359057633653063680
359040995054194688
359040642623606784
359038071464927232
359037428893368320
359037123522867200
358560910647902210
358549822594228225
358549774393294848
358549675135483904
358536005638291456
358530398726266880
358529954205544448
358528804764921856
358528720379711489
358528247765544960
358527677684129793
358527538001641472
358520319985729537
358517118964219906
358270010260602880
358268704762494977
358260288987987970
358259979779710976
358254861311148032
358254652170575872
358254063466450944
358253885623767041
358253584208506881
358253179873406976
358252544683810816
358251689561702401
358213600571179009
358196626734592003
358195622882447361
358194409084424192
358192671543672833
358192470200295425
358190753270341633
358189981124145153
358165974471950336
357999616706363392
357646027954061312
357645828996861952
357641225525919744
357639986289446913
357607238673764354
357591723989405696
357573858682871809
357562873972658176
357460258697904128
357438468055498752
357288328820817921
357283853100007424
357282691764326400
357270598243713025
357269239444410369
357268381952520192
357265671324827648
357265463761317888
357195344032972801
357116332040396800
357116265631973377
357115255027023875
357114576527036416
357113321197023232
357113220336594946
357112693783670785
357112537721999360
357112373871509504
357112071122460674
357111921448714240
357084171572740097
357082862635335681
357082211444469760
357081589269790721
357078930341101569
356917053870968832
356908403517435906
356904077214494720
356902845863297026
356887231128018946
356772521577689089
356772301158612993
356770409452019712
356767338147753986
356767039542665220
356763855835234305
356762034395807745
356743795901083648
356739013207523328
356734725693505538
356734524052353025
356724341376958465
356724280911867906
356724051869319168
356718614818201600
356715225250144256
356715022354874368
356714240322703361
356710739345547265
356709548729446401
356530098775670786
356513311484944384
356509481053601792
356491304303210497
356489428451074048
356488440612794368
356487977234481152
356487467362299904
356487404879745024
356455200535490561
356425295756140544
356425072006803456
356418278379356161
356381792594440192
356368682810748928
356367559823593472
356364392624947200
356359642160439296
356358597497716736
356358146278686720
356355199406833664
356355050576162816
356166444020543488
356164070690406401
356161944673206272
356159377297784833
356159107889246209
356070458644381696
356034900941479936
356034317677363200
356033183357206529
356031402619322368
356025995641368577
355985912661942272
355981787035467776
355787670355587072
355751900173447173
355747678598078466
355746875900567552
355741353826721792
355741261245849601
355741097672187904
355738781715939329
355737547810414592
355737334261620736
355737006271242240
355736952135368706
355716931363414019
355716618338304000
355715935232995330
355715777552322560
355711712441286658
355706065033236482
355705866558767105
355694522077937664
355693992614174720
355688592460353537
355682981823778817
355649430843699201
355464481704390656
355464387429011458
355448256186159104
355446796329299970
355386826137145344
355386610323427329
355386569756119041
355377254496337920
355376281640112128
355293263005106177
355291149998628864
355281574390005760
355280829179629568
355278356717117441
355277240856084480
355277121112903681
355276984990961664
355273469572812800
355265710915723264
355264360286924802
355264043155599362
355263091363164161
355262733622575104
355262320777240576
355261884301180928
355258729672876033
355257140170080256
355085624061083648
355057427269427200
355032618804326400
355032387220017156
355030817245904896
355030761784614912
355029605922521089
355028947148353536
355026887988346880
355017657373827073
355015245720326144
355015150702567424
355005554541871104
355001180818124800
355001069484523520
354998737627660290
354973034576228354
354965123351322627
354933828143415297
354927869727735808
354917678336573440
354876807603953664
354723020520165376
354666465137405953
354660207718182912
354635527363891200
354633268731183105
354631800355696644
354631503621275649
354630133321175040
354629472596656133
354627747101941760
354580672951746562
354261897488515072
354218654965039106
354021956640718848
353942440752848896
353921769951854592
353916609921949697
353915668334252032
353879557750788096
353620836143472642
353539224844238849
353465376283176960
353230021751615488
353229290319523840
353228189344075777
353227062141652994
353226837872214017
353225498593214464
353225370926985216
353224312297238529
353223981274382338
353223571834814468
353123129641541632
353123105503326208
353122983121920001
352864857147719680
352824648800546821
352821175942000642
352820723141709824
352820413006491649
352820163420233728
352820073754398725
352780288474091525
352732613783457792
352511789788971008
352510684732465153
352509300972855296
352501773619048449
352500402706579460
352500099064152065
352489861606944769
352485855190978562
352478029433409536
352476362814140416
352474292958658562
352465834595205121
352464709439602689
352458726071992321
352458473449066498
352455891154501633
352455770366951426
352454050370953217
352419884711428098
352408020984152064
352405903036792832
352363124499824641
352363010104377346
352358947560243202
352358762943758336
352358093390229504
352357847717261312
352357631920308224
352357598000979968
352354911687684098
352104500015792129
352103750766309376
352103723754983424
352090717897756673
352089894102908928
352089553198260224
352089317998465024
352083899553284096
352036250972200960
352016544345235457
352015558889324546
352015250863816704
351846801353084928
351838584594120704
351781735010275328
351743239478460416
351669064315310080
351667698935140354
351658479414542339
351653865432682498
351653626927783936
351635670458052608
351635207956340736
351634391035944960
351632963244523521
351632569349046272
351631847358332928
351622182494932992
351621608688984064
351619120694964224
351265295249313793
350604089870131200
350603535374745600
350325148206899201
350324907013447682
350211425182023680
350211194759548928
350205339511173120
350204504240693248
350184376518180864
350180869744504832
350179057704505346
350178655500120064
350173500935389185
350017754688008194
350016022037803008
350015999405338624
350015455320219648
350014530509737985
350014390411603968
350012471119065090
350012388705181696
350012258652397569
350010471920840705
350010213161639936
349982111492603904
349970224948330496
349967954659647489
349965529424994304
349964939017977859
349964763503136768
349964589083017216
349963084175122432
349962719157424130
349959432249155585
349953568956092416
349953074380550144
349943377984372737
349938382509584384
349937714499555331
349909944000196608
349909455791595522
349886432300634113
349885804459458561
349883337378238467
349882197966192640
349879435828264963
349879150066139136
349876211519991809
349851069448323074
349842829385809920
349842454515687424
349842302992252928
349842125057302530
349834743203889152
349833329241100288
349668239397240832
349667485533995008
349667045308256256
349458261910630400
349458136001814528
349457724326682625
349457379223543810
349457245307797504
349457052176879616
349456254080528385
349296349633716226
349290622043172864
349277484921004035
349277289290285060
349255044027256835
349254903547437056
349252978311573504
349252901035708416
349252346045411328
349252156181848064
349247579000811520
349247022513135618
349234993249259521
349234639862374402
349234572111790081
349233759268249600
349233566959403008
349233486030311427
349231917117341698
349231816005271553
349231409359101952
349218774840393728
349211662634598403
349211385793753091
349211260254031873
349211029554724864
349210680940953600
349156040937443330
349096245643583489
349095090771341312
349094453698502656
349088933449179136
349088817061437440
349087136756137984
349086852990500864
348930544182112256
348929442237788160
348896892400304128
348767881678438400
348538080912867328
348537891913347073
348384652576296960
348198507317956609
348126858300235777
348126386810134528
348125865852403712
348124638406123520
348124351465398272
348124331777339392
348123698013814786
348123058910928896
348122372408213504
348121533446766593
348121074506018816
348120458354368512
348117799459237888
348114774229397506
348074153926082561
348066442559750145
348066316982288385
348065958503522304
348060625479536640
348060598082342912
348060552402182144
348058715225735169
348058637811466242
348058146222247936
348057940378390528
348057608424394752
348054331699916800
348053939364708353
348053870792036353
348052980613910529
348050363468890112
348049600118132736
348049401756934146
348049144306343937
348048782249828353
348047288813379584
348045263534968833
348044841340506113
348041502318010369
348027680324734977
348027630186016768
348026517265195010
348026384012169216
348024637642387457
348024563252199425
348023797573615616
348019918991683584
348017990580723712
348016668863246336
348016306487959552
348008756346486784
348006784197353472
348006588843429888
347998568092667904
347996485964681216
347994789578428416
347994556194779136
347849387118055424
347845620964401153
347845320459313152
347831955636752384
347831165417295873
347830896566620161
347717751642660864
347710674434150401
347709848416309248
347709523328372738
347688698655154176
347666980184145921
347663011944755200
347662400964673536
347490692899151872
347484576240771072
347484543667806209
347484508972535809
347483745428832256
347483706354724866
347482817040613379
347482045750071296
347481706187595776
347481530215591936
347478821039128576
347478557582319617
347471662301728769
347469793382772736
347460964079263745
347404835127189504
347394306958581761
347378605766094849
347377897486557184
347377648512692224
347377510687842306
347375234086735873
347375081904820224
347353654279417858
347326872687869952
347304088754610176
347297356301074432
347296249797550080
347295857865027584
347295779767062528
347295682350170112
347293962245132288
347293852245323776
347293425281929216
347293314158043136
347292650090659842
347292468670246913
347292389909602304
347290131604049920
347290049227915265
347105218338627584
347105144011370496
347103401978507264
347081541807112192
347081137358778369
347080940167766017
347079060956000257
347037627284865024
347030981083033601
347024733138731008
347023808688955392
347021728339329024
347021230550949889
347019677001715713
346958766060748800
346952881305444353
346951570409283584
346943762125180930
346940226775683073
346939375663345666
346939218527928320
346938946913193984
346933272611262464
346933129707130880
346933071855104001
346929609297760256
346929550850142208
346929318368268288
346929111534534658
346928803483881472
346920038961397760
346915357019238400
346699437428580352
346692101892894721
346678285599653888
346678237683912704
346678073967644674
346656837057265665
346655579911098369
346655386419486720
346653478317330433
346652302721044480
346652171263148033
346651120296419329
346651047898517505
346650811968925698
346650733791289344
346650001704890369
346648710308036609
346648358401757184
346648010668777472
346647106691416064
346646319340875781
346610420322291713
346608153980440576
346607912766013440
346607869069758464
346607717919633408
346607627515600896
346605283692408832
346604427005808640
346270582716919809
346242947597078530
346221970825826304
345916502941241345
345913985507409921
345898102147907584
345897821788045312
345890671447646208
345890314944397313
345890053551173632
345889843542372352
345869169281073152
345675656417398784
345675128820076546
345674223244701696
345603452862357504
345579732810735619
345538433327972352
345520762985279488
345503735130230784
345503694177062912
345503596470759424
345503341545152512
345503130420649984
345499840786092032
345499833852907520
345479392195121152
345473734943055872
345473385507213312
345471893568098305
345470801501372417
345470555551580160
345470081473601536
345459436275527680
345452671823659008
345303605802332160
345248689482240001
345247683214188544
345241661762310144
345232352550723584
345224558422405121
345220909126279169
345220766729641984
345220294954336257
345219956117483521
345219679918366720
345219618043985920
345219431766581248
345186992620990464
345161796929323010
345160859573694464
345158525942636545
345158168885723137
345152384453984256
345148578831929344
345148537769701376
345147187161874432
345146831531036672
345145011609956353
345144680859717632
345139166687920128
345139018163421184
345138860604420096
345138849531457536
345138641082929154
345138044959092738
345137397199155201
345137297873842176
345136481284784129
345136181224284160
345136125649768448
345134428651155456
345109383895715840
344941294851850240
344937430912221186
344886507657637888
344831814369673219
344829596182654978
344828005031477248
344827574662352897
344826680919072768
344822551786168320
344782933959249921
344782420081512448
344782170025504768
344781818693840897
344781350760488961
344774833067937792
344774771294208000
344774505744449536
344774239695560704
344773965455187968
344773959411195904
344772566331822081
344771318828396544
344767719205388288
344766385420922882
344765361402564608
344765138685009920
344764997982904321
344751645630029825
344751528797691904
344739428616527872
344581614216552448
344572107268706305
344571813344464897
344510881008340993
344510741228953600
344510455110332416
344509933691236353
344509722575118336
344509357834268672
344509220965711872
344509077101105153
344508972067323905
344475260449603584
344474324767477761
344474109629042688
344474045309411329
344468296625688577
344467314051268608
344466865172660227
344466160802230274
344464604769964032
344464165945090048
344463176517165056
344461439962079232
344457950229835777
344456191512031233
344455923651211264
344455464647540737
344454030237528065
344443438260953088
344443242865123328
344428107496820738
344422291364540418
344421376402276352
344420175577239553
344419753319866369
344419412792725505
344419249567170560
344418030035542016
344404567087251457
344393717261692928
344392913121312769
344150243325124609
344139264772173825
344136908621873152
344136316314857472
344122233708503040
344111458902220802
344110437652127744
344110335474692096
344108454262235136
344108342614052864
344108060547088384
344106811986685952
344106533338087426
344105080053698560
344101651667353601
344095757529407488
344093521516589056
344093167412453376
344078257781620737
344078235086233600
344057892699258880
344047265419243520
344047006534230016
344046858571743232
344044693434298368
344030545350647808
344030498382827520
344027358744948736
344022890913603584
344020105476325376
344020008076210177
344019790999986176
343842785151025152
343842714225348609
343727377458810880
343724640591548416
343724432918970370
343650895009026048
343364012735623168
343363872742338560
343363794774413316
343363459855044608
343360227774705666
343359563438882818
343359414427848704
343359295938785281
343357192902168576
343355619312541697
343355585921699842
343351759365877761
343350433147924481
343348346917904385
343347991710666752
343345731773534208
343344914274340864
343140813150253056
343139913207803905
343139273819713536
343139063760572416
343138987680096256
343137385879580673
343137138646343680
343133338426564608
343126831060361216
343126366251798530
343126070943416320
343124783703142401
343124713268183040
343116072678998016
343113858157785088
343113770530385920
343113595195887617
343093418697834497
343056828512473088
343056610370924545
343056480796299264
343056452191145984
343056426681397248
343056404095070208
343056321857323009
343056160838017024
343056117573763072
343009047819214850
342776714381889536
342773955536502784
342770431712972800
342768526567804929
342768109188444160
342767858637488129
342764691669544960
342763310887882752
342763241715408897
342762954112004096
342762762931425280
342756682792845313
342756536793300995
342756399404703744
342756219917844481
342756112707248128
342755895601688576
342755784968503296
342754999299891200
342754379776020483
342754275757281281
342754171222622209
342725480291655681
342718055480172544
342717903021424640
342717804778254336
342716880919871488
342716293637619713
342716273047764993
342716125433458688
342697399547985922
342669231743201281
342581342720110592
342342157019017217
342279545300344832
342263367974658048
342263038050705408
342258344565817344
342226813629640704
342226732453068800
342144871076872193
342040929701597184
342040768904564736
342040722117107713
342039630213959680
341982422423969794
341948803458428928
341948726765568000
341948463828840451
341948404198412288
341947020635955200
341946547954663425
341938894964666369
341937882254176256
341937524379353088
341937414132080642
341707410454491136
341702440971816960
341702198843043840
341615079176941569
341614969806270466
341614833248124929
341610372639363072
341609307638480896
341609165514498048
341609042784952322
341608622419222528
341608436334751744
341608329447084032
341608048160276482
341607916375244800
341607409954988034
341607178655920128
341607123467259904
341606997411643392
341606900040871936
341606810999988224
341606723364192257
341604780684242944
341532686491455489
341494467041300480
341489725242232833
341341761312026624
341341618248511490
341341460467179521
341334976765243392
341334327067557888
341334077691011072
341329230933667841
341255497720152064
341249830653411328
341249738571669504
341220392016437248
341163413378060288
341162290491564034
341162030201442306
341145769128124418
340967361639235584
340960259919212544
340958347459170304
340953515717443584
340934059347808256
340933897367982080
340933761694838785
340932161223942145
340907431834046464
340889902818398210
340887399531945985
340885017511202816
340884980576161792
340884903136735234
340884455671615488
340871557104668674
340871077737676800
340870875467374593
340870844282716160
340838058469494785
340835959732068352
340835457615147009
340834522222436353
340834299202912256
340833878262554626
340833798537216002
340816106883256322
340814368029675521
340814249045667841
340809414514728960
340809154031661056
340809003900735488
340806351171227648
340805329447186432
340805147301138432
340805110294794241
340783426200293376
340779823880343553
340779284081807361
340592750737125377
340590580092502016
340589687506882560
340560505955569664
340559952441651201
340553354809843715
340548734540726274
340548641498464256
340546962531180544
340546836580401152
340536640864911362
340528847265071104
340525445416103938
340524301025423360
340521648665006080
340518205325979649
340489468362514432
340488620999835649
340482978486562816
340482815789510658
340482686785298432
340481967348936706
340476708752863233
340476439138803712
340476177103847424
340278423337443329
340272937435271168
340192360363339776
340189710364332032
340171921570291713
340166836450623489
340166561409163264
340165609679638528
340142804804173825
340142252695384064
340142071958605824
340124070051983361
340099997766918145
340099652353421312
340099580815347712
340095738719641600
340095630343041025
340095435429511168
340093760794935296
340093729580924929
340093650300186625
340093563721363456
340093491470274560
340078225160024064
339865955813449729
339865814016610304
339849083554525185
339848932656021504
339847363847929856
339847224693497857
339846951975649280
339845318789197824
339840419007447040
339840333661732864
339838180557742080
339836053374521344
339832553722761217
339830974462443523
339830833143758850
339827732735201282
339827136393277440
339826930922700801
339826619608883200
339825709952409602
339804387520163842
339799052407410689
339798830054793216
339798126774845440
339797395795750912
339797194284609537
339796790503174145
339784211387002881
339784091845132291
339782352026865665
339781024277991425
339780946825977856
339780868761591808
339780727807815680
339780555182833665
339775768638914561
339775531383930880
339775271387398145
339775072048914432
339774881686224897
339772828989652994
339772596335816705
339772526492254208
339772494540062720
339771725367623680
339759144095596544
339758726892355585
339758579420635136
339755029282037760
339753027302993921
339753006616702976
339752789095874561
339752048532807680
339751899832131585
339751214814208000
339750610503073792
339750363093684225
339750140564889600
339750022319063040
339749443479957504
339749241880723457
339748826506211328
339748327539232769
339748102267355137
339747733160198145
339747586942578688
339747365151969280
339747247346548736
339746396334862336
339745985272107008
339745799896436738
339745670313426944
339745434702602240
339744795733921792
339728106623483904
339713681824808961
339709399729836034
339709259405213696
339707217127301121
339705559358005248
339704654571134976
339704645704372224
339704240761094144
339531777112678400
339516096447143937
339505149535985664
339481616206409730
339468262314225664
339463364679970816
339448465673302016
339447079401295872
339446604127940608
339435828923211777
339418996631826432
339418807581954049
339418471513325568
339415603976749056
339414244648943616
339404203250311168
339403945250283520
339400407908511745
339400227888971776
339397444397838336
339393521301733377
339392831850414081
339391627921592322
339391313755664384
339391232079962112
339391175117123585
339390546911043584
339389853177360387
339388776755392512
339388600095502336
339388289255628801
339385162376810496
339383445513965568
339381605493784576
339336842224754688
339335700619075584
339335484750848000
339335007644573697
339119906786246656
339112393001025536
339102613410832384
339096051359297537
339085807602237441
339084286772785154
339082546094673921
339079748753952769
339078170219270145
339075851637379072
338995135964667904
338994525525647360
338994334609321984
338994112671907841
338994013979951105
338993852444704769
338989846313979904
338953627504893952
338698547312615425
338661061416873984
338660847754813441
338626800227872768
338551682294218754
338347164029825024
338346534854873088
338346272111071232
338345516775645184
338345224508162048
338329767080259585
338207882770276352
338100754722193412
338100395371032576
338100072363462656
338097981972684800
338095244400816129
338094975709491200
338093902403866625
338093091850432512
338022274177323008
338021721112190976
338016568850137088
338016347848065024
338016253287481346
338015091515600896
337986677614182401
337981674023448576
337981442825015296
337981063844478976
337978790439428098
337977917759950849
337977680370741248
337967106555527168
337966989622521856
337966085422862336
337965927767343105
337959598843625473
337959448301666304
337958771940790274
337925648175738885
337925550981120000
337925413990973440
337923279559991298
337896705129340928
337893198204657664
337890843308474369
337890346707066880
337890299160444928
337889615673454593
337888106160201728
337888065647435776
337887899322314752
337886917981007873
337885563493433344
337881246443134976
337879678264147968
337879237606404096
337878832545673216
337877038289526784
337876950217527296
337871499476209664
337869297374334976
337868695609159680
337716949318516736
337690552332079105
337686459261788160
337686256744026112
337686194408267776
337684934053474304
337683013146116097
337681530556133378
337680425612877825
337679149969862656
337678251751272448
337676762119028736
337675355227844608
337675159676792833
337673634611093504
337671037678411776
337669694578368512
337668670903947264
337668324756426752
337655508368510976
337633238094864384
337626136211251200
337623316368068609
337621988275261440
337621063057948672
337621004899713025
337549342267297793
337521096603627521
337518445656674304
337503783011618816
337305789880475649
337299783259668481
337298081655693312
337297990538637312
337297296456830976
337297199094431745
337297159814782976
337261548085055488
337246606468464641
337237964759371777
337236113271963648
337231510853779456
337225504795017217
337225015546220544
337224362123993090
337224131596677120
337224097488572416
337224035668729857
337224023815643136
337224001325785088
337223957382057984
337223928021909504
337223911576064001
337223788125093888
337217698167681025
337165698063278080
337162723379015680
337162326996299777
336973615331434498
336972419396952064
336972319341809666
336970791876968449
336899837469523971
336895905657675776
336892554274537472
336892208865230849
336891745956659203
336888599041687553
336887472153837569
336886380414238720
336885733711302656
336871677843632128
336870450246344705
336851422186442753
336850445404360704
336844751691194370
336844485793288192
336844447042134016
336834516209528832
336834431576846337
336834213024251904
336581817677262848
336479773775761409
336464976820699136
336458499850645504
336404372718231552
335880447697514496
335876724921348096
335866460842897408
335746856799838208
335735524566372353
335731809520320514
