398167994922446848
398131036594241537
398104873541332992
398045173806276608
398040499275436032
398040215237181440
397990578530820096
397987630190956544
397986501155627008
397986251481288704
397986012770885632
397797549433974784
397796509405949952
397793920752840704
397791741652516864
397757650529558528
397749219660148736
397748966697496578
397748667349991424
397748402282569728
397746514946441216
397745940687515649
397745123968417793
397744759068188672
397743020206223361
397717029995544576
397705038497206274
397700595026366464
397672454945898497
397663173240553474
397497706920148992
397496980550590464
397475904823115777
397421540733906944
397420926150914048
397420554774650880
397420183255810048
397419407305375744
397226846447624192
397226542566088704
397226352639606784
397226255675707393
397105013450743809
397092438772170753
397074040306671616
397071042331422721
397068181732216833
397067082589691905
397032102224343041
397031871294361600
397029424463245313
397029228434059265
397022918678282240
396782439080939521
396782113644879873
396725216673820672
396724904047161344
396717454799687680
396717141619396608
396597359473197056
396421130333863936
396344312327180289
396337929737363457
396337830156185600
396337404837392384
396291182411526144
396254758396125185
396254352270032896
396248590797897728
396247865913118720
396034618048004096
396031686036561920
396029854983802880
396022150345129984
396021827803164672
396017121127194624
396016308707266560
396016001021521920
396015651745046528
396014099663822849
396013879286702080
396013311486984192
395996402741817344
395929920703959041
395851191529111552
395850786107686913
395840564551090176
395599192233500672
395598986842603521
395598754960535552
395559010335608833
395553852860010496
395492582563663873
395491482796560384
395229373462491136
395226591988813825
395189600949264385
395189389187244032
395189129257824257
395184789759619073
395180372960366592
395176553505501184
395141751389691905
395123787470868480
395123056466591745
395122943505625088
395122307531689985
395113848266432512
395090307894636544
395087311328653312
394921648576409600
394920991559675904
394888128596819968
394878630804717568
394878187395497985
394875135041085441
394875040396632064
394871615265443840
394870346777497600
394857254509637632
394785461266182144
394784537646874624
394766809771294720
394753597164232704
394748850394509312
394748643485298688
394747228511678464
394746950727135232
394746212529602560
394719495278714880
394718863159336960
394530691989250048
394529719602802688
394505669950570496
394446841410224128
394442790761168896
394405072429662208
394404558660972545
394397748809957376
394374610348961792
394357917358751744
394351681409781760
394351428556181504
394350402675556352
394349441596923904
394349007759089664
394164846825992192
394127356819816448
394127206357544960
394126517258571778
394100812638466048
394080490975526912
394066510609526784
394066130689474560
394047348059295744
394036017373536257
394035734761328641
394024918502752256
394023538761297920
393824660170629120
393814034811592704
393814005799587840
393811686676652032
393784128476172288
393783724120100864
393704350507233280
393695643278917632
393692941379588096
393510250935906304
393504453141073920
393458423100354560
393457931901214720
393457524256821249
393455300550074368
393454913172570112
393454453464248320
393453721939902465
393429923983269888
393421111322746880
393420377978060800
393383854578233345
393380636280365056
393380371917574144
393380236894547968
393379573800251392
393360299228942336
393358838910693376
393358576443727872
393358213288312833
393357961747505152
393332779406360576
393332245077196800
393331656624734209
393307354152062976
393291802805288960
393289610601959424
393286174288388096
393285350002786304
393270362403635200
393270178743459840
393266419917283328
393265965313425409
393252254792171520
393092643481083904
393092420830646273
393082147080130561
393060290771693568
392988298387652608
392979205509906432
392949899492601856
392942486777495552
392933513542246400
392775436012228608
392773499951284224
392753632724402177
392753297071042562
392752628603817984
392752127048957952
392751509848723457
392751051180617728
392743964283273216
392742311685541888
392695512228319232
392695474357932032
392686197857734656
392681974147461121
392652435430187008
392640123205980160
392639894486396928
392627067373621249
392622938291056640
392622448249548800
392619830617968640
392586417794080768
392584404175831040
392580106473861120
392352790363656192
392346699181486081
392317507693838336
392317423249940480
392315573494759424
392315228781674496
392300435047854080
392299451831709696
392295731647631361
392295496460423168
392276490236084224
392276300397699073
392215494973210624
392023755423117312
392023036284518400
392022657824083968
392009075526889472
392008751806300160
391947969609478144
391659847839514624
391506431498674176
391504266017640448
391289756728188928
391269046135820288
391244105822380032
391219136736395264
391218959107629056
391218552104960000
391216214766137344
391215869394558977
391215767015800832
391204856767082497
391191385690234880
391190785011376129
391190574063026177
391190338989080576
391186225576435713
391185901428043777
391184162691874816
391183244873326592
391162659980062720
391158652926566400
391145983179898880
391145776920793088
391142347917905920
391141266957676545
391096605384146944
390818765593530368
390765520267796480
390605794112450560
390598182667030528
390590759340367872
390517196507455488
390516392492941312
390513496024027136
390513121732730880
390436991214424065
390416021070565376
390412631905169408
390386129045692416
390385356882731008
390382587295711232
390381705028059136
390380351190597632
390203650284326912
390203490057736193
390202811796819968
390202380135854080
390201983178534913
390201720380207104
390197796302618624
390193123889930240
390188880206364672
390188671925620736
390177326241419264
390107825180901377
390087423251591168
390073209128636417
389867136652279808
389846152369426432
389803822878838784
389788764052021248
389788696276246528
389787690993864704
389787464010694658
389787285689872384
389738634670518272
389737371706875904
389728709948612609
389456660915159040
389426434550140928
389426295592853504
389318786442358784
389058648703381504
389036890705633280
388989798792192000
388987672812728321
388965949019521024
388963132506263554
388960359085645824
388959889155821568
388715249463201793
388714622951636992
388713810816946176
388674414923243520
388672784165269504
388672489003696128
388672325056729088
388672092197371904
388671117445324800
388665784039260160
388634480144941056
388633850114367488
388633702395170816
388633321837563904
388633080790921216
388632157750452225
388631910261342208
388630371010490368
388629312678543362
388628501684699136
388628010946936832
388627705949741056
388627437505888256
388627103467327488
388626081638404096
388613496478244864
388573457442942976
388560663930347520
388317169588514817
388298438284443648
388298241550585856
388275021874855936
388274674007670784
388272850903105537
388272529925603328
388272324073377792
388272032183365632
388271834900090880
388269381530025984
388269023286153216
388266765504872448
388260837711806464
388250702092308480
388234566105702400
387957493605093376
387832048708493313
387713315340025856
387712159993827329
387615085436612608
387612285839368192
387611477857030144
387610119372308480
387609652860829696
387609444097724417
387525092097662976
387522996543688704
387312985258999808
387301493717479424
387299894102204416
387213461224030208
387213330709889024
386945918110404608
386943826532659200
386923714001920001
386888676476600321
386861692878987264
386855803195371520
386852861671268354
386851952006426625
386851483125153792
386843239510073345
386843024354861057
386825426661670912
386824136296632322
386822818593140737
386819723494555649
386819577612472320
386818201654292481
386812846308216832
386810153040744448
386809952515272704
386809874773848065
386809825079734272
386809703730147328
386383826383278080
386383665745653760
386383358538031104
386382982489337856
386238586523115520
386201548566429696
386201301752610817
386175500881625089
386175301627043840
386169839779188736
386168167988342786
386167114798620673
386166957935841280
386166673524260864
386166246879682560
386165803403313153
386160089565888513
386158752975446016
386156546016935936
386156154008924160
386132741432942592
385867231751860225
385866435475820544
385813113754636288
385811507839123456
385809008122421248
385808349448929280
385807568595329024
385805194011095040
385759708189315072
385759414449606656
385669341313634304
385669043127992320
385668019487137795
385502174244900864
385491087348879360
385489848821239811
385485248726695936
385485165507510272
385484674031570944
385449444268732416
385421917802344448
385413923148533760
385409092480552961
385407693868912641
385392635273158656
385390439315955712
385385037597659136
385384685074784256
385334135516315648
385333859539488768
385332364374982656
385331855815618560
385331670137991168
385158512332242944
385059004042706944
385058751910543360
385053860709953536
385039137151016960
385003686218301441
385003562024980480
385003310496759808
384999027558739968
384998869370564608
384995284238888960
384993802143805440
384993714361233408
384986785689763840
384968398150459392
384964106756685824
384957372219023360
384950909823746048
384802903955103744
384799600689029120
384686108040114176
384686089681637378
384683823088140288
384682280490250241
384671349920112640
384671332505382912
384590907799916545
384417974112624640
384399233412907008
384399154882965504
384398918693314562
384398723674959872
384398375992295424
384397776840175616
384373912668098561
384373731147018240
384373676927221761
384373240728023040
384372820983050240
384372478358745088
384372238855577600
384371647982997505
384370731842166784
384370507337834496
384369684599934976
384369415686332417
384369237797515264
384356060720414721
384355898354696192
384354751527153665
384349753930022913
384349435880173569
384348933536759808
384348706704596992
384347299293306882
384346784442503168
384346408221810689
384346318451142656
384345842343108608
384345663607017474
384345221779042305
384344962214526976
384344608357888001
384344087421136896
384341190172094464
384320228890382336
384319978490449920
384317291409575936
384316919244808192
384316669272674304
384316220284993536
384315940181000192
384315640158244864
384314925880864768
384314676470771714
384314435877081088
384313911941398528
384306947857457152
384306752679731200
384067946676375552
384066300894384129
384056104973381632
384053639410499584
384053064744701954
384052879209668608
384052781281054720
384052526468710400
384051897373433856
383993834960846849
383993691037515776
383993347637280768
383990931965628416
383983036007976960
383923290021974016
383922808100646913
383922399269240832
383910210529939457
383907287158751232
383906329590767616
383896954151116801
383894694012682240
383891387240185857
383891155316121600
383890652117090304
383885970715578368
383883519786631168
383882457163894784
383882184852918272
383881333811863553
383876326664331264
383876107147018240
383875327547551744
383875129756753921
383646928200028160
383646649366896640
383641686187839489
383640627168034816
383635055806926848
383619236259971072
383618845648629760
383560033864519680
383550647746166784
383549932134989824
383522050801156096
383521821267873792
383521123591553024
383520575819628544
383303012896493568
383285322349436928
383279461166108672
383279300134182913
383278972064124928
383275097915531264
383274526814900224
383274085163102208
383271375663689728
383271140522598400
383270036636332032
383227497078599680
383227276625973248
383227167561486336
383226713800704000
383226016183107584
383209083928842240
383208978312069120
383208566523695104
383208259651661824
383207838249930752
383207356185997312
382912628349468672
382911604096270336
382909531149574144
382909222171971584
382908908970721280
382907357468323840
382906931532533760
382906178894069760
382889952226574336
382889716896780288
382884495349022720
382884220026486784
382883977528631296
382871168161972224
382870933788430336
382866858673975296
382866500040007680
382836615652978690
382835804650741760
382831080748761088
382830948326178817
382828947148251138
382828578296963072
382826245685137409
382824508383428609
382824296780800002
382823903795499009
382823705782386689
382823415658188801
382818469739130880
382817358877700097
382817093441183746
382810254536212481
382810080095129600
382807730815131648
382806560986001408
382587968851955712
382587433285480448
382582731659419648
382582558933798912
382563610112700416
382498810821218304
382496627555983360
382468908554285056
382455594596065280
382443631463780353
382435531465830401
382435381582364672
382432555011559424
382431127245316096
382429356913471489
382222172569075712
382220659985633280
382150665784406017
382146268933287936
382143656917868544
382143504182304768
382142847584964608
382139653437915136
382139365910011905
382139204219580416
382138700349464576
382137625932361728
382132740126027776
382061384248598528
382060898866962433
382058771343634432
382058641144020992
382057830452174848
382057798420295681
382051789207392257
382038023258800128
381852834586566656
381852545338990593
381852002063364096
381777413987762176
381775327011155970
381775061486551041
381774765741977600
381505431308218369
381505022447456256
381497291044950016
381495695187775489
381483980484136960
381483806009487361
381483617152544768
381483196619034625
381483096161284096
381482910391349248
381425419116765185
381422303570976768
381406362804051968
381405748825034753
381403375662690305
381385500465958912
381384518168358912
381383662865899520
381379783822569472
381376620507844609
381376125475110914
381374213581316096
381374091774554112
381373879941206016
381372846305337344
381372788516192256
381371874866786304
381371858051821569
381370724780216320
381350082399834112
381158440669704192
381157382903984128
381125102563123201
381076188854095873
381074112312930304
381072228625821696
381071842384953345
381071654387855361
381070851644207105
381015030990254081
381009761619030016
381009459012575233
381009263197319168
380990862915682304
380988182809948161
380841863495700480
380840815825666049
380757746725183488
380757446924722176
380738407322091520
380735752239206400
380725108798947328
380714376099299328
380714071689273344
380712118280261632
380711656340590593
380711230220304384
380709506394914816
380709228815863808
380708809272213504
380677078971994112
380676840345456640
380668177111195648
380668026036551680
380667494693748736
380667382340939776
380661268706639872
380591111506366464
380443316740833280
380443267713626112
380429549105733632
380429291852267520
380429094627733505
380420633731268608
380420428000677888
380420070247526401
380419870472830978
380419722715881472
380419237841747968
380418652455317504
380418249953148928
380294200409227264
380284460081491968
380270401105825792
380226692092297216
380220444022169600
380045439430430720
379991129409605632
379985775363751937
379985600155111425
379923591866765312
379923476640829440
379915877438615552
379909979584479232
379909753696030720
379902211725070336
379901266794528768
379879213831962625
379870868735655936
379711508009455616
379711246779822081
379710207469027328
379704022242168832
379703566057111552
379703047779516416
379696187324260352
379695803599970307
379695568555364352
379695145920507904
379672478815367169
379672214410629121
379671874248396800
379671387243560960
379670927359094784
379670121444540416
379641974933839872
379639182408167424
379617290523660290
379602080169594880
379598887343771649
379598482824101890
379325852837634048
379325598646022145
379322795592667136
379322354830028800
379258214342082561
379192812740161536
378833591410511872
378818129578577920
378817390613524480
378817099256176640
378816592349773824
378591951030734848
378574351999565824
378574082242920448
378573731255169024
378573554775650305
378572733799354369
378571835312328704
378531028949663744
378526865981321216
378526195236614146
378525841660981248
378481564708925441
378481364267319297
378436586628591616
378129647562543105
378129254090682368
378122910478913536
378070293849182208
378068556350373889
378068254226268161
378064700195348480
377914228747030528
377913966045200384
377899087250874368
377896397192052736
377896127972257792
377893806487908352
377893312730255361
377893167913508864
377892780968005632
377892611983679490
377892206188953600
377891994431160320
377870289016979456
377867994527174656
377867773671907328
377860645120917504
377860181239275521
377860129578029056
377858377759858689
377858160696246272
377857623464632320
377814123238924288
377809330294489088
377807799721668608
377807529340051456
377805346502623233
377735101268131840
377526322852921344
377489507722854400
377488707030245376
377487297702158337
377486790451404800
377484236808151040
377481606329430016
377470948217081856
377470748702433280
377469883736276992
377451165685792769
377425114578444288
377424564927492096
377391216150581248
377362956872216576
377362173032267776
377357711106535424
377357355874127872
377353163432394752
377353112475807745
377352996830445568
377058810109517825
376984094480941056
376978954038411264
376972322642468864
376971275261861888
376392031247290368
376391655769014273
376390830958718977
376389352437612544
376296145539969024
376290782505746432
376290622551756800
376290453693288448
376290125170229248
376290009185153024
376289749993934848
376289316005097472
376288861149622274
376286743286124546
376286412389117952
376286216632532992
376263966063730688
376263616195878912
376048765246791681
376023078850945024
376018428571574272
375978098086264833
375969633573941248
375923051575013376
375910192258379776
375667344829194240
375655366756814848
375655227535282176
375655119062188032
375654642727673856
375654471054798848
375653938130743296
375653820132364288
375653718475038720
375653315234631680
375653093037203456
375631515813552128
375617486936231936
375615732299464704
375611517409845249
375603173047545857
375588501904830464
375544578033479680
375543380110868481
375358138893209600
375357819341791232
375357544010874880
375357239525384192
375350741130813440
375349651219947520
375349185702543360
375166263544537088
375165805044183040
375165455511875585
375165378751922176
375164864693821440
375164552482418689
375153687574118400
374976704974163968
374928878252613633
374909728465231872
374909177044299776
374902660438433792
374872252606464000
374835856894599168
374827127017070592
374635229438173186
374632411079782400
374632000109309952
374631439905484800
374630444592939008
374630299566481408
374541102528749569
374536349585391616
374527178660016128
374415581325185024
374251831289204737
374251512673091584
374226854414389248
374221513127251968
374220391826210817
374219955778371584
374152220985413633
374117284601540608
374116892157292545
374116704764174337
374110431578583040
374110216586924032
373483163609075714
373482101527425025
373475928820555777
373464412545634304
373448944342544384
373447976594976769
373445889878016000
373443947751682048
373427583011942401
373425991902699520
373421482853953536
373410750913449984
373399566768279552
373365485905002496
373364017026170880
373360484038103041
373360233155805184
373360017656664064
373359722713194496
373128733210595330
373121823056994304
373120611754590209
373115674450604033
373115480430481409
373113307512582144
373112873725079552
373108715412393985
373107989814575104
373017792649248768
373014342226030594
373000997716508672
372990125854060544
372810562511437825
372809448219095040
372762466544914432
372759433295589376
372746801025007617
372746369678602240
372745652247076865
372736899456040960
372736740470951936
372735511955116032
372734906851291136
372734625816145920
372734427673001984
372734020846505984
372733348122087424
372658232805687296
372649824484487170
372476759003762688
372453542184763392
372453170871414784
372447957557075968
372422331018141696
372421539959808000
372420643997765632
372417013169143809
372399023157555200
372397754913275904
372396423074938880
372341918115454976
372317459555946496
372317220824547328
372316818603393026
372271579339575296
372271421893795840
372270747554566144
372270471821012992
372270224365453312
372269965421715456
372269762392240129
372264759430619136
372264524939669504
372251738193268736
372093418060513280
372079211562815488
372022721288212480
372008019854254081
371984785956012032
371976410404900864
371911289359974400
371551479330799617
371151909887160320
370946846841372672
370933108759355392
370932899715227648
370932627022573568
370932353688174592
370866062692466688
370865247563022336
370524719541649408
370486503828623360
370282691700072448
370281103686254593
370218896113930240
370218653611876352
370217794077327360
370164782336192512
370145862929756160
370128637317480448
370127854526136321
370127602079391745
370126100942176256
370125701661224960
370125506919661569
370124853359042560
370124630226251776
370124515805638656
370123518995734528
370122410835447808
370121229379719168
370113806325653504
370113700432060417
370113292141752320
370113071395520512
370111247384985600
370111019546206208
369928410358759424
369924752644640768
369924283885043712
369923781994622977
369923387759394816
369922002166890496
369921677892661248
369920982628065280
369920769226067968
369920616779878401
369920291276730368
369920139275153408
369919797632327680
369919504936996864
369919339111006208
369919129701990400
369918787631329280
369912600668016641
369909563371159552
369908279356321792
369908066990313472
369907182206083073
369891895482146816
369891725675745281
369887470961192960
369887324722569216
369886977841037313
369886789458083840
369884400701284352
369874945330794497
369873296092692480
369869350494142465
369865890541494275
369831699913269248
369829669702365184
369828323599200256
369828071697678337
369817348238090240
369812321880645632
369812108830965760
369811939796344833
369745221174566912
369738862626496513
369737002918232065
369731019353493504
369730929494740992
369726378054148096
369540217562091520
369517173066067968
369454362646417409
369454250411044864
369393219399725057
369390316991705090
369389654488793088
369385631417245696
369385254244478976
369374929168257024
369154640769589248
369132924009861120
369132686587072514
369119874863222785
369118890653016064
369106027800588290
368715892021923840
368705011980578816
368698612416380928
368696440031162368
368686749687357440
368682179003293696
368671002021994496
368670215531294722
368669907912642562
368646025449177088
368450094875422720
368449733343186944
368447442556968960
368409759625400320
368409584626458624
368376620685336576
368327844260114432
368320492563750912
368315806527922176
368313571802763264
368304877144772608
368304703160864768
368299556049387520
368299281758711809
368295314936983553
368289345435750400
368281148700364800
368257228676931584
368100371282927616
368099937277321216
368098197928804352
368024279499042816
368023777000435712
367970108494188544
367961207375814656
367961173339037696
367938030604013568
367937908323274752
367936268396535808
367935632976248832
367919413397159936
367689092563091456
367688537828626432
367688266020950016
367594876352749568
367594632974065664
367593728602411011
367592237799989248
367590968729432064
367590404905910273
367589176494944256
367588861771141120
367585874898202624
367296406681174016
367295034699161600
367281803452616704
367269702336118785
367269376832974848
367265302414757888
367263280525344769
367262924198248448
367260476205309952
367260252929916929
367260124307394560
367210673291665410
367210322874359808
367210079311101952
367209455676829696
367207959698624512
366903630298746880
366892006955429889
366871337643421696
366870986416586752
366870765527764993
366864990814220289
366864658881183746
366855880035155969
366855447271063553
366855136871583744
366853032824156161
366852008164065281
366849017570799616
366661819756068865
366528066572390401
366498686705991680
366488216238428161
366487881683976192
366212371687018498
366210864073814016
366193687811727361
366193404243218434
366193161581772803
366186056082653186
366185801119309825
366185264864952323
366178171760029697
366172859552378886
366165736596574208
366165307007574016
366141920835153921
366139729571356673
366139660801548290
365879942749237248
365770767096479747
365563218694901761
365562462025678848
365559762244468737
365527492246773760
365502669848182785
365502455510867969
365500808403496961
365500338620465152
365500239416786944
365499705939083265
365499157080846336
365445892662239232
365442758292418560
365433757357973505
365432892748333058
365432718034599937
365431573799116800
365431333402578944
365411236919263234
365410557353930753
365407818905427969
365407479703674880
365404747676663808
365212613086412800
365212282109706240
365211807775862784
365210728455610369
365171065565102081
365170544481550336
365147608429240322
365147440850018305
365083177032757248
365074845177888769
365072749103816705
365067456080920576
365067119781609474
365051488847925249
365050390598795264
365025985722191873
365025562827292673
365025433072320512
364820685954097153
364812281814589440
364811577859387392
364811045044355074
364780783224885249
364770964342456321
364765593150296064
364764953938370561
364760004332486656
364758933547663361
364704343171137536
364700336130228225
364697581101649921
364636071365054464
364409984794099713
364407381226045440
364402482694209537
364402014232395776
364344814319321089
364344069918846976
363975337962909696
363393774917259264
363384711004958721
363245650906849280
363224177920053249
363223352124506112
363026422723391488
363025544889110528
363025087223431168
362951098765553666
362950431778930688
362949134518460418
362920737851445250
362909392368173056
362908472179834881
362908038920798209
362904953183932416
362904714549006336
362904508940042242
362902972834914304
362890892547334144
362849075072221184
362692203514044418
362686514217500672
362686304636518401
362639036306833413
362599391221129217
362598777254715392
362598344457064450
362595211219709952
362594970022064129
362591699098275841
362588223265964032
362587024974286848
362585299995463680
362550414748561408
362549231589924864
362545781053460480
362497592707399682
362497490483818496
362497157665787904
362495917154246656
362495272695234560
362493156710821889
362492827827052544
362492378956832770
362491870397472769
362491636560834560
362491239481884672
362490771313668096
362268611722756097
362268221010751488
361942845810147328
361942532491456512
361938685186424832
361932546419851264
361901614509985794
361901392631304192
361901067564363777
361897958582648833
361852554319118336
361850092254281729
361846577129721856
361846313488351232
361841948664926210
361841583248773122
361841459290312704
361782180092968961
361664690482458624
361486935002329089
361486113426255872
361212595820179456
361212012711251969
361177642017370112
361174394258731009
361161420164968448
361160125978914816
361156321329946626
361155193167036417
361154874899046400
361154708582305792
361154164790804482
361153508445143040
361152487710924800
361145105270317056
361144953717526528
361045756301426690
360827402143805440
360717996777406467
360717866410057728
360499878209667073
360393541899390976
360393320104607745
360346368012845056
360332483251814400
360331114528772097
360322502553108480
360064167329275905
359988363425619968
359987511575064576
359985181395927040
359980677757804544
359980311834140673
359980033273626627
359979492829175808
359748453661818882
359747967747497984
359703307826102272
359703165597265921
359677490874163200
359658890134163457
359655301005324290
359651607937429504
359649786363785216
359647307886632960
359647155604045824
359646627666984962
359645354242752513
359644021594927105
359642267759296512
359641824526217217
359621050671173634
359610313961783296
359582786904014849
359427282693132288
359426981474992128
359426331362078721
359413751549661184
359413460150390784
359413126237663233
359412880229146625
359407909253300226
359380398691725312
359380143963242496
359379688830939137
359379380822224896
359379174231785472
359374712033390593
359362959266426880
359348411687899136
359315936899104769
359273053739421696
359247378408148993
359226261626830848
359225925029736448
359217302899671041
359216921880702976
359216747934515200
359216565968846848
359215550771118080
359212154341167104
359210910486757376
359210588620079104
359209840016502784
359209570574405633
359209291858706432
359196677439102977
359196640994799618
359192741772668928
358933354181169152
358648648462110720
358641859830104064
358640474489241600
358549638707560448
358547257735385088
358547046061441024
358546754079178752
358545308977860609
358543792502087680
358540811962564609
358260642664300544
358243763660918787
358220204477644800
358192131338289152
358175918151315456
358175704334086146
358175373604827137
358175240582463489
358173842511892480
358173624995287042
358173362981306368
358173171653939200
358170877516447745
358165698758971393
358161044008480769
358160826311507969
358113976695009281
357769100577091584
357587953003921408
357587192266240002
357558592968204290
357546852473765888
357544554016145409
357543736256905216
357543398892253185
357543115093065728
357527871427854337
357521625450684416
357520424407535617
357520144697794560
357518879649574914
357513722656325632
357511657016143872
357468627060006912
357467971775508480
357462139788722176
357457219614281731
357456428144922625
357454874654420993
357451670877257729
357434521811034112
357434366701486080
357432396615917570
357432139719000064
357428316929658880
357428063966994432
357427034353446912
357426185044639744
357250592550301697
357232655441465345
357218292844339201
357201502529523713
357197054252023808
357196430819078144
357196289169035264
357193806048796673
357189643298549760
357188599554387968
357184317270671360
357166294325407746
357135163089620992
357126030089142273
357125818775908352
357125421424316417
357123124682174464
357122903587831810
357119896762593281
357119651601334272
357119468431876097
357119374764679169
357118047179382784
357117699475783680
357116579747602433
357116000606486528
357114308750082048
357085866386128896
357085700954398721
357076261874573313
357075658356178944
357075280038330371
357074640885121024
357066735213477888
357053218880094208
356819777970388995
356804118473482240
356783167908233217
356783066657730560
356771232647086083
356770896712712193
356769764686827523
356768523323842561
356768290401550337
356767172187525121
356764339228770304
356764067601457152
356762519567740932
356762328659787776
356761263948300288
356760901539475456
356760378945974273
356734653010415618
356425001731227648
356424774521602048
356402928245936130
356387439130054656
356385735651246080
356385295727476736
356377818013241345
356377212431253505
356369167550652416
356366128190210049
356365084571869185
356364815842811904
356363980849164288
356131141742362624
356130700082155521
356060001443385345
356054817866649600
356042876511207424
355716096965361664
355706737082368001
355706603644788736
355703330938433537
355700910107799552
355695968055861249
355694072884756481
355673794142154752
355670929851953152
355625639337922561
355625021256908803
355622967885053952
355418240912064513
355418045277155329
355413389348052992
355413135789785090
355334545362534404
355327237056249857
355263630213791744
355263304714813440
355261951577829376
355248911369248769
355074787686629377
355074159564427265
354962968062083072
354962723756441603
354961428144336896
354960643381657600
354960594853572608
354959538673291264
354955924831604737
354954486596382720
354954237098213377
354953644208173056
354953551694397440
354950533812989952
354908961146814466
354904924145987584
354903833773752321
354895920787234816
354891473864503296
354890282157883393
354889932982075392
354887284799176704
354882891387375616
354881789707292674
354655147839848452
354652576811200512
354640445017567233
354627186671624194
354626635569430529
354625948013957122
354625889327255552
354625707961364482
354622827124633604
354622463994376193
354615556353175553
354615203910004736
354526288125509632
354526081988050945
354518802261741568
354479809696509952
354479110690574337
354348341041176576
354348034634678273
354346927753666560
354346826331205634
354309356570947584
354308994279538688
354285614201438209
354264028824092673
354255774580609025
354251755128762368
354250924451053568
354248398561484800
354247919387426816
354236327560089602
353949309668032515
353880947978014721
353880584226996224
353880381201711105
353875345138647042
353859318413660162
353795784002641920
353794125478375426
353793933584769025
353793345576906752
353474579710218240
353474278127185920
353473383549251584
353466496376246272
353192345832923136
353139986788401152
353139076070776832
353138059677663232
353137354761965570
353136734164353026
353119714609860609
353104616231149569
353074671756910593
353070702368260096
353063835093057536
353063485707517953
352804261047971840
352802588200148993
352778606075846657
352775636315680768
352771578309787648
352766958170681344
352766879313575937
352766740322717696
352766242899247104
352766032953344002
352700183223599104
352699607219847169
352698268297347072
352695573826113536
352536745126014976
352535399186436096
352535379854884866
352475075305410563
352474805766856705
352472389474459650
352450088724996098
352443764654092291
352443427746615296
352376315279716352
352362958245986304
352362837382922241
352360687521120258
352357871998087168
352357801902874624
352348919851786240
352348654151024640
352064476087975938
352060482586288131
352059848722104320
352024492698120194
352024283503013888
351747625705422848
351743919190573056
351742061030014977
351738560812023809
351734837440290816
351733739384082433
351723882610302976
351719073652023297
351662051074117635
351661974410641409
351657797932417024
351638276941160448
351615823024111616
351614301661954048
351610490650238976
351349287025786881
351348779531767810
351331475381161984
351297360787275776
351297117920313344
351288287316553729
351287540290043906
351287321540300800
351286991087865856
351281918509195264
351281749373894656
351281538509455361
351281249542873090
351281029476130817
351280772092669953
351280581683847169
351280026148278272
351273330776608769
351267419232288769
351267263451627520
350898534704365570
350898310023880704
350237092107911168
350236455546798080
349995089214443520
349926582808363011
349914077977522177
349910062787067904
349909938379816962
349909582237286400
349909325680095232
349907350804643842
349905686815195136
349904451278082049
349902564592058368
349902237058859011
349901951506464768
349901670890745857
349894695075323905
349893778280165377
349892086327296000
349889269038452737
349877361073864705
349876644208586752
349875660786896896
349872459232722944
349868706857357313
349864711363379200
349864480785698818
349859229672292354
349850698227261443
349825769243021313
349586344797945856
349549899861327874
349539108584042497
349504752733790210
349504173450072065
349503050647486464
349492208518434817
349488621612580864
349476218560708608
349471060833484801
349469717892829184
349469473302003712
349439691864543232
349436023471747072
349433727081918464
349254117010575360
349250596857061377
349249728359317505
349246996814643200
349243871026352128
349242776191369219
349176274851344385
349162377461235713
349162309807132673
349150327221657600
349145860027863040
349145060023103488
349084106774167552
348726341736206337
348490378837639170
348490224466264065
348422570321801217
348420287156584448
348420051667386369
348417782246961153
348417598565785600
348417356709634049
348415677943672832
348415435156385793
348415274950721536
348414913078779904
348404460437000192
348399350206046208
348398636494897153
348398388905127937
348398359989604352
348398277022085120
348396807040163842
348362035169484800
348359521330143233
348356929535492096
348356594188316672
348335430745346048
348335149433376768
348128218953416704
348127919819862017
348118672574926848
348118408405069826
348117299804397568
348116311919976448
348102600274616322
348102576908144640
348102447429980160
348097242386796545
348097001545691136
348095669954826240
348092545697456129
348091494613278721
348085034156175361
348078771049467907
348062504120885249
348062419777634304
348055320536416257
348055181075836928
348054768956104704
348054090841993216
348006665691475968
348006322425454592
348006132196982785
348005227913441280
347998720744366080
347789741476966400
347789267172462595
347787003523375104
347778029147271168
347777879700029440
347777642176589824
347770996415143937
347770914848534528
347770538686566400
347769571459096576
347769043454918657
347723693931245568
347721536741969924
347710492338434049
347696448609087489
347683526516293632
347683178292592640
347665968757096448
347664824618061824
347664527611027457
347663490321883136
347663107910426625
347662795304734721
347662579532955648
347662348418424833
347662180994392064
347661940253937667
347661421204631552
347661198969425920
347660584185114625
347649863258890240
347649536740712448
347647479598166016
347647139339456512
347644790092996608
347643024697856001
347640420899115008
347640220331700224
347639665408495616
347607023216644096
347597520567947265
347589360604037121
347588401433804800
347464984671973376
347464611844456449
347449301414326272
347422896609710080
347406777370947584
347402840332976128
347400380717625344
347337903363473409
347315391338536960
347315243447365634
347293463244591104
347292991364399105
347291667914702848
347290634559819776
347284568111468545
347282571308187648
346979200927932418
346938305323077635
346937460615413760
346932571764031489
346919281193267200
346657877836042241
346657401484759040
346325298834448384
346324713183797248
346324469071085568
346237793690857473
346212269794938880
346211895235211264
346204695976620032
346203337202466816
346192897286217729
346192770446266368
346184036076638208
346183830295683072
346183614196756480
346181763862761472
345951080783441920
345946209455833092
345945360700674048
345942070449557505
345927892733153280
345927618295644162
345865220910088193
345864206375084032
345863603687157760
345863480856940546
345863264518955009
345862933558988801
345848073861349376
345846468655071232
345846216963289088
345845962549370880
345845778570424320
345844806989250561
345844567700029441
345842808118210561
345841039032070144
345836548912214017
345648533325639680
345647214967783424
345644642349490177
345644320541507584
345642979517665280
345642839373389824
345642574406639617
345642232063340544
345580617469157377
345580494353739776
345510552258371585
345487001702760450
345480953923239936
345462308446826497
345462246920577024
345461645583192065
345232361304244225
345225616070684673
345103231208271872
345102081734090752
345100887431196673
345093984957378561
345082658159751168
345053924518137856
344927479980498945
344927066250162176
344925454630805507
344859810858151937
344859350730420225
344859306702798849
344857639399854080
344847771272089601
344845349011206144
344815114228203520
344808758649700352
344808128442933248
344807935815335937
344807826117496833
344771065437892608
344771007485206528
344770024860434433
344582795747794945
344543423979741185
344508042383073280
344507427984658432
344507196656205825
344361908566102018
344197052789559296
344190015032668163
344184674828046336
344184430711156736
344181845648371712
344181663212904448
344181464289640449
344181047933689856
344179838720045056
344177472771854337
344176924526002177
344096683648507904
344096537753837568
344095328720539648
344095154581413888
344092205557903360
344091174019137536
344090994624581632
344090287083241472
344004490002837504
343801997281087488
343801780129366016
343770020284874752
343710114718552064
343690688610840577
343684022523801600
343672662939271170
343663866410057728
343450907486351360
343450658147549184
343450019292147712
343448249589436416
343439800407302144
343399392428060672
343385817009500161
343385559693160448
343384072992747520
343383767626432513
343383276402130944
343372915590438913
343364687846584320
343362851634827264
343355445915811840
343351600523403266
343348620432642048
343348284103995392
343343761633452033
343340502936064000
343339263443742720
343330884746887168
343329666926538752
343315837786140672
343307764543660032
343306595494686721
343300304206442496
343299135643979776
343291071230513153
343290344043057152
343287695436546049
343099207709765633
343096175651598337
343094672345944064
343094406578061313
343093642216488961
343093025901264897
343092829469425664
343092724121088000
343091393981456384
343002276362846209
342998075775787008
342986506253778947
342986421977616384
342982513481875457
342964355354214400
342958445881872384
342957972948938753
342932794852392960
342755721290592256
342754964873031680
342750909681512449
342750566214168576
342671391209947137
342628997630394370
342595040197111809
342589887125536768
342580206705455104
342579543405637632
342577636264005632
342552026976247809
342550977246814208
342550578762764288
342550041673752576
342549194353037312
342332515165536256
342296683406827524
342287741830193153
342019939210756096
342002940757827584
341964853335949313
341964441891512320
341963792755851264
341963567710482434
341963291666567168
341958426336825344
341957967035383808
341957611563913217
341957283372220416
341957008024551424
341956332045357057
341902220809355265
341899212918763520
341855627880054785
341655420097675264
341475048638533632
341473850330079232
341473098689830912
341472644677382145
341472123535114240
341471932065128449
340765129622827008
340597207373848576
340515577749712896
340493513617715203
340447794458419203
340415378301800448
340394561186705408
340220138034958337
340169156123045888
340164841673195521
340140718171508736
340140229405073408
340124588178554881
340123592882786305
340122281051312128
340121933658075136
340119775340548097
340119510243737600
340119247697096704
340118291597119488
340118184067743744
340117742994718720
340117153854418944
340041985652043776
339824886937686016
339810535514206210
339810260544000000
339808909713870848
339798103915892736
339790469842206720
339777929464672256
339775325372305408
339771702168932352
339771476372750337
339751180941000704
339746629013884929
339745566332448768
339745285200830464
339743917987729409
339720727462809600
339720383269859328
339720234111995904
339719795991793665
339717371918954496
339713126159237121
339689454115618816
339664297691066368
339662274648240128
339661346226466816
339659791720914944
339659495586295808
339415156285128704
339414578033225728
339370534242496512
339328529529438208
339327555993735168
339327368197984256
339326560752508928
339326099702022144
339007129472094208
338922529618018304
338922043749842944
338630480016576513
338600416759668737
338599767145844736
338568734367182848
338568346700218368
338567836286980096
338564197749248000
338385277976453121
338369796519366656
338314884339077120
338310777981251584
338306864326508545
338289810399694848
338231566679560192
338231154673061888
338024601206521856
338023957020151809
338017819012780032
338017445686165506
337998983987335169
337945842331828224
337903714486583296
337866898245029888
337866472531570689
337861638080311296
337656719905800194
337600782763433984
337600348032212993
337590425047150592
337523145013612546
337284509349343232
337280920635711489
337275959579385856
337261867158368257
337261372847042560
337252686871281664
337190407043702784
337189778766311424
337189431247265792
337189308626792448
337177876401111041
337177491452088321
336883245889236992
336872218455855105
336867294540075009
336866286208442370
336865660581851137
336865114256990208
336864903015043072
336864531508768768
336864298066395137
336857272703647744
336856108390035456
336608893348233216
336607652337577984
336579232358596610
336537353227235328
336532138637795328
336532056823693312
336511419866570752
336487588716220416
336487376937422848
336487096787292160
336480843574943745
336480295295533060
336478745621852160
336478133106638848
336477291993518080
336476035770101760
336461768136220673
336461416330571777
336460479490842624
336212199091617793
336212059593256961
336206623863365632
336172478596530176
336167360044097537
336141570959081473
336141264942669824
336140868794867712
336131039573446657
336130626883289088
336129451106643970
336129068774879232
336128749772873730
336127033790824448
336126862281568256
336126669582659584
336126446521184256
336126073777565696
336125827219591169
336125524093050880
336103333578305536
336075122593120256
336073394921549825
336071187874594816
336055665715970048
336052950432624640
336049066817515520
335835183385300992
335835109917872128
335834323099975681
335796924324122624
335796664948371456
335791971966799873
335791141205188608
335751898663641089
335743400252944384
335668785107320832
335504036197449728
335477200780414976
335471202174898176
335462452315701248
335432941079494656
335429732264968192
335428688055255040
335426481654206464
335425857566949376
335425147689369600
335417574361804801
335415874209079296
335399598711513089
335394402946125825
335388526596214784
335378083186102274
335376539279577089
335370513973116928
335369082411040768
335369020540862467
335368690881159168
335365761545682944
335365540157743105
335361722913267713
335361661122772994
335334260812693504
335333457054023680
335324869459836928
335324673304821760
335084732775821312
335084426402877440
335081549622038528
335072846197972992
335068892860928001
335011575670906881
335010651208552450
335010525782097924
334977394035273730
334972043751747584
334754489263325184
334744883711602688
334744567758848002
334744070763184128
334739737812275201
334739496887255041
334739360186515456
334738648186642433
334721792541331457
334720649996165120
334719178009374720
334713648536764417
334710130635599873
334709840058400768
334689000952586240
334688753245372416
334646047458607104
334641289003925506
334622060204670977
334613308697096192
334612186058067968
334594121253654528
334584424781971457
334584202798432256
334581459337760768
334580794263736321
334580469385547776
334576086501425152
334429167200382976
334406200898768896
334406054316224512
334397220675784705
334381331532378112
334377537465618432
334376896466919425
334376667701202944
334376345675128832
334376111716855809
334366385671110656
334361360618094592
334361207886716928
334335732829278209
334329142340362241
334327865573257217
334324536101203969
334324488000905216
334300968986505216
334300284413169664
334295236517982209
334290577443139585
334238619617345538
334232083457257473
334230260621127680
334039412298088448
334038527232856064
334034235251900416
334022345146630144
334011137249116160
334006852662743041
334004445287440385
334002977822093312
334002598107574272
334000688017334272
333993174441799680
333838020082020352
333837704141881345
333719964303360001
333644198588850176
333529795981885440
333528347227340805
333268861778530305
333251121520975874
333250628375703552
333249431715590144
333213774779650048
333213434009231360
333211865830264832
333211479505514497
333207799666446337
333207566505111552
333207041214656512
333206596018663424
333206175392882689
333206026696417280
333205921431973888
333205760534274049
333202347985620992
333200877370355713
333200650336878592
333197906511265792
333197637312458752
333197359859261442
333196596437209089
333196044504547328
333190472463945730
333190071563976704
333186935495487490
333163451306373120
333157476734210048
333155881195819009
332914110859726850
332905913885274114
332905835913162752
332812099757699072
332811969763606528
332797972335194112
332795955889967104
332795840953470976
332795365801734144
332794106080264193
332793963134193664
332793624720986112
332765581092728832
332764674103865344
332763965933371392
332757266723909632
332756990352826368
332618065286152192
332596066342010880
332587345289293825
332587168935579649
332586915129876480
332586793113382912
332586426501840896
332563044850860033
332562967419817984
332561881329979393
332555652465573889
332549716434886656
332549509613760513
332538554498576384
332521509757280257
332521249530052609
332520848395231233
332518863356977155
332509772303720449
332218017826086912
332214027252019200
332212272833380352
332212095691141121
332211575882670080
332211029675220992
332133920835506176
332103960548753408
332085719508066304
332035147874574336
332034673247150080
332033746700206080
332033471654535170
332033363596689408
331826019470282752
331816362940960768
331769114127388673
331755181781966848
331749302722510848
331748855588745216
331748046494892032
331741639699755008
331733619745886211
331727474662719488
331727071514619904
331715307225886721
331708138233425920
331699118529449984
331696069182373889
331610299041984513
331599632465534977
331599309244096512
331598987876528128
331598188140195840
331597922749788161
331597669736787970
331597435388452865
331597178973859841
331465702001221632
331456144256163840
331386253025087488
331385976486240257
331382551736377344
331382140057047040
331351442298396672
331351229622009856
331350905763004416
331075823048208384
331075316351131650
331012347256774656
330662088957624321
330624199381106688
330613174313295872
330588992154267650
330398848105185281
330397537049645056
330275313084936192
330272548648521728
330271982564306944
330270821304135680
330270283640471553
330269836154376194
330269500333256704
329922295885856771
329911632887169026
329903662681960448
329658316345192448
329658156722565120
329650363881897984
329650270042746881
329650147514523649
329649910527975424
329649771704905728
329648178188124160
329647946150866945
329647796640698368
329646570167496704
329646160212025345
329645848180961281
329645730010648576
329645476003586048
329571827485663235
329570782751637504
329570747020349441
329569163624476672
329564833148186624
329564629472788480
329544775680282625
329533392897052673
329526728789733376
329516443341299712
329515625619795969
329514865259606016
329510786877755396
329510514399006720
329506813085102081
329503718229803008
329503378096914432
329503181333753857
329503004518645760
329501886128463872
329500459410812928
329499720449945602
329283874817466368
329271683636678657
329271576002445312
329243124687843328
329242992407883776
329242584595709952
329197203056902144
329179355433545728
329147892889702400
329147231338889216
329147169540014081
328917417923338240
328915643967619073
328864916071133184
328786852104503296
328785553749331968
328785352716337152
328783698189234176
328782555891527682
328544718113878017
328517076836823040
328441169354833920
328440665379835904
328437763269591040
328422706284490752
328422253081530369
328216429394530304
328179394537455617
328166248091381760
328162738733989889
328090922581647360
328089144129617922
328070555850903552
328068331175284738
328067965717192704
328044852572999680
328041946121658368
327833227567984642
327827809374457856
327800010190233603
327718047018278912
327713154018729985
327712882332672000
327712042633003008
327711761493012480
327711434463121408
327700438252130304
327534037528891394
327516612225810432
327502061312806912
327460284404998145
327458672777244673
327442492133871617
327438724659044352
327375067648503810
327355746289328130
327355435990519808
327337943259824128
327326471678992384
327326159400493056
327324308701597696
327323885164953601
327100322138951680
327100156552024065
327092060702257152
327083557933690882
327012938747625473
327012501386575872
327012177791827968
327009434301784065
326981367101538304
326981101455286272
326980702681845761
326980371059191810
326978958723801088
326977855466635265
326784229646143488
326780392923336704
326777450539397120
326756166346612736
326754109162156032
326725884537081857
326707576752459776
326707390491807745
326703399137599488
326702573048430595
326681759263641600
326681187496128512
326678522632474624
326676941191147521
326643993070936064
326643280643235842
326641612614688769
326641426869911552
326641052024979457
326638580917227520
326638456036028416
326634480569839616
326632721784922112
326632636653117440
326632351784382464
326630901108850689
326630606492557312
326570230946099200
326440651216523264
326440562439880704
326430197492621313
326428351965298688
326428181844348928
326427836988661760
326425879188234240
326407886320312320
326385379001368576
326371181072621568
326365402772938752
326326229659705344
326310578501066752
326309862478868481
326308758445768704
326293191361953792
325645822651924480
325645513842126848
325645194190024705
325644866501611520
325644638608314368
325644290053251074
325644030778146817
325642349122314240
325632857194262529
325597001469288448
325596284180381697
325595925584150530
325594490318495746
325592877612802048
325592674646257664
325592451379232769
325592244482629633
325591047822536704
325590301131567104
325590068326711297
325589702893785088
325508047852163072
325506376870805505
325288403224625152
325287906426101760
325287417785491456
325234983960715264
325230413134036992
325230049756323840
325229306202705920
325225848057757697
324922223490117632
324921918954303489
324864255956496384
324861868843888640
324829537718398976
324822751179337728
324812476824817664
324791023484145665
324783148519022594
324775007123275776
324773882261295104
324581649943777280
324555750963810305
324554338049601536
324539595700199424
324533096630345728
324529601772662784
324522416669855746
324510928223748096
324504377475878913
324503643325857793
324498724493590529
324495395826831360
324484521313579008
324484027551727617
324483786370871296
324481745330262016
324480314795757568
324479598849048578
324266711622770688
324266019805855744
324265822077997056
324265131653615616
324222452995612672
324221085493121024
324200949528817664
324197963859652608
324195403224473600
324192241637810177
324190337683816449
324189716352212995
324189398159749120
324189083364622339
324188887712944128
324188530953822208
324187812104642560
324187329914867713
324185966241796096
324185455589457922
324185270801027073
324080317856100352
324078665182875648
324073471254597632
324072768079532033
324072195838054400
324065830151274496
324065540924637184
323893242359840770
323882353967648771
323844649208909825
323842236787879936
323841328666509314
323838484211175424
323838332490625024
323837590711201794
323834507448950784
323833563285950464
323833098565480448
323832456736284673
323829816765845505
323829578168692738
323829362170400772
323828365108850688
323828128931778560
323824858620375042
323822395209154560
323821004365389825
323801762542800896
323801308496818176
323800020547678209
323756496141815808
323533349694107648
323533057451778049
323532821220171778
323532460006703105
323481653928402944
323480687116185601
323472276014116864
323471610885578752
323471378164613121
323415561830793217
323411388703862784
323408669008089088
323362644289531904
323361532694110208
323359400754556928
323172680062885888
323080067943124992
322811677563310080
322810832658526210
322810403195322368
322810091705339904
322809825035706369
322795375238971392
322795132279721984
322792232702853121
322783290241200129
322783067716583424
322781875737333760
322781744631803905
322781594999992320
322781408563195904
322781239801159680
322780769640660992
322780684873789441
322779203751796736
322770158433214464
322769708388585472
322766026104258560
322765912983879680
322765569973710849
322765399781412864
322760335704592385
322759988042944514
322759891540377601
322759799722889216
322758529524047872
322757533242650626
322750434458599425
322749890893590530
322749433987072000
322748766316810241
322744235415703553
322743943081103361
322731472781971456
322731154828578816
322724789074677760
322720893715501056
322707412370989058
322706923612954626
322706158227951617
322705910864678912
322705442411270145
322705245526429697
322705088995008512
322702873551052803
322702595405787136
322692652132864000
322692432997273600
322681888894500865
322677003625041920
322672990926036992
322671002444263424
322670467053912065
322663149469843458
322659799697338368
322655236080664577
322652191817080832
322649764212662272
322625756813471744
322625582682750976
322617599676526592
322615548070469632
322615318621069312
322435988519534592
322426615487401984
322426283013324800
322425826740162560
322326390697512960
322316354466246656
322315666097074177
322314101869137921
322313535432572928
322307860400844800
322302705467015169
322302024429469696
322301774318944257
322301064739180544
322298830567645184
322298331323830273
322277843440635906
322277457556291584
322276698546651136
322276111516061696
322273622158884864
322242250245550080
322094599600480257
322090102383841280
322089887656452096
322089363175518208
322062888124698627
322062166201098240
322059466415681536
322055570263769088
322055234522320896
322054981194747905
322054341961850880
322051034035912705
322050336888074240
322049859739852801
322049675588952065
322049514934509568
322049148901797888
322047819542298624
322047445225852928
322047237393874944
322047044044853248
322046669665468417
322045246248734721
322044982217293824
322044605275197441
322043181459988482
322042509134020609
322023818778529793
322023326719557632
322022867527139328
322021747450847232
321941621224656896
321934170534313985
321924042452004864
321915825298747392
321915477922304000
321910726560202753
321754084040404992
321753707551268864
321750749069594624
321664097768853504
321641981149343745
321641691650080768
321641588033986561
321594893799677952
321593747450249217
321588357585063936
321560902799343616
321553929731207169
321552050519408640
321551283398004736
321549551217561600
321549182332710914
321548749459570688
321356977877942272
321338340324552704
321337131412885504
321336414245617665
321316394371280898
321314099084546048
321313503535304705
321309726451331072
321299342973616128
321295845037318145
321295439834005504
321292996689678336
321291333786546177
321290461291610112
321280341585326080
321279724632539138
321277288383655936
321275954641125376
321271889630752768
321271575011815424
321268405908930560
321267154357997568
321266977979129856
321266553310023681
321265406834786307
321264028326445056
321250208124121088
321129123718234112
321127977347866625
320988967279394816
320983593390321664
320956541257797632
320614300156833792
320614077409927168
320477463782256642
320467074872926210
320466169628876800
320464700884283392
320453152891613184
320449287517503488
320248371287834624
320248175678066690
320240445785505792
320236294053703680
320228260023791617
320227767067213824
320213216154222592
320173243501797377
320159163080654848
320141027212156928
320139915679653888
320118863083732992
320118384404615170
320111623782141953
320111376154624001
320108898361167873
319852365488472064
319836955774971905
319832621855154177
319819039352422400
319818217688276992
319816524930105346
319815534877212672
319814576197746688
319797125846290432
319788347184803840
319786328009109504
319786037377372160
319762282496270336
319758714410266625
319737393756377088
319565645178089472
319563026380492802
319559400664743936
319559182124728323
319558842243497984
319558547581067264
319557881106145280
319557681671204864
319557493523111938
319549982380277760
319549803308666881
319548027692003328
319546291141087232
319535775630888960
319535597498822656
319529083530772480
319528043091730433
319521646966882305
319516085865033728
319515260245663744
319514433162457088
319508359759949824
319489114632249344
319488851271888896
319483202316140544
319482959868620800
319406559060955137
319406327279521792
319404238797156353
319404066553880576
319402735084642306
319402532134866944
319398544580689920
319350282880442370
319349805337952256
319201479351209985
319197069619380224
319196359364313088
319195395471310849
319194803843784704
319192062559928320
319184624817422336
319184528000315392
319183665852715008
319179231328354304
319097242659192832
319096547889541120
319096192149630976
319041912990482432
319041573801312256
319022811136020481
319022350639181824
319021982194757632
319021298850361344
319020745999126530
319020166660890624
318992008318439424
318991590284742657
318991272490704896
318990206923583488
318990143069515777
318990036819394560
318988958866477056
318988406040444928
318988289854042112
318986902038523906
318985163109445632
318982216464097280
318981640963637248
318851182309281792
318849522908413952
318847162714816512
318847019630346240
318845735921659905
318844853029052416
318839865951256576
318839696371351552
318839575944495104
318839468385767424
318839309174185985
318839059747323904
318834922892709889
318831509387763712
318829429205893121
318827868434096129
318795606674010112
318794881692733440
318794266908450816
318780391341293569
318776982844358657
318746857264267267
318746621112373248
318743297910775809
318742926433861632
318708757133672448
318702119031029760
318447061399916544
318309427444850688
318309247685365760
318309064171999232
318308911709032448
318308587766157312
318305312283189248
318305054241222656
318099866981113856
318059206785773569
318056782243184641
318045943171796993
318043032161239041
318035388021219329
318034894620082176
318034746926063616
318034620488769537
318034522014883840
318034352002981888
318032782800588801
318032625077981184
318030797967872001
318027170016526336
318026638250098688
318022337620475904
318019002062487552
318018830821638146
318018006611537920
318016507663745024
318016121053802497
318013963101163520
318013674600165377
318013353320656897
318012881155260416
318012532583460866
317952009452019713
317951771882442753
317950351661744128
317950168139960320
317946839053770752
317942321024995328
317736485891735552
317718074683949056
