398131446562693120
398131373862813696
398122171752792064
398120485101535232
398117950189998080
398116647925719040
398102504967507968
398102466224717824
398072555699179520
398061648352919553
398046877121544192
398043578280452096
398005237619105792
397864410519465985
397863868250488833
397863820028162049
397863585587924992
397862695955091456
397861502210048000
397861195132436481
397852127860916224
397851951691730944
397851209836806144
397851201435611136
397850690883948544
397850446838386688
397848325690765312
397822929150701568
397822826142765056
397820678482956288
397818979882123265
397818186449440768
397812164507230208
397809134978211840
397808671096590336
397658146220810240
397630476124684288
397458218118807552
397330925849427968
397330451083194368
397319743084167168
397093407723884544
397037365862359042
396993692013449216
396988031087181824
396977064907395072
396957008861339648
396954994081284096
396951333041082368
396947526047531009
396946636238495744
396946245748789248
396945482007990272
396944932478672896
396926764657950721
396925601036390400
396696268388704257
396691895122132992
396690153034756096
396688184417218560
396671325030580224
396669348443860992
396668503002185728
396666896999018496
396658634501152768
396636294350393344
396628733588930560
396628514843402241
396628033320517632
396627589961621505
396626833900589057
396626720054595584
396626400800940032
396626145938259968
396625893298565120
396625723433426944
396625706752671745
396624279561056256
396624028439703552
396623714311483393
396623428809396224
396623344625537024
396623227675770880
396622526878855168
396622390203273217
396621700114415616
396621066699042816
396619943317606400
396618707285598208
396617791010504704
396617353997602816
396617255062372352
396614583211008002
396614443863650304
396614121279741952
396613949543972864
396609166921707520
396609043495919616
396608427281383424
396606997178875904
396343910802673664
396321748507181057
396289770965725184
396289704766996480
396288490381778944
396287851618635777
396287099647057920
396285785349296128
396285215884468224
396284922068869121
396284339828572160
396283509704515584
396282163790098432
396263612630962176
396240809580064768
396232842788999168
396231600448745472
396230813622497281
396230685230661632
396230234028408832
396230192269897728
396199884464062464
396199234753810432
396197100968366080
396196902926299136
396195592046931968
396194330693873664
396193869911834624
396192430485405697
396191571311624193
395974565119422464
395973385907634176
395972165218344960
395971017489014784
395970232906682370
395969161727582208
395968762857684992
395967823404875776
395940114482077696
395934444194119681
395933516984512513
395932938275409920
395932537232830464
395932349449662464
395929455233081344
395929316108009472
395928658726371328
395918721661022208
395883022635245568
395882335352414208
395879555795537920
395875041688428544
395854890746253313
395841154165796864
395838732215259136
395838631480664064
395686185097760768
395685857409388544
395685791101648896
395684668911394816
395681080667549696
395675035182317568
395673175918645248
395672998323441664
395672625537880064
395671619928334336
395650909382131713
395625322668109824
395553764285095937
395553630289666048
395552227546648576
395474841572478976
395473836327854080
395471661677682689
395468016588455936
395461902446628864
395460631232774144
395339270724276224
395339161336836097
395338909464666112
395338614873538561
395336550122524673
395336518627520513
395336469604487168
395336156143173632
395335471444008960
395335115481837568
395334282539188224
395334114519576576
395333952808161280
395333724726132736
395333460610781184
395333302389075969
395333249410809856
395332889212358656
395332799752060928
395332162121383936
395331738165338112
395331616270471168
395331475014692864
395331329874997248
395331052237225984
395330865984970752
395326913008635905
395326803109486592
395326250308620288
395326132704526336
395325956757651456
395325734421823488
395325497401679872
395325417756061696
395325249027588096
395325138780307456
395324934140231680
395324747531431936
395324612533583873
395324338590998528
395324299047088129
395324161335513089
395323992804175872
395323146309758977
395322508259639296
395322031723802624
395321811283738624
395321128627240960
395320887958048768
395317545215197185
395317067437862912
395308433328852992
395308292819668992
395214685878104064
395208820202692608
395202895605678080
395200258806120448
395200105122660352
395198817492283392
395198608104259584
395190914685362176
395187221365788672
395182575498821632
395178490150285312
395176470462873600
395174760780685312
395172572457078785
395157481695227904
395156197864931329
394926105972711424
394925831958847488
394924574586191872
394920880125788162
394916716922556416
394875638567669760
394813702350065664
394812693708038144
394767181256609792
394758024151441408
394554358664548353
394482179004456960
394481212901031936
394480746863525888
394479385698648064
394412094059466752
394410309366321152
394407001209716736
394406551597109248
394400201282441216
394394597553893376
394394483087126529
394227738267365376
394180284746567680
394086460296810496
394086311168331776
394076729406668800
394072787390070784
394055830666215424
394054838537158656
394053563980447744
394053408623435776
394052827657830400
394052496588820480
394051790922346496
394051431344652288
394051376516694016
394050921845755904
394050806204600320
394050270692659200
394050170893369344
394049995718262784
394049955687837696
394049602649083904
394049558063620096
394049483077869568
394049357705920512
394047517757038592
394047413197242368
394047318984769536
394047240144449536
394047158691049473
394044884187099137
394044773478465536
394044743690514433
394039992923983872
394039591365517314
394038835015077889
394038616223404032
394037201392386048
394037147550101504
394037121746759680
394036959666262016
394036541099888640
394035569497743360
394035446160035840
394035386911318016
394035270867501057
394035243038294016
394035214701580288
394035135588597760
394035071751323648
394034974133092352
394034953606156288
394034854431834112
394034812006453248
394034583744053248
394034489388957696
394034371495481344
394034150061408256
394033614071271424
394033571650109440
394033496236490752
394033119604776960
394032772958150656
394031032510734336
394029859854639104
394029727448842240
394028113396793344
394026496178003968
394025912259596289
393778544771616769
393778438085312512
393775542643994624
393775490479431680
393773194718740480
393772855496019968
393772678769033216
393723985130979328
393713722302427136
393712795742920704
393712391277801472
393710844850499584
393710709659697152
393710124818497537
393707498357923840
393707039748550656
393703362954530817
393702220845572096
393702121746747392
393701198622367744
393698359133110272
393698081176576001
393697762879225856
393678585514708992
393676725563174912
393675599610667008
393675190347259904
393674194401361920
393674125807738880
393674051694383104
393673980626079744
393673954726277120
393673753223495680
393673667936518144
393673518627700736
393671972150063104
393670634703974401
393640115836571648
393504031525851136
393503742777393152
393502783695228928
393500837387198465
393490240075472896
393490146840313857
393487234017812480
393487028568223745
393479498924294144
393479300730847232
393477762507632640
393477616893964288
393475301973696512
393475121241145344
393474932606525441
393470176525840384
393467908799889409
393467673193230336
393466683333312512
393414070617247744
393413206397689856
393411753100709888
393411695047344128
393332772515115008
393330431070068736
393315797004996608
393129041861292032
393128990321692672
393127915623550976
393127630805168130
393123304653225984
393123123635445760
393122864779755520
393117567801643008
393117347026046976
393114231333466112
393019969027723264
393011469568466944
393011231189393408
393010707463434240
393007886823350272
393003565549363200
392995289550049280
392994808379498496
392994008014012416
392990371770544128
392989517843824640
392983142107480064
392965100761796608
392962962321080320
392954317956988929
392949762439520256
392948461831991296
392946234341990400
392944822916747265
392944443164491776
392943802379694080
392943573140000768
392943514591715328
392943169480192000
392942589063991296
392941323931906048
392941251060072448
392938666899034113
392937292673056768
392936378969116672
392935097990905856
392935024116654080
392934106092552192
392925288805711872
392924621244489728
392923919076040704
392923543878770688
392922857887764480
392922669366403072
392767557876604928
392764686971981824
392763896836390913
392763571861745664
392763094537355264
392763023636852736
392760708511047681
392760648704466945
392760496111501312
392760363240140800
392760295292420097
392758964741742592
392742721452265472
392742552853835776
392742495748366337
392686641342840832
392681524208082944
392680288620646401
392677112567844864
392674674645430272
392668869787394048
392668304252608512
392668203593515008
392630904222670848
392579821433544704
392578448814006272
392578409647587328
392424507526615040
392423767353589762
392421989488803840
392421907683090432
392421329196302336
392420616273682432
392420129314963456
392419680436375553
392416771871092736
392416670398283776
392408962567794688
392408795307319296
392222147542024192
392221981523062784
392192110092627969
392189432767344640
392181418534912000
392181006981406720
392178520698683392
392042837069811712
392040179261009920
392014922059874304
392014217559441409
392008523108057088
392008307814432768
391995578244431872
391992150638215168
391969965223731200
391960028602957824
391940729595236352
391940358508396545
391919374598422529
391919297104470016
391919199452684288
391916327960862720
391906687365705728
391906387133222912
391905868499124224
391873148624580608
391866064822624256
391832408271912960
391668688690356224
391667426980806656
391666955696222209
391659904597258240
391659405475065856
391659179334983680
391658956843941888
391658715692400640
391658430060331008
391658104636837888
391658036634603520
391655781348945920
391654667949973504
391654229305491456
391652061382971392
391651925172961280
391651054817136641
391647202462171136
391646949348495360
391646621626531840
391639482480738304
391638715480952832
391638574439088128
391632544031969281
391631766492286976
391630133322592256
391629912890937344
391628918174015488
391628867850739712
391628678964477952
391628481379172352
391627728811999232
391627535442014208
391627383713038336
391627201311174656
391594079286747137
391582993573507072
391549980605161472
391549908563795969
391549318291021824
391530737767546880
391503880863096833
391503325843447808
391503203663360000
391503116866445312
391502936658153472
391502893347373056
391502410835054592
391319059415203840
391218211909545984
391217954026979328
391210993713696768
391202572641775616
391202086563905536
391200395328229376
391199551937597440
391198911110856704
391198734962688000
391198518976974848
391198429374054400
391198400513060864
391198033637310464
391197936283287552
391197865953202177
391189702176690176
391178701968535552
391178617600081920
391178405838061569
391178128825274368
391178082813747200
391175657776242689
391174704721301504
391172466854604800
391171406207004673
391170983002116096
391170231126990850
391169810757062656
391160410327756800
391157458896707584
391146920011649024
391146391193812992
391146281261072384
391146038243127297
391145976385536000
391145390827118593
391144597969448960
391144275289063424
391144160272875520
391144093247897600
391143581597327360
391142160550359040
391141876394643456
391141774955409408
391138991082577920
391138087688220672
391138043610292224
391137946650546176
391134977670524928
391130873317568512
391130353450373120
391130257455329280
391129758450581504
391129127128162304
391128735958966272
391119789827321856
391119325685628928
391119243905077248
391097087401947136
390971832092086272
390971719781216256
390970817699663873
390968618387009536
390968224269230080
390966979378827265
390966275826282496
390966135921070080
390965607665262592
390964747967160320
390953416287322112
390952313705496576
390950187348533248
390949810788126720
390949547272593408
390949059739271168
390948414546280448
390947461503909888
390945120675442689
390939239430758401
390938775788195840
390938533726519296
390935522425962497
390935272642592768
390919962426355712
390916270662893568
390903194962108416
390850371356487680
390835350375247873
390834962695720960
390828617443598336
390827664829075456
390826507872268288
390826046515597312
390823820057382912
390809599806156800
390807859086516224
390806983978545152
390806816093126656
390806141619679232
390805468941410305
390805083593924610
390802713329827840
390801869783982080
390797350152962048
390793988208590848
390793554693726208
390781453702664192
390781417627873280
390781131257167873
390780955797237760
390748321201262593
390748257401712640
390600224487772160
390584144394477568
390584077273006080
390583896456568832
390555466331598848
390550061782138880
390549559547817986
390549499682504704
390549457361960960
390549070697476096
390547905863774208
390547614426746881
390546615410622464
390546294307323904
390518711540785152
390517667528212480
390515120415465472
390515109036310529
390514910687674368
390509422327644161
390496282412060673
390494210325233665
390490448076480512
390489808772268032
390489597060595712
390489500205723649
390489329845694464
390488988106391552
390469951246831616
390469922742337536
390465111124889600
390463784957280256
390463765227261952
390456341531488257
390455930103820288
390454947441299456
390454736551682048
390454622470799360
390454421685301248
390453612864090112
390452791027978240
390451935842942976
390448328129134592
390445123810889728
390444920684969984
390444841811075072
390444603696218112
390442687859789824
390436513865302016
390436197547663361
390426567371161600
390425964372836352
390425797456314368
390425690769989632
390425438600044544
390425260547653632
390424984214323200
390424615459516416
390424589568049153
390424559763324928
390423895670812672
390423498591842304
390423226855485440
390422764127289344
390422579120701441
390422523655237632
390421868442050560
390419880853659648
390418603553882112
390418534045876224
390417933098569728
390417854560210944
390417313025245184
390417242380599296
390416906064510976
390416876897316865
390416762497667072
390416333592330240
390415608283951104
390415191646945280
390415096671133696
390414354170257408
390414254928855040
390414026062454784
390413948966932480
390413046293991424
390412953964797952
390412495841951744
390412436870008833
390411871003873280
390411784945164288
390409793640603648
390409363724460032
390408939269259264
390408654840930304
390408232407433216
390408112420577280
390407918589575168
390405236663541760
390242559806959616
390241993089376256
390241596740210688
390241559759040512
390239035341668353
390236014591377408
390229415017598976
390228860740337664
390227702697197568
390194652173041664
390193465847738368
390192010206138368
390191690612764672
390191584421351425
390191521779425280
390191405316206592
390187233149726720
390186874704510976
390184094552051712
390167941117132801
390136019586400257
390135227643072512
390134899778547712
390134294251061248
390134138726252544
390128598499483648
390128467125473280
390128102254587904
390119546205777920
390117731062005760
390115081474027520
390109579872567296
390108700889055232
390108559566180352
390105305226702848
390101347825352704
390093056114176000
390090408644321280
390088009808621568
390087529128407040
390087399306690561
390087078429872128
390087028425379841
390086747306336256
390085308450340864
390085157866446848
390085034226761728
390084981974106112
390084835710337024
390084324181422080
390083813055148032
390083328780824576
390083185901842432
390077346667331584
390076555181170688
390073340939210752
390073162358345728
390072942857830400
390071255111831552
390053953364582400
390052224615063553
390051923501809664
390044516696477696
390044175934435328
390042781181550592
390042308277981184
390042264376209408
390041818093867008
390041047809941504
390037745718288384
390037636637016065
390037606463176704
390036327640879104
390033885771599872
390033644158726145
390033045837074432
390029510726676480
390028295284469760
390028196101771264
390027908267642880
390026120479137792
390022344066220032
389864081387454465
389863846170869760
389855428118863872
389853840398622720
389853701034479616
389853267389579265
389847346982682624
389847264266817536
389823424648183808
389822449300570112
389820166441558016
389815728368807936
389815624131960834
389815493659742208
389799748221558785
389799591597862913
389788308643254272
389779739873144832
389774740220821504
389767375912173568
389766968485871617
389764443829436416
389764327966007296
389764257338118145
389763372272865280
389758801035137024
389754824352628736
389753561506398210
389750405988884481
389750267862081536
389749927498510337
389749635482652672
389749554633269248
389749492154920961
389749370037743616
389749266568474624
389730295500775424
389716308784586752
389686839776669696
389686714077569024
389684776049070081
389684583245299712
389684279711920128
389684187185565696
389683774487023616
389683630332993536
389683475080818688
389682808622682112
389674725343248384
389648957192036352
389648430563590144
389648370316607488
389488116069072896
389468485468045312
389468252596092928
389431177385607169
389427528374706176
389343551085355008
389144507218165760
389109645199286272
389099491246493696
389011545793236992
389010544331866113
389003727786758144
389002862883532802
389002732352598016
389001442809634816
389001060322672640
389000627415945216
389000076737396736
388999191005261824
388998828604813312
388983415485526016
388980533386305536
388978856889425920
388977678025764864
388977265398517760
388977052499841024
388975947627921408
388975274366627840
388972357362397184
388972180215971840
388972033234964480
388971527372570624
388962048669130752
388938798769651712
388808828709777408
388807947666874368
388807791085105152
388805995939782656
388769080154816513
388768588536225792
388705453188079616
388703993478008832
388700347730231296
388688600524914688
388688510691319808
388686388562259968
388677490639917056
388674134953447424
388673825191510016
388671057223491584
388671030111510528
388670519786344448
388670431160721408
388669658532175873
388667913273872384
388666804618665984
388666666814832640
388666274911617024
388665536005287936
388662548125728768
388660498209976320
388656067657625600
388654988123443200
388654661764677633
388654472354078720
388650569285763072
388646951891529728
388646666070679552
388645510225358848
388645349386375168
388640509562195968
388638170163998720
388638036642521088
388637985375518720
388637724221394944
388637326374883328
388630539101831168
388630369945538560
388630068270202880
388629872731750400
388629751969349632
388629400893521921
388629210321154048
388629111377518592
388628477576216576
388628295530848256
388627845041635328
388627517000912896
388613811684782080
388612511739957248
388608125609467905
388605285243572224
388604589433708545
388603750946197504
388603674924429312
388603388591890432
388602671206531072
388602269631250432
388602064554962944
388601608076271616
388601237366915072
388600482710953984
388600105546547200
388599984209551360
388599814851919872
388599735608950784
388599484105908225
388599406507073536
388598155677544448
388598092196765696
388597878660550656
388597512783011840
388596891371712512
388596631941443584
388594781418684416
388592794446872576
388592256707756032
388591135016648704
388421938554875904
388421478833987584
388420924388945920
388420316718178304
388413635498110976
388413454333521920
388412969929154560
388408427233705984
388407811233021956
388407722875834369
388407534597734400
388407263763136512
388406895327084545
388405851616456704
388405493464829952
388405062915325953
388404873605447680
388404563503747072
388404299661053952
388402896720916480
388402578020913153
388402482025889792
388402366745427968
388402049983193088
388401751432650754
388373663625797632
388372373227208704
388372096604471297
388356482385068032
388355377722826752
388323676044931072
388322651275812864
388322513237049345
388322473441513472
388322407163133952
388321886578671617
388321585599627264
388321345089847296
388321143964585984
388316341884956672
388315945158328321
388315737720627200
388309956417835008
388309915099725824
388299198783049728
388298737736744960
388293637416947713
388292353758605312
388292124200169473
388292064930443264
388291989151956992
388291877390536704
388290658899070977
388289599610834944
388288484680945664
388288152693391360
388287893623816192
388268656263979008
388268458812932096
388267556764930048
388267362186952704
388267187544522752
388266733007831040
388266694617346048
388266633015615488
388266242823704576
388265651334574080
388264956061569024
388264584295231488
388264472265379840
388264138319069184
388262352933888000
388261788120530944
388261545211617280
388259616016318464
388259481081364480
388258425119186944
388258143022907393
388257759197949952
388253541045108736
388247215233568768
388246505532174336
388246362774863872
388245906824630272
388239850056744960
388213099205263360
388212025908002816
388211757950717952
388211204600389632
388211043576872960
387991635134779392
387940054536318976
387939779415142400
387938764594872320
387936605249765376
387933904021504000
387932329244905472
387931821318864896
387929059881394176
387914560281526273
387913920994091008
387913277101326336
387911075494387713
387910936067321857
387910477076254720
387910422613213184
387910379747422208
387909924082450432
387909520850452480
387909412876484608
387909309491081216
387909200787275776
387904952070569984
387904313592672256
387895082680328192
387888610542104576
387887895740416001
387887654656016384
387885093991505920
387883857858793472
387883655718522880
387883563229937664
387883453678903296
387882890262216704
387882631259758592
387881678796255233
387881499632365568
387880483545432064
387880370538315776
387878698042802176
387878493151064064
387878197318418432
387877492545323008
387871300292988929
387871254935777281
387870520718659585
387867401788088320
387867232073965568
387866319997382656
387700313471598592
387691755849924608
387663080794370048
387662926766948353
387662764187348992
387662085616074752
387634712610873344
387630459972505600
387630024599535617
387629774153478144
387627424554680320
387626814140858368
387626417141596160
387626169459564544
387625553391812608
387625501445341184
387621074856587264
387618619301310464
387618511377666048
387618171580346368
387618078684905472
387617948900528129
387617731681730560
387615725713915904
387615334918012928
387614041986052096
387613864189501441
387613762578309120
387613703132430336
387613546886213632
387613293671899136
387613100272549888
387597814127407104
387597130829160448
387596255226245120
387596165107449856
387587185098391552
387587078588207104
387586762727751680
387580796762337280
387579385777491968
387579019442794496
387576825809219584
387576512041730048
387573784745889792
387572599137792000
387572503528628224
387572457160597504
387572144596844544
387565133134069760
387563521770524672
387563050452398080
387562940834271232
387562570519162880
387562418244968448
387561861845377024
387561662351671296
387561447532027904
387561197962534912
387560884081795072
387560527037497344
387560358908796928
387560167178772480
387560095821099008
387559909258436608
387559805969518592
387559647265435648
387559507473473536
387559266758164480
387559087715934208
387558955582754816
387558827102855168
387558597934456832
387549139904765952
387542678982127616
387534934774390784
387534848996683776
387502578457919488
387502103411056640
387336049061789696
387333144023924737
387332563821666304
387332517462032384
387331953223282688
387331813930467329
387329463991930881
387329176472391681
387328968887910400
387328745595736064
387328501214629888
387328012930527232
387327708306632704
387327310116184064
387326413575307264
387325130562895872
387313792587403264
387299907851550720
387299796962508801
387299213618737152
387298440138723328
387296628572696577
387296041802153984
387293541644632064
387293434283048960
387293191013421056
387292211341426688
387291181727899648
387288234197516288
387285487985360896
387284163134779392
387283991789051904
387281401848270848
387280687721902080
387279467330416640
387250168560877568
387250104065064960
387249992614047744
387245221551304704
387244736891084800
387242951883366400
387240077631684608
387238007902044160
387229350716014592
387229113892999168
387229048843554816
387226835693875200
387225720134848512
387224390867640320
387223945839407104
387219525755994112
387214809294716928
387214710439153664
387214551907065856
387212700734214144
387212597390741504
387210877914841088
387208050521935872
387207701308379137
387196030674305024
387195555396739072
387195188302856192
387194128108638208
387191797984014336
387191136240287744
387187920626806784
387186608493322240
387185636849233920
387185405675966464
387184601292353536
387183444952117248
387182920496340992
387182863961317376
387180630657998848
387179844901277696
387175815236321280
387150282037428224
387150239012241408
387147845914357760
387136356579028992
387134708305633280
387134160391131136
387133935823912960
387133743896743936
387133621687312384
387132558431223808
387132141903310848
387131994578386945
387131273623666688
387130823759380480
387130664191279104
387130530057424896
387126145852116992
387123871604019200
387121916647342080
387121811366109184
387120269577691136
386974550048919552
386945347039551489
386942667789438976
386942634482479104
386942456375549952
386939978674356224
386939755684167680
386939554705715200
386939526192840704
386939137175330816
386937763154898944
386937637212540928
386937507411419136
386935340592005120
386933771196706816
386933585821057024
386933095104278528
386932965655453697
386932226010931200
386931915972169728
386931679040126976
386931578431373313
386931530482069504
386931272440090625
386931124905447424
386930976972374016
386930870067941376
386930644523450368
386930357012271104
386930183246454784
386929952995962880
386929774675124224
386929467308138497
386929345681694720
386929149765754880
386928848807686144
386914504032149505
386890285214867456
386872419673464832
386866820444995584
386825996684775424
386810828424740864
386796090961715200
386794156653551616
386574249965936640
386574040150077441
386573829889593345
386573108385427457
386572294661107712
386566861531660288
386564191320276992
386562788724047872
386562232576122880
386561846993752064
386432040306237440
386428007122214912
386425923505242112
386421075929997312
386420410067456000
386420357844172800
386420176583151616
386407558107660288
386403789303214080
386401998410887168
386400886635130881
386399559414718464
386244952281608192
386147070408921088
386128403377963008
386107400727826432
386107340350840832
386100718777942016
386097312524959744
386092121301983233
386070416198221824
386069748368568320
386062679070478336
386061772048039936
386060513714909184
386060423944241152
386059153120440320
386058642522652672
386056539959984128
386056229568929792
386050409271685120
386050332889190400
386049670105288705
386048776181673984
386038141817470976
386037926104420352
386037827798302720
386037683438768128
385897420728848384
385896589019332608
385896409746386944
385895547900809216
385895430217027584
385895168974798848
385895070823899136
385895030709563393
385894881312661504
385894746063134720
385894670267867136
385894564374257664
385894503602991104
385894419414921216
385893821214916608
385893212956938240
385892628644245504
385892304340672514
385892103357988864
385891889716953088
385891749841104898
385891501961932800
385891355748499456
385890327175135232
385890285907353601
385889814803128320
385888840072056832
385888655690440704
385833846119608320
385832619835158528
385832455707836417
385830979178606592
385830934660284416
385830757127979008
385830148874199040
385829980187668481
385829811845087233
385820111082647553
385816835486408704
385812101258035200
385811036059992064
385810976664457216
385776370372313088
385771043291680769
385770140199301120
385769899177820160
385768984815357952
385768879173414912
385768481213648896
385763201851600896
385756620275589120
385756341845114880
385752584637923328
385752483085422592
385751864824057856
385751808528117760
385751475705880576
385751192795881473
385751173300768768
385742663276060672
385741252287008768
385741041888149504
385740732914737152
385740567709503488
385740006780047360
385739706342068224
385738818282094592
385738668402831361
385736077266661376
385728791206957056
385725324178509824
385725086713794561
385724689110544384
385724253192331264
385723906419859456
385723764476231681
385723317233414145
385722562598416384
385722229511958528
385720283522682880
385719988713447424
385719851819745280
385716769203433472
385716549359005696
385716513011138560
385712656025657344
385711357594992640
385710780261601280
385708339071827968
385708251327000576
385678599774539776
385660213749350400
385659440747536384
385659062421315584
385658873665060864
385515682559164417
385505253791383552
385483046516195328
385476604912484352
385475415915393024
385474861654880256
385467930542354432
385418726159695872
385418376186957824
385418229952548864
385418128442032128
385407875537199104
385403595149291520
385402102761398272
385402018925658112
385394489931870208
385394108719972352
385384033024487424
385381281275850752
385381214133436416
385379026514489344
385376928041304064
385375361456160768
385369620603240448
385360613134061568
385360212494135296
385359416037761024
385358858077863936
385354600771231744
385349234448687104
385344534206746624
385325422961250305
385324878054035456
385324682146512896
385316991852376064
385313190382698496
385164617854746624
385163936724942848
385109160175882241
385107578289922048
385104326588633088
385087342731857921
385081690240344064
385081584095084544
385081257958584320
385080311639732224
385068271160262656
385067963118018560
385067310886973440
385067189684166656
385066669317816320
385066368661716992
385065960383987712
385065003617112065
385056440270209024
385054557656846336
385047041128554497
385032565226471424
385032141933150209
385031822952124416
385030952881496064
385030649658494976
385029533872959489
385028784317272064
385027679160139777
385027669609701376
385027321876717568
385023874817343488
385022469951979520
385021718257238016
385021411984945152
385020882131116032
385020853769232384
385018336742223872
385018043988189184
385017924404387840
385017762491670528
385017699581313025
385017582111428608
385017135954935808
385017104380219392
385016965477433344
385016747826642944
385016683586682880
385016613218816000
385016484122329088
385016201141047296
385015914489720832
385015843509534720
385015385470545920
385015069433954304
385014641455529984
385014175992647680
385013900485603328
385013533408514048
385013435190493184
385013225701777408
385012986907488256
385012786319097856
385012604944781312
385012390716506112
385011678704074752
385009565055864832
385008721442930688
385008640958423040
385008281003261952
385005587102453760
385000494890242048
384993909933604864
384989262699315200
384987708546101248
384986014357659648
384985105040949248
384972962593787904
384964166882459648
384962916879187968
384962651941781504
384957701559963648
384706484971778048
384700254941364224
384676228588122112
384666997608693760
384663670892290048
384653069134594048
384653057055014912
384644465367195648
384623224149258241
384623099700084736
384621909562130432
384621581437521920
384621128784052224
384620997602979840
384620899481444352
384619486919557120
384618668736655360
384618353681510400
384614271793250304
384613902375747584
384608873359101952
384608741091717121
384607940780752896
384605691585236992
384605659142303744
384383873628766208
384382533162790912
384265756646465538
384077625607872512
384076584770355200
383948643210133504
383945131357110272
383908384401276928
383852542415085568
383852057821978624
383852029523005440
383851760814948352
383851657253359616
383851393859477504
383849802750234624
383839355582046208
383837392274489344
383835977573478400
383833351511375872
383832853471305728
383692858718703616
383692798190698496
383692638287056896
383692551947309056
383686204866437120
383681990442369024
383681691325595648
383681105570070528
383679548585701376
383679294314409984
383678756122292224
383678362256150528
383678201190686720
383674108850208768
383673686156668928
383672699757023232
383672607260037120
383672475240108032
383672241885814784
383671929817006080
383670846994534400
383611404424843266
383610763094790144
383607430762209280
383561617419821056
383561057144676352
383560281567531008
383559703529553920
383552216319393792
383551853818290176
383547179237138432
383501529409671168
383501395275821056
383500340618076160
383459456715329536
383353755598856192
383353534055727104
383353200977670144
383352996199157760
383351746787311616
383351627291574272
383351531413962752
383351092618481664
383349887821434881
383349074252300288
383348975514165248
383348833478254593
383348257893933058
383348056596701184
383347826132287488
383346460768874496
383345907665997824
383340648403075073
383335928863154178
383335829407821824
383335408333242368
383272234422661120
383257502982627328
383256860956319744
383244962617643008
383244466414698496
383236874581860352
383235998504980481
383235180259188736
383234581748785152
383230341252911105
383230258046332928
383228280356487168
383227589437194241
383189558323851264
383189503269412864
383189333106524160
383188921615917056
383188740182917120
383163191305711616
383163113564299264
383162114929856512
383158405353205760
383156974416035840
383149505220444160
383121390918189056
383119768376844288
383117992068145152
382935199241474048
382930383308095488
382928005620043776
382927604699119616
382927453888720896
382927163588349952
382926956268118016
382923193792876544
382922256479186945
382922001620676608
382921785194602496
382921711412596737
382921320717357056
382920722940981248
382890543610888192
382890347795582976
382890036725035008
382890004785401856
382889587720585216
382886793026490369
382886428273049600
382885360793313280
382884305812586496
382863348876201984
382862338912944129
382861187220000769
382858334921326592
382856999505231872
382855854191828992
382831904627900416
382826177377087488
382826001161785344
382824531909701632
382824333074509824
382824078958395392
382821094363000832
382787930215153664
382787446406410240
382782745757626368
382780983449509888
382622031784980480
382605221144567808
382564232975642625
382548564247056384
382548136105103360
382511527108296704
382511197175963648
382504128884523008
382502078129901568
382501996869468160
382497947910680577
382496836906676224
382493956741021696
382490724065107968
382490476018167808
382489891239899136
382489838353907713
382489645474643969
382489579028488192
382487585198981120
382487525681823744
382486787840823296
382486564938715136
382486422403698688
382486188483153920
382486069079736320
382485870965981184
382478863798112256
382478661821427712
382478579684347904
382478364768206848
382475704291823616
382264256663941120
382263582475706368
382241842743771136
382176854377242624
382176509072781312
382174543730966529
382167681149206529
382167499774918656
382167371521458177
382166938518302720
382166644153655296
382152882923261952
382146519681761280
382134336444977152
382129668809572352
382127205842956288
382109304431857664
382078898529648640
382078538398326784
382077233793597440
382077188503527424
382075351016673280
382075285086429184
382074932219621376
382074544821121024
382074095468548096
382073156087083008
382072302550409216
382072145993801728
382072074682257408
382071584623951872
381841328361209856
381771523897716736
381762398241452032
381750163934834688
381750110973362176
381750000017219584
381749903476920320
381749746916139008
381722606032130048
381717263977811968
381716534366048256
381536121609785344
381532001666596864
381505407103303680
381492103790219265
381480244961902592
381337431989293056
381131649423265792
381124960418553856
381122216508661760
381052457205641216
381051285350662144
381048701957177344
381047170809733120
381008174025031680
380999645004324865
380997352594894849
380997014504607744
380996621410250752
380994853838282752
380994322419949568
380993748261679104
380980214127656960
380979959227244544
380948048203223040
380945188858130432
380822832139481088
380822239853412352
380713533861670914
380713293192888320
380712287201669120
380707003565625344
380700415597477888
380684128402022400
380680561565913089
380678364375568384
380678342384836608
380676737543450626
380676034670374912
380675505483427840
380664875242242048
380662941793943552
380662773593935872
380662561408294912
380662321108226048
380662178610950144
380657539547156480
380656959537840128
380653874258132992
380646898270748672
380643896554160129
380643561009872896
380641766753701888
380641440441057280
380640794312712192
380640686519115776
380640381169594368
380633548749037568
380630397690073088
380630109637861376
380630031355375616
380628715849666560
380625458838405120
380624751557115904
380612934617268224
380609635935600640
380609482654756864
380608985201926144
380607347322015744
380601776103497728
380601729425104896
380599786845769728
380598953139777536
380598859317379072
380418908437901312
380316469189689345
380316293934891008
380313909267542016
380313674373931008
380313489845518336
380301675862687744
380301389815365634
380301341782212608
380112723121803264
380109668414398464
380109246551322624
379951824650117120
379854111925346304
379850305749671936
379672742460948480
379653646050672640
379649004373835776
379639526513451008
379638940283990016
379630955390337024
379621002667626496
379584307922501632
379578721650618368
379550312706899968
379549473183375360
379549128516460545
379548973201383424
379548675141541888
379548083321061376
379364486836400129
379363756134125569
379330847327129600
379282658943336448
379241965998862336
379230832483110913
378950297751527424
378835162551037952
378813775178366976
378812310972006400
378812271050653696
378811820775333888
378809929572040705
378807244743507968
378807046017417216
378807011334713344
378806964849242112
378806938047635456
378796646832013312
378793676828594176
378793560457617409
378641944454639616
378610639725658112
378555302272311297
378555201843900416
378554983807209472
378553941824659457
378553887219003392
378553695367356416
378553618259271680
378537118735560704
378534321298350080
378511721557921792
378509246335553536
378508655903399936
378508546666926080
378508409357991937
378499322666819584
378497741644894208
378497097609535488
378496714745057280
378496401279557632
378496188825493506
378496115437756416
378495899582087168
378495651992330240
378495443162128384
378494996552630272
378493784524611584
378493712068018176
378493469792423936
378492944594255872
378492851224838144
378492581417857024
378492298847612928
378491570540253184
378491379925925888
378491010848133120
378490236831289344
378488733655662592
378477019765678080
378474778182836224
378474177734664192
378473646706425856
378472933607612417
378472744624881664
378472310363410432
378472094910410752
378471866358579200
378471412581019648
378470911583997952
378468581136408576
378468429461991424
378466704256671744
378466563860725760
378465094151057408
378464788952932352
378463446586904576
378460420409163776
378459424773640192
378459364342128641
378458522536919040
378457746825555968
378456989451681792
378452040269430784
378451663373492225
378451309785284608
378450728362455040
378445051724320768
378444492883644417
378444387631783936
378247769808728064
378218791232368640
378217242082951168
378215865000689664
378215733278568448
378215198072795136
378215139650306048
378214979281121280
378172959300808704
378172742878908416
378171492443619328
378170186710679552
378169212986212352
378166029056475136
378162101359214592
378161884555665408
378161206835834880
378160791465525248
378159301988450304
378159263153414144
378110590327455744
378104150665748480
378104074979528704
378103314149548032
378103137024094208
378101784247799808
378101688668020736
378100803879571456
378100628373118976
378095784899923968
377880895749115904
377879874645786624
377867794995773440
377867229981052928
377858536749170688
377857540887162882
377857066679156736
377856474254671874
377817505764745217
377816952284381184
377816052669112320
377814552043618304
377809789356867584
377775484979126272
377774365737484288
377774259277668352
377773557432209408
377772020643397632
377764031878402048
377733974841626624
377733634952003584
377729510818721793
377729394015731712
377728378553790464
377728069345484800
377727965926522880
377727796602470400
377726999416287232
377726058529042432
377725941495373824
377725723815194624
377725457242005504
377725300035321856
377725169256919040
377724936116531200
377717342308147200
377699906246688768
377696152743055360
377686386528489472
377529453519593472
377528615296327680
377525023306944513
377524499652304897
377471014705586177
377460877928456193
377460723523538944
377460318982926336
377458075529396224
377453527603642368
377453470015815680
377453222921007106
377450763582472192
377449885546864640
377448288548823040
377447894833717248
377443542781919232
377440617523318784
377395890274975744
377394761864577025
377394532490690560
377394264952799232
377394163261923329
377394104566808576
377393521193664512
377392628167626753
377390313457090560
377390057545797632
377380312181129216
377105768727977984
377105692802699264
377088370226511872
377085249030979584
377079555699535873
377078558570864640
377078484537196544
377072653552857088
377070383658459136
377054584264728576
377054184753082368
377053917013483521
377053629313994752
377053441992196097
377052828415840256
377052219591651328
377051944583725056
377051886274506752
377008630140534784
377007770752782336
377007231172354048
377007024804229120
377006621920333825
377006114531192832
377003829247897600
377003002219225088
377002870681645057
377001589716054016
376958219845115904
376957996758487040
376831602653155328
376831358548852736
376829875388420096
376826285210992640
376825451710513153
376824660429918208
376824435317432320
376824315725246465
376824213245808640
376823963269484544
376823915324395520
376823267279269888
376822861337722880
376822715304669184
376822497301512192
376821855170334720
376821786232758272
376820671353208832
376820497398640641
376812839539064832
376812827702726657
376806646871506944
376782134171926529
376781902759600128
376781681312940032
376780868272291840
376780192225984512
376749693990363136
376703568742739968
376703521598763008
376702684587655168
376699453945950208
376698554687188992
376697193497120768
376696985182818304
376696944368058368
376696513365573632
376696058761715713
376695812769988608
376695552836378625
376695336187994112
376695092616392704
376694835874656256
376694521016631296
376686417503862785
376685720280530944
376683909586903040
376681397161062400
376681296598405120
376681031858126848
376429575594852352
376427057519267840
376420165069852672
376417701415362560
376400365790691328
376397989419712512
376397790043471872
376397650339590144
376397139750187008
376383725795540992
376382268753063936
376382053723668480
376379255074357248
376378314577158144
376377476643311616
376360441595060224
376337091812401152
376302362643931136
376296229741027328
376094721070092288
376094479352365057
376094292449976320
376056686634491904
376032589855064064
376030077676703744
376015415497220096
376000191616540672
375988373061902337
375935380828471296
375932441275662336
375932210245033985
375930614006165504
375925332551168000
375872454893514752
375734535578980352
375731331826995200
375728145552654336
375727317643173888
375722918770409472
375722212705456128
375710145483141121
375710042492006400
375709728007258112
375709278495309825
375708334340722688
375673397566771200
375669688392364033
375668419628367872
375666066258919424
375664103769255936
375662812519223296
375661199419273216
375660888554242048
375660751228518400
375660537314816000
375659928381587456
375659703390724096
375659110790082560
375658815032922113
375658797295218688
375658744480534528
375658666470682624
375658527974785024
375655022383869952
375654562851729408
375654190879875072
375652361722929152
375651937355857920
375633314876751872
375605144656039936
375604446627385344
375547957296525312
375547771161686016
375547040065142784
375545943774748672
375545417628676096
375545348456185857
375545254721904640
375545211231170560
375544450619301888
375544235770265600
375543761667125248
375543717127798784
375543660085268481
375543546625142784
375543415481839616
375543265455779840
375543131640709120
375542985909600256
375540790275366912
375533481037946880
375532459229974528
375532368763056128
375532263318257664
375531857452212224
375531682008666112
375531591420104704
375529341863878656
375528972714786816
375528828246183936
375528652152524800
375523578969870336
375523231501152256
375522530481954816
375382826260369408
375378211049574400
375373707533099008
375288436087062528
375279315833094145
375273201338970113
375234929225109504
375234701747052545
375233008670113792
375218326303416320
375205091680464897
375197515504947200
375194762581917696
375179822563332096
375179623304548352
375014362270142465
374983790390956032
374980674668986368
374974716672757760
374973399485136896
374970250552696833
374966773860548608
374960255928901632
374947096228810752
374946309759062016
374938406423625728
374937170928472064
374935182874509312
374933383706841088
374933329717764096
374932888980303872
374916093481345025
374914469392293888
374913579012882432
374910897908899840
374904806814793728
374900773064548352
374900708434509824
374900613097992192
374900418360672256
374899899600752640
374899625012248576
374865103205961728
374819951112388608
374819055951433728
374818926083178496
374818729756196864
374818371906592768
374818042209136640
374806942101045248
374805984218468352
374805868971573248
374655527340740608
374622548564410368
374619644407336960
374618765931315200
374615402674155521
374613981987868673
374613585517084672
374612425649446912
374611524155101185
374607626572955648
374606747014815744
374605277355859968
374605062355820544
374604721191129088
374604131811753984
374596791989444608
374596030618406912
374595701503959040
374592129810857984
374578391149993984
374553053833486336
374518930771288064
374506806124769280
374504959599181824
374504887595597824
374503983509155840
374496433061519360
374487869311967232
374487658900504576
374487584627761152
374487024616898560
374483376524517376
374480808582864896
374479097545904128
374479030499958784
374477890160971776
374477560253808640
374477423867604992
374477036276183040
374476977660776448
374476838942556160
374476573019500545
374476487229206528
374475362698530816
374474722761003008
374474404232953856
374474290873532416
374474174456422400
374474061000503296
374473997368696832
374473248307941376
374472876982042625
374472580167917568
374468276107378688
374467115644116992
374466092011626496
374465820833087488
374465565676830720
374465080630730752
374446905709056000
374279648844062722
374271215088574464
374204466662498304
374204293827796994
374204238098079744
374201994007052288
374201540309172224
374201459862433792
374201354472128512
374201020139982848
374200710424174592
374200574960738304
374200391996825601
374200119614513152
374199950823141376
374199791229882368
374199242556211200
374194833721937920
374194783960715264
374191943603200000
374181952368443392
374178556278243328
374167104695844864
374166671902404609
374105983154262016
374104224503963648
374103592212643841
374103031178342400
374088038194110464
374087997584850944
373904793351507968
373902614293139456
373902517366964224
373901918453923840
373899257868451840
373899066012610560
373899000526934017
373898749074214913
373898543817580544
373897681854554112
373897461234171905
373897393844256768
373897243793055744
373896536717287427
373895979025829888
373895345270714368
373894657362886656
373891555033370624
373889559010222081
373889315577032704
373888125938200576
373887463590469632
373886181454663680
373884731064328192
373884565032816641
373884449169354752
373883451491221505
373724354049486848
373487077251629056
373483143858520064
373482830057447424
373481883663081472
373481653819437057
373480121191395329
373479720928968704
373476647766605824
373472003694792705
373471683891724288
373471291237744641
373449424422572032
373448820627353600
373448497313632256
373448124167385088
373447936652619776
373443684370759680
373440638098112512
373433574034509824
373432655146405888
373432242875682817
373432071269908480
373431769787539456
373431158786514944
373431036363157504
373430867034918912
373430483402887168
373428970752315392
373428083610902528
373425687035932672
373424653320327169
373423028686041088
373396605837533184
373396234360590336
373393981331505152
373392204326526976
373391636656828416
373390836786286592
373390762790375425
373390600261091328
373389537487355904
373389474975449088
373389382331678720
373388940986052608
373385572347576320
373383134467063808
373379856454914048
373379268530958336
373379072262668289
373379017686413312
373378887583297536
373377898084061184
373279972276051968
373117709867028480
373116873736716288
373108379658780672
373095702391697408
373095544966901760
373069475912101888
373069259062382592
373058908166053888
373055996048207873
373055923520290816
373055532011384832
373055361244467200
373054725979377664
373054025845207040
373053636156612608
373036900652953600
373023759416184832
373023688389840896
373020770089594880
373020383974531072
373020237522022400
373019573639192577
373019137280585728
373017375026978816
373016938966183936
373015966764257280
373015827983130624
373015275794612224
373011608949493760
373011068412780544
373010700907864064
373009983933546496
373009793377923072
373002517560717312
373002166648446976
373001933751332864
372999302794448896
372998651272253440
372997863653257216
372997700532592640
372997581921845248
372997499256307712
372995399218651136
372827546989367296
372825059532234752
372824475366326272
372823959009787904
372823527654965249
372822748726591489
372822129223692288
372821103066243073
372819535210246144
372819486669570048
372819187963805696
372818950754938880
372818893515284480
372818442438856704
372806120374808576
372788794661294080
372788125208436736
372783265666846720
372783084275789824
372782849717719041
372782639952183297
372782442798940162
372782176758419456
372782061779947521
372781782732910592
372778837136125953
372778197362163712
372778064897646592
372777440948801536
372776939331018752
372775965438799872
372773952516812800
372773764603604993
372772691583197184
372770010936385536
372764506793185280
372707404485767168
372654051089219584
372653409167740928
372652796518367232
372652748686512128
372652229125492737
372643232297263104
372642967561199616
372642403901259776
372642325455183872
372641034104086529
372640792097349632
372640236670812161
372639945560961025
372639720691761152
372639608938717184
372639498297159680
372638214592675841
372635155095359488
372634500716826625
372634275075874816
372633992270741505
372633828214706176
372633706223403008
372631888965668864
372631239343484928
372630990071808000
372630644905766912
372629960265302016
372629796330946562
372629133500907520
372628628045328385
372627475685441536
372626901850140672
372626677467455488
372626360269017088
372450717522751488
372419786497871872
372407155691122688
372404435886309377
372404273470263296
372403079003770880
372402896127930368
372402729089794048
372401347888685056
372396180246118400
372395091203473408
372394918339432448
372394667993993216
372394615980453888
372394165696757760
372393983047380992
372393583804153856
372392961902137345
372376698060558336
372376306161553408
372372354435145728
372370805533208576
372370143915286528
372368788567908352
372367943583412224
372351126253092864
372343250243584000
372336304325132288
372336209097662464
372334735470915585
372332871991975936
372331185034518529
372313161363640321
372312884648632320
372312656973430784
372312628838010880
372309444040073216
372305535665991680
372304099955728384
372303879154970624
372270830446972928
372112119195779072
372111475550457856
372095495289987072
372089504670433280
372088229685915649
372084871071813632
372084629983227904
372083820591583232
372083007433482240
372080872176242688
372079413288243200
372076221636816896
372073627199762432
372073412115832832
372072575079575552
372071818649403392
372070065052852224
372068018635169792
372067871176015872
372042729368608768
372039225908400128
372037397611282432
372035224445923328
372021660935004160
372018158624055296
372017682235031552
372017109590880256
372016954766557184
372003423664996352
372002854955139072
372002166426591232
372001873223766016
372000788190859265
371995683160870913
371993604216356864
371992041196371968
371992009143517184
371986391846375425
371986248082395136
371986188091289600
371985666017861632
371970031220834304
371936620364431360
371837086770688000
371836391980023808
371834449933369346
371834041785675776
371830313078763520
371828623101419520
371828275519422464
371827395814518784
371827185000411136
371824234978623488
371823515798097920
371744600228384768
371556720134610944
371546745920303104
371377475659784192
371319797134675968
371308897140998144
371308826391490560
371281314596802560
371278309604483072
371276660261535744
371276294216241152
371260571129499650
371259131560460288
371256767331958784
371255301145890816
371251168032591872
371244494769111040
371242799142010880
371241032085962752
371240765063979008
371240595173675008
371240419868557312
371238313233244160
371236413691670528
371236307630313472
371235636290002944
371235243875110912
371234068928925696
371233968655712256
371233571333480449
371232449206173696
371232377697501184
371232191264862209
371231578531561472
371231432058109952
371230977999532032
371230447822704640
371227480658833408
371225347758780416
371224664510849024
371224432125423616
371223096453529600
371222844698796032
371220238576418816
371220041964216320
371218776509149184
371217708622553088
371216477992787969
371212845234798592
371210398466596864
371208820087074816
371203907294593024
371202995444527104
371198254303961088
371197637321846784
371003558705266688
370989839761817600
370988657802768384
370982430926458880
370976860353875968
370975131176534016
370974809423097858
370973503992123392
370973146222170112
370972521564495872
370971482442461184
370969637904994305
370969483160354818
370968172796866560
370967847364984833
370964000915619840
370963785890402304
370956223740661760
370953703999954945
370953465541181442
370952201776422912
370952093684998145
370950978679603200
370945122974048256
370932631233646592
370899979898212352
370897802202980352
370887766835740672
370880919550574592
370862183540084736
370859839767203840
370859686029176833
370853682361147392
370838799947153408
370829148715249664
370829081564413952
370828578289909760
370828496966537216
370828137615355904
370828108091641856
370827225995935744
370826905354006528
370825898939146240
370825657959612416
370825492754362368
370825340157177856
370824905933484033
370655958609174528
370115918367838208
370115833861009409
369778560447553537
369759042606235648
369758495635034113
369758233600462848
369758160309202945
369731776434159616
369581547579781120
369451277911986177
369387134827773952
369152629747634176
369106261985337344
369041662460190720
369040376666943488
369035555507429376
369032511570997249
368748005970935808
368433640717684738
368356285928177664
368325048048050176
368324198080733184
368289611430502400
368287583639719936
368121105787404288
368063287705223168
368056963198099456
368056045236940800
368052303619964928
368050676385193984
368049890355871744
368048826630041600
367984941147357184
367963261507207168
367962917763035136
367962805074665472
367954902540386304
367954007220051968
367953820200230912
367943775089598466
367943627399782400
367943413720940544
367943079745294336
367942202326261760
367940837843681280
367940708667514880
367940330567794688
367939434626686976
367938840977506304
367936142643322880
367931512463040512
367928818931335168
367928648038617088
367915405102174208
367740870252298240
367740530631135232
367740474209337344
367739527387176960
367738380689625088
367719634214350848
367714602551095297
367713953616760832
367710089979121665
367708668202340352
367707271008370688
367706480168140800
367706216946212864
367705743476424704
367705504879247360
367705238209576960
367684226218725376
367682441064226816
367652169946005504
367649115498635264
367648800783212544
367647441363144704
366952015550619648
366937900698439680
366937602932219905
366936277771235329
366822865930166273
366813861749329921
366681491096346624
366678150203187200
366567829270978560
366567745757777921
366495314363953153
366483582379765760
366479955036610560
366465093162106880
366456872993165312
366456816663674880
366303359260557315
366301941095075841
366297068618264579
366284080389689344
366283912978235392
366283861186973696
366262182733824001
366260862249480192
366260473005481984
366236264095158273
366215758646231040
366180441197260801
366175451477057537
366169246167863296
366165931082260480
366164686590328834
366164331945148416
366164088558075904
366162344176390144
366162168657362944
366161924754382849
366161879229415424
366156508054036482
366156285751721986
366154418548248577
366153905744265216
366153768896692224
366153676479406081
366153416495468544
366153221628100608
366153020041469952
366152070140657664
366151618779029507
366151553138163712
366151298678128641
366151059397279744
366150704039079936
366148490939736065
366148399055118336
366146906738532352
366146555704647681
366146350431219714
366145675177639936
366145613122899968
366145443769499648
366144906500116480
366144474444873728
366143701187182592
366139571529990144
366138882716213248
366138730853048320
366132377568813056
366132112375545857
366131561847984128
366128513402683394
366123090905808897
366122965563215872
366122830225608705
366122273171705857
366120522834128896
366119330724847617
366118982643744769
366118748601589761
366118187135287296
365971152830599172
365970020372713472
365969948104855552
365969792613629954
365969272326991873
365969113035710464
365967957496578050
365967142111281152
365964267335319552
365963973566283776
365963636365209601
365960524191637504
365954603486937088
365954209679556610
365952404702756864
365947313765625857
365946596480925696
365945808429924352
365945614539825155
365945270531407875
365944923087831041
365944843987877888
365943323359313921
365943054546386944
365943011915476992
365942469050892289
365935696436920321
365932335629221888
365922422400090115
365917038478233600
365913433926942721
365841216468176896
365831415965171712
365829106656489472
365827616810348544
365826673926606848
365825610007846913
365825122734587904
365824897303318529
365824782501019648
365824292694409216
365823797376450563
365811144541224961
365804028375990272
365803357526425601
365802173457645571
365801829822504962
365791442402156544
365780436653314048
365777136000311296
365773444010344449
365767899790577664
365767760594223104
365767571577896960
365767466518970368
365767360981909505
365765991180935170
365764838267420672
365764406174425090
365761579179970560
365761375747842048
365761031101878274
365760818635223040
365760560094117889
365758985627910145
365757955959828481
365757285668110336
365756900249321472
365755768131170304
365755486844358656
365751492860321792
365751336127565825
365751233421643776
365749598767157248
365748759059111936
365748521535680512
365617305062883330
365617209936056320
365616062915559424
365614708524457984
365614642904563713
365613635646660608
365557960933515265
365556702818484224
365494169893998594
365494004806205440
365488393544667137
365487582764744705
365486403011883008
365486278403293184
365485936999538688
365485339768393728
365484366056525826
365480879142871040
365479076758175745
365472326545977344
365447819542265857
365446867531730945
365446624396324865
365413690016673793
365413520218669056
365413336537505792
365413250944352256
365412959322767360
365412046298288128
365409466889408512
365409381120090112
365409140773888000
365408854642663424
365401163509661696
365401069360119808
365400384191213568
365398590346117120
365396773650444288
365396267922243586
365396091551756288
365396003244875776
365385989369233408
365382569199538177
365382456389550080
365381916632956929
365381810508660736
365381247003934721
365378875334725634
365240883056091138
365238427450486784
365234992340680706
365234848740294656
365234344077434880
365229193602146304
365228413398691840
365227967854559232
365222008444825601
365221734628073472
365221290648420352
365221010259181568
365220567814647808
365220253619339264
365219476037316610
365215813261082624
365204309145059328
365202856648785920
365202266174660608
365194445979136000
365194089760694272
365193407578120193
365192739652399104
365170260674347008
365167883581521922
365166104739868672
365165721631723522
365165660805931011
365164468759572480
365164128786059264
365163899676397569
365163822085963777
365163719116193792
365162888937209857
365162608413769728
365161358314049537
365160338905235457
365159916237225984
365159215112798209
365143078962597889
365132397513146369
