398134865411178497
398036667766153217
398036009080086528
398035394069299200
397975318205825024
397960356670480384
397954581696872448
397839307115085824
397819466580766720
397819274762665984
397819215132254208
397812652392468480
397764413346050048
397752212732272640
397750140406362112
397749871924768768
397736845196279808
397707301081337856
397707107392577536
397696965783212033
397642514343415808
397633338976256000
397632941586935808
397632369018281984
397604253638074368
397603727835926528
397603549364113408
397479244278013952
397479191861821440
397478655469035520
397343405426348032
397318327284269056
397313553608101888
397310080611123200
397309989028888576
397273492179009536
397261239681699840
397257289607815168
397252145881559040
397125583681114112
397120786433323008
397120006779310080
397119175820591104
397119124016738305
397096106745933824
397095725085257728
397095469622767616
397089587946082304
397088770291687424
397088445652160512
397087686907162624
397087596167593984
397087397386911744
396995297588834305
396995217322409985
396963426909847552
396962164034260992
396702883699494913
396688519412088832
396596129766588416
396596096224743424
396596066965278720
396562131807920128
396531914477039617
396406945697255424
396402565858222080
396324327807000576
396283462010667009
396281717331623936
396279140271550464
396278919479169024
396278861287395328
396274182243090432
396273039031410688
396272998623510528
396272808676044800
396272541691838464
396189286665838592
396042541130579968
396037979594293248
396036027045134336
396035314403516416
396022733492224000
396021846820524032
396019737123356672
396014072803901440
396005254983987201
395964731116519424
395964474659971072
395964474567716864
395961456979894272
395960656190791682
395960621029916672
395960415706177537
395945155775049728
395941302228905984
395940778637139968
395940239086059520
395939598846529536
395938261404622848
395937925764243456
395936919864889345
395935968990994432
395935632213540864
395935542288064512
395935456132882433
395935138682769408
395935027092926464
395934128509440001
395932235742085120
395930858290307072
395927092967112704
395905871894839296
395845298435944448
395843273409187840
395843106194857984
395842922970890240
395703018819428352
395702686227910656
395702072597053440
395701861288005632
395701805201752064
395677864542343168
395599975956365312
395599499672186880
395599419883921408
395576482921476096
395576432426254336
395576354550583296
395576245532246016
395575793042358273
395554966758498304
395550739554385920
395548982136832001
395548774778814464
395548467168169984
395514542035570688
395513739526799360
395492225511350272
395490944667361280
395470171252736000
395470025253203968
395459813863620608
395459608485298176
395446883122151424
395334646634139648
395321607407042560
395318804282359808
395318527122755584
395252246503776256
395250706707664896
395245450284257280
395245131001241600
395244535166803968
395244341276725248
395244250423902209
395237609108029440
395236884907315200
395230799056097281
395229966205739008
395229845137137664
395229797825409024
395229755928485888
395229721484881920
395172619122913280
395171532005453824
395171350287224832
395096239890759680
395092694831468544
395092231088254976
395091813750812672
394897993654345728
394885161160278017
394821016410927104
394754864963940352
394743184716472320
394732088005771264
394731268090658816
394594323830161409
394570308440432641
394569911772913664
394569802628747264
394537399860334592
394537018455511040
394527606852579328
394526255120646144
394526158530048000
394524575847165952
394524278533947394
394524104654868480
394522235031285760
394521840347283456
394500101269639168
394491237170163713
394468308411744256
394377802566627328
394148462046236672
394129011687034881
394128075493236736
394123415562764288
394092491345248256
394085768056303616
394085712146214912
394085629887520768
394085468750761984
394085313959956480
394026494433177600
394026179990413312
394012596720107520
393843229436956672
393842499414130688
393820346006401024
393812156007067648
393811232320679937
393810979072778240
393810891952889856
393805348844601344
393781162885517312
393778892995321856
393778482586861568
393778266966097920
393778084287369217
393777897741484033
393774514498441216
393760090085675008
393753321464680448
393741987113086976
393741606752628736
393741488057622528
393741411088355328
393715926476283904
393661007195041792
393660916535160832
393652835533225984
393328901113782272
393328770540908544
393238679889932288
393238455360450560
393108588463656961
393103249710284801
393103176247050240
393096023171952640
393095824806539264
393040727519014913
393038576658944000
393038071782187008
393034071833870336
392976344088588288
392975913023176705
392974827705077760
392918510416195584
392762142421962752
392760043676139520
392758885716881408
392758442978734081
392755405258235904
392754311727706112
392752714406699009
392750917592031233
392750801724391424
392745821151961088
392745778416214016
392745325100040192
392744804574330880
392649062236684288
392647940545593344
392581041040670721
392580988876095488
392580660361441280
392383207230144513
392371111402668032
392339415361941504
392320479908102144
392305031137230848
392304772835196928
392294170498715648
392294070623961088
392283816762814465
392272272284585984
392263946050482176
392263519623983104
392263504197345280
392222292136452096
392222013105774592
392215940483403776
392215598484033536
392013726486102016
392009304699850752
391921249162522624
391892429088903168
391892379386798080
391859638653960192
391858810849329152
391602436596838400
391602002385707009
391541364162568192
391503794455867394
391503013711343616
391502745674342400
391502553185124352
391322490309705728
391322352187092992
391273270223568896
391266148622561280
391260392749809664
391251368251363328
391251077011472385
391238258145124352
391237787812630528
391236778939912192
391233681354145792
391233017815252992
391168299574513664
391168242867515392
391168094821183488
391167835105669120
391162662018899969
391161588260278272
391155978420617216
390942767385694208
390852521868414976
390809920041668609
390809673706000384
390806370175684608
390805615549100032
390803335596752896
390803205036462080
390770866877112321
390769007823163392
390768669581918209
390727735372677121
390727585355038720
390727435496747008
390578791107821568
390536614315048960
390513131593924609
390511662840967169
390412598141005824
390407699445186560
390406620032671744
390396028840841216
390395976084914176
390371103832813568
390226609405714432
390226550870007808
390223509772718080
390128650286137345
390118890795450370
390011630278705152
389872924314042368
389825066026164224
389824914351751169
389816252362797056
389808810606346241
389808660547133441
389808394472677376
389808173592236032
389807938514063360
389802874945167360
389801743745556481
389801122313277440
389800540793999360
389776213025107969
389773706324484096
389760842226733056
389760655055912960
389730230229020672
389730195579867136
389730149727752192
389729832139251712
389674813049950209
389673828093149184
389672078091116544
389671663102869504
389657222693015552
389657032027942912
389651913429360640
389644353271902208
389644121289555968
389484280612925440
389481131311378432
389481059328745472
389474545557856256
389466684492615680
389454417143267328
389452050557599745
389451065328152577
389450842186973184
389450614201409536
389437221084069888
389436895790628864
389432944177451009
389432823612190720
389432550365876224
389432462474227713
389427226770669568
389427157833093120
389427131014729728
389427085883998208
389426934025056256
389426277121548288
389426048624254976
389370048953212928
389356990323257344
389344468861599745
389139721278222336
389136334931390464
389121665021804544
389119042944258049
389096464229888000
389090762840764416
389087819575996416
389058508936585216
389046263905521665
389046026394685440
389045924120768513
389045691357859840
389045432040833024
389044851561754624
389036602435305473
389036556310552576
389036429567082496
389033885847539712
389033345340166144
389031979557322752
389026799348232192
389026544028368896
389026304806232064
389026191870398465
389025833345507328
389025368029409280
389025300543045632
389009396036276224
389006568991502337
389000153509920768
388999626575314944
388996803770601472
388996006810890240
388981994765295616
388980799426396160
388979245659086849
388978323277099008
388942425726943232
388941322302021632
388940817752420352
388815391562407936
388814450440290304
388813356117004288
388813300353740800
388813040281739264
388812473778057216
388812324251136001
388812263874109441
388812155484921856
388812100212371456
388811767511777281
388811463575736320
388810773981835264
388810156492201984
388810081087021056
388809673232887808
388809470039851008
388809059807551489
388805974674665472
388804009131528192
388802608854736896
388751269382586368
388711178983452673
388700377023250432
388699896452513792
388694711701340160
388694499138211840
388694227909349376
388644338785615872
388644229297475584
388644049491869696
388643415749328896
388643122072526848
388640362191142912
388638310136283136
388637610929061889
388637343227576320
388636541704474624
388636488201961473
388636487069499393
388633499840020480
388633386820333568
388632908296380416
388632839774015488
388632823206531072
388632333550899200
388631842980913152
388631224073617409
388631192494686208
388630937455853568
388630892115394560
388630515164930048
388630085970178048
388629935273041920
388629789466447872
388629319977037824
388629005181911040
388618755519299584
388618162549579776
388615231704170496
388615190872621056
388613606201237504
388613032198148098
388612248320483328
388607017604366337
388604605812445184
388603780994170880
388600192238227456
388595431015337984
388594481475227648
388593979165380608
388593632640368640
388593486695370752
388593308869476352
388592916660105216
388543141915394048
388543006464565248
388542624799674368
388407262441926656
388404363913596928
388399213467680768
388381337813778432
388381206569824256
388366733376897024
388364017296609280
388363944802275328
388362115418824705
388361860581302272
388315604534706176
388315306919469056
388296091802030080
388283614330646528
388280603554357248
388280516371570688
388279111560744960
388278943817932800
388277279735824385
388276456046202880
388270261889687552
388268315455799296
388267122331512832
388259086627659776
388258630841409537
388258551543922689
388254619966910464
388251160160661504
388241762357370880
388226424966246401
388226287250440192
388223484411019264
388220225189318656
388220037213192192
388214981873111040
388214800435523584
388214239217070080
388214130882408448
388213244806316032
388205250718359552
388204428349952000
388198097727524864
388197755862413312
388193154043613184
388047249038925825
388047080465641472
388034173115461632
388013972546666497
388013712936009728
388006805823320064
388006680673284097
387976020890251264
387972795205812224
387972524471894019
387910302270234624
387909470615265280
387904966872281088
387902445638418432
387901996667514880
387899629670793216
387893206786248704
387890702254100480
387890520233877504
387879755502338048
387878698487406592
387878343250829312
387878213634260992
387877937665822720
387872204870144000
387872048804270080
387869847238868992
387869267997515776
387867811764514816
387867643027660800
387867131649720320
387866992046522368
387866956894076928
387866871120560128
387866740526710784
387866642803617792
387866522179629056
387661994150879232
387625022007029760
387620302781693952
387619982160699392
387619771552133120
387605241916444673
387592491169767424
387580768471760897
387517183833939968
387516669591322624
387513591131566080
387513327636983808
387511323854372864
387489677261148160
387488535311548416
387478891910426624
387298671723040768
387297952555081728
387271533045248000
387251299852750848
387251035179597824
387247381814980608
387247116718206976
387245062817865728
387236755306713088
387236501802995712
387236390058336256
387203236807331840
387201247952252928
387200355718926336
387170079844343808
387166446872444928
387165122445451264
387165090291924992
387163808537772032
387163575128961024
387163476013350912
387163295083659264
387163078061998081
387162755897524224
387126066911121408
387117028550533120
387116523883462656
387111002099433472
387110809425694720
387110513899225088
387110347074977792
387110128304275456
387096696318341120
387096378595622912
387096336757440512
387086543992918016
387085352022048768
387085155489579008
387084923934633984
387084682854420480
386965727913451520
386956661451411456
386956587103186944
386917590422941696
386875853692764160
386863783794466816
386831978827640832
386828206382538753
386823983364341760
386816801801523201
386790651251421184
386790523631325184
386790283448696832
386789970679435264
386789711836360704
386789634321440768
386789579040501760
386764901467029504
386763566227136512
386762923806588928
386762864394252288
386751822582792193
386749696548413440
386745555600154624
386745304097095681
386744904736440320
386744714055016448
386744613463007232
386744482617495553
386742689976569856
386742241542541312
386740855060430848
386739877984747520
386733615792783360
386732878421573632
386592170398203905
386534797218414593
386534427020779520
386513632320040960
386513605145149440
386512868428226560
386464926979485696
386444519790870528
386444440145244160
386444301355745280
386412267870633984
386411957966094336
386411744358580224
386408894161240064
386401528762097664
386398163739099136
386398009925591040
386397740458328064
386397608279031808
386397267294703616
386396755430211584
386396149240049664
386395567569772544
386395540457799680
386373292690796544
386372858752294912
386372577973006336
386372273009360896
386371542529376256
386370944513892352
386240985275310080
386240414350843904
386223765077901312
386223534475083776
386205067097174016
386204370171617280
386195418788683776
386195042773516288
386194810958524417
386192914336219136
386191997197099008
386191329723961345
386190868577017856
386186853139103744
386186348253945856
386186236609957888
386185590531977216
386185364278611968
386174770657898496
386169690009382912
386169657063116800
386168098845655040
386130288126197760
386129835103629312
386129074785366016
386128435355340800
386107048024625152
386106808081059840
386106565608357888
386106258530783232
386105909812133888
386105567326269440
386102277096095744
386080403662307328
386080054603972608
386079593419243520
386079089435889664
386078921823117312
386078856517787648
386078607254487040
386078456536371200
386078296267841536
386074752588460033
386016734584770560
386016650224746496
386013729038802944
386013344970592256
386010612901613568
386010429371465728
386009941544558592
386009739626557440
386002693971795968
386002505949528064
385997070425141248
385996905601585152
385996476603957248
385995433035968512
385995326861361152
385994865429184512
385994461752602624
385994345738153984
385994255329935360
385868435542265856
385868069773787136
385866054477832192
385856351252922368
385856276430741505
385845715622453248
385845425670201344
385844995737268224
385844884718223360
385844152933842945
385843528661995521
385843523356200960
385811636248117248
385810787002253312
385804570548797440
385798618084810752
385795243465273344
385790375904174080
385789826102210560
385789425864945664
385789204045000704
385740433143635969
385724982716039169
385724784220594176
385724721935167488
385724617203384320
385723132847595520
385722932439560192
385722807382179840
385722763774033920
385722188684623872
385721205673951232
385720927788748800
385720396450119680
385720107475165185
385719791157530624
385713790076981248
385713667976622080
385703500987895808
385703183856570368
385703122728783872
385702878855196672
385702757358776320
385702612470755328
385702537162027008
385702425199263744
385702353229213696
385699976963047424
385699818091212800
385699767763734528
385699697131671552
385699643079680000
385699590097231872
385699534619152385
385699372530274304
385699342083833856
385699264849915904
385698942341496833
385698905813307392
385698834451406848
385698770500845568
385698730654957568
385698690582585346
385698650350833664
385698565294538752
385698409316749312
385698317046263808
385698224008208385
385698131897106432
385698044240359424
385697925348597760
385697689804865536
385697143215759361
385696925061619712
385696037983121408
385694741175996416
385692531931226112
385692184131145728
385692182864461825
385682620446945280
385679848704073728
385660835655610368
385659796923236352
385657581085028352
385657100661043200
385516044473106433
385515901342457856
385508687219277824
385508416384671744
385507946119315456
385497707470929920
385496056794193920
385495594581901312
385495254209929216
385494990820237312
385475405668708352
385474560835219456
385467857863061504
385457021295677440
385449598825037824
385442379349889026
385439192203145218
385437832409788416
385437562166603776
385435414141870080
385434983491731456
385434792940294144
385434149341126657
385433601330151424
385433162509459456
385433127612862464
385432788281081856
385432562883375104
385432474555527168
385404415013703680
385404225791868930
385395351110172672
385393837251633153
385393790032162817
385393705244319744
385393558988931073
385390360869888002
385388097669566465
385387863178629121
385359592555048960
385354862604845056
385354593099841536
385354303105675264
385353792805687296
385353026183393280
385329957775626240
385323080933179392
385313598412972032
385312599900172288
385311994670497792
385309557012316160
385304312144207872
385300914166591488
385299962307039232
385299141636939776
385298822148399104
385298662584504320
385298570309816320
385297999351808000
385297790127337472
385296873432825856
385296256865931264
385295969438666752
385295302242340864
385295242855202817
385295093902880768
385294746924892160
385294331894300672
385293887608471552
385293131232870400
385292803695443968
385292472303505408
385292169986453504
385291664291815424
385291485815767040
385291371659427840
385291029790085120
385290606534488065
385290519859195904
385290518097580032
385276660100386816
385276548791955456
385276372178194432
385274935457116160
385268635784445952
385174250178748416
385173557682380800
385173483590017024
385172053105836032
385171051397005312
385170550811029506
385170294832648192
385168726469124096
385168612421820416
385154939116589056
385154391566995456
385154071797436416
385141643047100416
385126367782002688
385092801471733760
385092606843445248
385091847385018369
385089515737874432
385088930171076608
385088637819715584
385069552054595584
385038453576331264
385038170209144832
385008607378833408
385006938255552512
384998836592455680
384993908734054400
384993782816849920
384993680232558593
384993502402465793
384985897726660608
384985510751784960
384985233646710784
384985142160547840
384984818016342016
384984769974796288
384984769337233408
384984766720000000
384984477635969024
384984404986458112
384983902995378176
384983643476987904
384931911552225281
384828895054557184
384826874834468864
384826677219840000
384826250076127233
384825750622572544
384825681932468225
384825151059394560
384824767171530752
384824234553655296
384823594523828225
384823432195878912
384822800646930432
384822714076495872
384821830537990145
384818404781490176
384776995953197056
384776011231281152
384775089654595585
384709455893757952
384690116503289856
384689997099839488
384689829780684800
384689782561193984
384688011801554944
384685502651437056
384685149772054528
384684871622594561
384684817897754624
384684646149414912
384684584077918208
384684376539541504
384672908347727872
384672521431564288
384672437889425409
384672282398187520
384672171131682816
384672146473361408
384671782600704000
384646179596021760
384641559863783424
384641131386261505
384640742888837120
384640029936873472
384639740013998080
384631286260060160
384629160578412544
384629080332984320
384628928432070656
384626403377176576
384623754212810752
384623676211347456
384621511271002112
384618962228887552
384615470584066050
384615260038373376
384615085454680064
384613135531126784
384611524201164800
384611449668374528
384610639098150912
384610363532386304
384602728976379904
384602427695304704
384601883102683136
384601681662840832
384595826703867904
384595707979923456
384595561070231552
384590397127032832
384557173638193152
384557021645008896
384552690862526464
384552184022855680
384551816949944321
384551595582976000
384551443711422464
384551375235219456
384551225540501504
384551116174024704
384551011719053312
384550890243645440
384415584471252993
384397371125551104
384396635813728256
384385511827468288
384368058934235136
384367729039663104
384367483899351040
384345662831472640
384345364427726848
384344433183191040
384307597345845248
384307327417200641
384307003461738496
384306304040566784
384252235200606208
384251969839587328
384251700204568576
384251620978348032
384251308422995968
384238756083290112
384238721987801088
384238582208397312
384238269216854016
384236310489477120
384236178872205312
384235678680481792
384235267806474240
384235053511110657
384234926172024832
384233363600846848
384232614523334656
384232160518868992
384229646768021504
384228802932768768
384228624079261696
384228183845122048
384221691259674624
384213966719037440
384209854522740736
384206970011791360
384192844908728320
384192778143797248
384192503681138688
384192420642316288
384096650740109312
384096091333218306
384095540168101889
384093724256792576
384083096024645632
384079972589379584
384079920496144384
384075602120421376
384075057741701120
384010482916814848
383999174582468608
383998626311458816
383976963616276480
383972259024896000
383964988873789441
383964494453813248
383962791218257921
383921529798791168
383914036381093888
383913836568649728
383912339445403648
383871985929179136
383871594130866176
383871307525672960
383870821149974529
383870342915457024
383863115441795072
383862972395028480
383862698855137280
383862494571532288
383862203654635520
383862062465966080
383859034514026496
383851930646093824
383851793379115008
383851442726895616
383851282768748544
383851100203253762
383851032637210624
383850830702469121
383850637810606080
383850588020043776
383850553035337728
383850416795959296
383850158959521792
383850070237396992
383848112663441408
383846616504868864
383846430466519040
383846183644315649
383845890965794816
383845743582126080
383845534001160192
383835854021869568
383835381986516992
383835193658081280
383835111772684289
383827555385499648
383827262937628672
383827017231106049
383826580490833920
383826355554512896
383825992801722368
383825540890624000
383824904434360320
383824197387960320
383823913236430849
383693078047244288
383681319706034176
383681220674334720
383680156826882048
383679221463543809
383678649461116928
383678174980497409
383645699151527936
383644708163305473
383644496992694272
383606260073234432
383579171273719809
383578399957979137
383577324072861697
383573700450086913
383540495936655360
383540147138363392
383516232374161408
383514474394562560
383514179279126528
383514020688318464
383512966936551424
383512626409402368
383512330190856192
383512148371988480
383511737879629824
383511555565821953
383511352926404609
383511240275787776
383511071090176000
383510911119421440
383510707372703744
383509775536762880
383509432245571585
383509199667220481
383504012114264065
383480685496782849
383369089525100544
383368437747040256
383367293452832768
383360278983114752
383359616136273920
383358984901894144
383358512732323840
383358163086749696
383357430589300736
383356747618217984
383356642018197504
383356523373920256
383356135077859328
383355852243337216
383354300787081216
383353819822039040
383353479668195328
383352745690165248
383352461098254336
383352096227344385
383351927700193280
383351186029821952
383350792226607104
383348791040282624
383345779395813376
383334648618942464
383334605010784256
383326543906615296
383302166418427904
383289097630281729
383288972644212737
383284099655692288
383268275540733952
383267726271447040
383256912202326016
383255702980263936
383252026173714432
383246118337142784
383246093418790912
383245712227856384
383245676676911104
383245658096148480
383245458468245504
383245161083719680
383243241224929280
383236984233541633
383232974697025536
383185636221403136
383183468148301824
383182763043860480
383182361342771200
383181931711844353
383178775183491072
383178520782188544
383162920885952512
383158058068627456
383157996257148928
383157790287470592
383157490038218752
383157304394121216
383155356538376192
383153132949495808
383145192552800258
383145029868331008
383145008741617665
383144914197807104
383143915508862976
383143400142163969
383142269550747648
383142027728146433
383141958790549504
383141892130496512
383141708008914944
383131667600117760
383130454502543361
383128423201136640
383127503956500480
383123436274720768
383123395665461248
383123219408236544
383123194049462272
383123063099101184
383122660353671168
383121989168549888
383121899674693632
383121501454864384
383114368013336576
383113858212433920
383113711822856192
383113062494253056
383112760974127104
383112640710864896
383112361185673217
383112034566799360
383111769117687808
383111588934582272
383111415567245312
383111313779863552
383111214555222016
383111112990142464
382979567561867265
382978877502394368
382974917207412736
382974672562044929
382974374166683648
382974070423564288
382973897488207872
382971506386800640
382967422514634752
382965972698923008
382965247700901889
382963569811550208
382961655891898368
382954956246241280
382954137870409728
382934087486304256
382933835286978561
382917769567559680
382912852103016449
382903806612496384
382903798790119424
382850640143470593
382850586695438336
382850303026298880
382850259061579776
382850223095447552
382839237269553152
382830169016532992
382826874541719552
382826723852947456
382826201641123840
382802751375155200
382792471660351488
382774107596529664
382773820647407616
382773714447646720
382773621917097984
382773153077788672
382773018671337473
382772814257725440
382772522548080640
382772446257897472
382772372035493888
382771500970807296
382770226216960000
382767501110566912
382767113795936256
382766747322822658
382766261353992193
382765431028584448
382763276179734528
382746083828723712
382745897832300544
382745720144797696
382745401465778176
382744954285862912
382744782898204672
382744624470970368
382744069740711936
382743951117385728
382627203244392448
382626753019392000
382626752142798849
382626467655729154
382625877869473792
382625637225467904
382616371580125184
382614493257531392
382609594939613184
382608961025089536
382606001385787392
382603163603582976
382602875027070976
382602300323540992
382599900141465600
382589846617088000
382589844578643968
382589369796022272
382586651165204480
382556839151677440
382556702971011072
382556604073541632
382523798891012096
382521921994514432
382511810898710528
382511008389922817
382510904622862338
382509697250516993
382509521223946240
382509117044039681
382508228031954945
382507974356258817
382507094089269249
382506757139881984
382506510137319424
382506019747672064
382505620999372800
382505431035179009
382503638351896578
382502186803949568
382502064435113984
382501754132111360
382501497612693505
382501297846366209
382500708668297216
382499512624742400
382498696039903234
382495393264574465
382491996620738560
382491793931005952
382485813205815296
382480825457311744
382477680895352832
382469211542790144
382468813348163584
382468589456216064
382442433596104704
382415723068653568
382415656819642368
382415527031099392
382415356553613312
382396129696317440
382395757388890112
382395446687440896
382288660965908480
382288292248817665
382266134554484736
382265798603341824
382260891791917056
382227247698313216
382226886908461056
382226820609105920
382213354804477952
382175695373615104
382175318158901248
382175180577325056
382171000798208000
382170727749001216
382163587164561409
382162553243447297
382162164376932352
382159365631139840
382159132041961473
382143813164470272
382143639927160832
382140925755277312
382140484321546240
382139612304773120
382139489176813568
382137992028360704
382137679456260096
382128015133925376
382127739874324480
382127578532028416
382127407429586944
382127197907349504
382108370356162560
382083908281839616
382083644623716354
382083528529547264
382075220108279808
382074464575692800
382074399522037760
382073759479635968
382073151007784960
382071749309132800
382071539182882816
382065702515277824
382065484491149312
382065346112655360
382065202495516672
382058314512998400
382058010321117184
382057838803431424
382056410525483008
382056275745722368
382056011747848192
382055915144609792
382055867870613504
382040929127129088
382017924908974080
381911307861368832
381911178009911296
381891803634761728
381891681140113409
381891438847725568
381891310736928769
381891011787886592
381890837262921728
381890768304365568
381888758477762560
381888294491275265
381888129713856512
381885519271305216
381884672047087616
381877704376975360
381877191384252416
381877129954480128
381862062164819969
381861959127535617
381861870300590080
381858536952958976
381855699854450688
381855499874205696
381855444761083904
381855217039724544
381855213126418432
381855210144272384
381854681586470913
381854625391206400
381854341151604736
381845966707781632
381842495606255616
381841284672942080
381839898199613442
381839575259168768
381836887549157377
381836743575486464
381831472262303744
381830016910118914
381829886475636738
381829812416831488
381829652236349440
381829451996094465
381829289479372800
381829269610962946
381828301485924352
381827734910947328
381821233211670528
381817284702257153
381816042139693057
381816014402768896
381813722660229120
381800428385890304
381780031053504512
381779687116374016
381779236954324993
381778625940697088
381778501839634433
381778391655260160
381743254368428032
381743164266414080
381743123619385344
381743108918345728
381743033613832192
381742961538916352
381742917234479104
381742606272962560
381742540300775424
381742524718931968
381742445211709440
381742360310583296
381742274344144896
381742087244644352
381742015190671360
381741978658304000
381741833749291008
381741808172425216
381741741411663872
381740215410638848
381718266349371392
381718027483742208
381717938795204608
381717902099247104
381717811246399488
381717734679379968
381717491468476416
381717457079382016
381717015461130240
381711048023109634
381709653089857537
381709375762485248
381706822970638336
381706562273685504
381706153656193025
381705730312519680
381693607675056128
381691217290883074
381687571983511552
381687476596637696
381687380219940864
381687213676720129
381662689631936513
381662548522987520
381542724094418945
381535299807240192
381524915176095744
381520140372025344
381496459549753344
381496390809321472
381495788431757312
381494827994869760
381494451346358272
381480841584857088
381480741764620288
381480489510793216
381480362016505856
381480304898490368
381480220949491712
381479987695869953
381479531124899840
381479064802193408
381478683120521216
381478584831205376
381477992146685953
381477458572500993
381477338334384128
381474398043377664
381474139321942016
381473790796267520
381473712740237312
381473201509130240
381472791083876353
381472393786839040
381470254276575233
381469551491547136
381469254908116993
381469045272612864
381468805782069248
381467999083192321
381467583318622209
381467261351251968
381467029708226560
381466893611458560
381466641491828736
381466431646613504
381464533673734144
381464228496171008
381464219151265792
381463520388612096
381460006765604864
381459872182992897
381459786090688512
381459722324684801
381447258073743360
381447107619868672
381447042188713984
381446926295891968
381446877461630976
381446835812175872
381431228546973696
381431165640794112
381429719260200960
381429073572286464
381428867090874368
381428795842240512
381428690233872384
381415084666671104
381414795599437824
381395245734567936
381393712154427392
381392848652075008
381392575762296832
381392434900787200
381392386498494464
381392288746065920
381391429094100992
381390823923154944
381390319004426240
381390194798510080
381367278488805376
381366703185477632
381366630791798784
381366385143992320
381366213303341056
381346970356297728
381167300269064192
381165918694694912
381140732347949056
381140582787448832
381124090431803392
381101285388607490
381096072162336768
381090537115508737
381090386292535296
381090213566881792
381085108989870080
381054909107281920
381039450307850240
381016649614098432
381016097299779584
381015924037271553
381015794735280128
381015646659555329
381015561435484160
381015329289166848
381002406315954176
381002214166519808
380982650732691456
380982365914279936
380826880213262336
380811954350456832
380811677639659520
380802035480035329
380796406040379392
380796260271550464
380795240535556096
380783759182012416
380783643356319745
380783536762257408
380783422970789888
380783306016845824
380775533573058560
380775337346744320
380775226982027264
380775041740574720
380775000028225536
380774839503818752
380774773061849088
380770951836991489
380770637499101185
380770003538411521
380769832138178561
380769666727424000
380769524276297728
380769125788037120
380768743619825664
380768496353034240
380768239489658880
380767947486412800
380767856285454336
380767490944806912
380767054615556096
380766981508825088
380766744585203712
380766233861554176
380765452202700801
380765386356314112
380765004506877952
380764718493102080
380763408054116352
380763225161486336
380748396233256960
380747473808928769
380670365967454208
380667884319436801
380667829076234240
380667782766940160
380667752429547523
380664174587559937
380664051547635712
380663809058148353
380573462169141248
380440605308248064
380428909495726080
380428188801044480
380427541422833664
380418056516022272
380417913288921088
380417569725116416
380367330980941824
380353798256230400
380353725875109888
380353552369340416
380353525198626817
380340137571655680
380339994478784512
380314345156403200
380305069742501888
380245826318368768
380244975457693696
380243906824523776
380243443693662208
380243334289424385
380243183806185472
380243133629747200
380243047814270976
380242632204898304
380242604879015936
380242444702711808
380229995161214976
380229815544320000
380226056646852608
380225973524123648
380070544978481152
380058953897738240
380058764403281920
380058047256997888
380057812384358401
380057326482653185
380057002971791360
380056653359742977
380043883889311744
380043825420713984
380016501300142080
380013836990152704
380009756280520704
380002347008929792
380002097133281280
379985119752515584
379983769316622336
379981743677534208
379981470364094464
379981133771202561
379976675439968256
379935649341923328
379926993309294592
379926281103888384
379926246387642368
379925215297679360
379906497519824896
379906310088978432
379906267885887488
379886995683958784
379879802045730816
379876336221061120
379876063721308160
379873848742920192
379872327527567360
379872267649712128
379872196191338496
379871963889803264
379871859497766912
379871455737290752
379871222110359552
379855188464771072
379854972118401024
379853356942254080
379853304366657536
379847863758778368
379680859693273088
379639762845712384
379577652744839168
379567689356046336
379518644273045504
379496934668795904
379338484542353408
379338415994847232
379338349599006720
379286293370245120
379278485585670144
379239563178569728
379207024464367616
379198784536068096
379194104435195904
379194089264386048
379193933336948736
379192355230081024
379190508079546368
379180851294380032
379180656691253248
379175893102780416
379175240645242881
379174230501638144
379173909331193856
379173863441309696
379173728388911104
379144523625934850
379140757242019840
379140694990143488
379136940148547584
378951954493612032
378949846654517248
378936576765874176
378916157358878720
378890923759124480
378863750025342976
378862778590957568
378813210797047808
378813119050813440
378813014293880832
378811703766822912
378802719425036288
378802691109294080
378785960076795904
378609460123811840
378609165784317952
378559664411410433
378556890600722432
378556731619831808
378556564380327936
378536127244029952
378535847274225664
378535694144385024
378535619758411776
378498756976472065
378489807866830848
378462813658042369
378462723337904128
378434380039217152
378428019867938816
378427775478415360
378427687381241856
378288460517617664
378288313045884928
378286690613592064
378281670862176256
378281408630112256
378281071852662784
378280926121566208
378279069433225216
378278075295105024
378277436372557824
378274535717761024
378274157106327552
378220361915310080
378218816800817152
378212257010057216
378212052290244608
378210959388839936
378210459234869248
378210298119069696
378210213540921344
378206207913517056
378206139735105536
378205020426342400
378204765119057920
378195250734710784
378195090189340672
378195042835660800
378168062316269568
378167946880614401
378161536768147456
378161464777113600
378160641217138688
378160377068273664
378136652927221760
378136596400582656
378126422189309952
378124712691642368
378115335473614848
378089574939258880
378082983133339648
378082789113200640
378082549299699712
378072776340676608
378072690739134464
378068958286721024
378068322526724096
378063165516705792
378063051150614528
378060979407687680
378060478481981440
378059739831484416
378059577658728448
378059184212021248
378042892532477954
377837772876566528
377837532060594176
377837465803177984
377821489292386304
377821344588898305
377817863467585536
377816238007005186
377815362496372736
377815253658378240
377727350798286848
377727287443353600
377727093708423168
377435862419918848
377411292803256320
377401386083688449
377399649499619328
377399296356003840
377398840854601728
377398261252108288
377396730368901120
377396135218139136
377394882094325760
377394516212580353
377394161324163072
377350501224165376
377349071742451712
377348816128999424
377346980269522944
377344682785001473
377344372100329472
377340894464077825
377340751673163776
377334163655122944
377333912470835200
377333460677165056
377198334223872000
377197972867801088
377197899782041600
377133499842428929
377126654243373056
377123622566916096
377120105684934656
377119990547099649
377119746073702400
377094541179752448
377091820468985857
377091483662184448
377087484317822976
377087180989931520
377086770627612672
377085774308454401
377084637392023554
377072084439949313
377069949434724352
377069836809306112
377069380863279104
377068424796844032
377059993369190400
377053395002986496
377053341122957312
377053296017408001
377039197187477504
377038835726548993
376999715230846976
376993826872627200
376993260360585216
376978295515922432
376978039864700929
376977985586221057
376964795490402304
376677127292063745
376657225185386496
376656915431833600
376656709277609984
376656448157020160
376656427172892672
376653925106991105
376646788637138944
376645863696637952
376644922259943424
376642647454412800
376467865513521152
376458490489098241
376330053417992192
376279234991226880
376279038249013248
376264679355850752
376264672145866752
376254164642590720
376248667809652736
376068096077074432
376067605448368128
376060491812327425
376060404591759360
376060067344556032
376059555970809856
376043579065376768
375986941197430785
375986636477054976
375979320805965824
375979217240207360
375977638608658433
375977453996363776
375975615708409856
375974790223253504
375974767670464512
375955346353029120
375954925207183360
375933434449133568
375930645253738496
375930621182615553
375720793675952129
375720682216505344
375706777863868416
375659411127418880
375659379082924032
375539294292938752
375536111374061568
375523991575724032
375236574893846528
375236497064361984
375236449018609664
375236354772582400
375196394539450368
375178067976523776
375177936183099392
375177757610606592
375177497203077120
374857581686030336
374857539348725760
374638693782683648
374560915431358466
374452913877168129
374165117325541377
374125968086294528
374124923255787520
374124603490439168
374123699596984320
373895866274570241
373890925338324992
373868354198851584
373868157049798656
373832490190118912
373812253646413824
373812155310964736
373718776757248000
373561567105007616
373554805152956416
373519823583850496
373518772818432000
373517648505892864
373511427501199360
373510237510467584
373509954373967872
373505605052665856
373497948795330560
373497823071068160
373496052646961152
373495916399165440
373494940573401088
373494049871003648
373366680522883072
373366468035227648
373349512674570240
373348955998150656
373348684601511936
373164838941646848
373160376957161472
373122983230849024
373122470863044609
373122303338360832
373119290121007104
373109641615396865
373046604783026177
372983587140014080
372820479436148736
372804074041008128
372803898349985792
372775661347569664
372644463765893120
372475193983500288
372439164379467776
372381635456827392
372371614622810112
372367631082594304
372367472273670144
372363820154761216
372341284461375488
372340794499543040
372340573312942080
372282989830766592
372282930657517568
372279610677133312
372278910790418432
372278805911851008
372270906971664384
372265273195507712
372264771548381184
372264541385940992
372102793688915968
372096886188290048
372095973520322560
372092282843193345
372088096990724097
372074795128872962
372027517822967808
371988824391696384
371599056021516288
371559578129158144
371338401582444544
371328299152474112
371327113548550146
371314848208285696
371300766071681025
371291661680525312
370986258874781696
370952407448309760
370858873793810433
370856019209256960
370854953801506816
370854183312056320
370853936573739008
370853204634107904
370850319938633728
370849980451667968
370849695578734592
370602802453938176
370588330502934528
370582197147041792
370582136291872768
370571795558330368
370571268254621697
370570864833884160
370560074789691392
370559588795691010
370559498328748032
370558662042861568
370558457595695105
370558385881485312
370558265504972800
370558026765189120
370557885312274432
370557719335292928
370557530000224257
370475224133038080
370443609323339776
370265609390804992
370227408986963968
370224045192904704
370223848274538496
370223606825234432
370203951192612864
369923763498131456
369908196422721536
369890395574247424
369884036438970368
369883326657863680
369881263668490240
369881053676470272
369880888139870208
369875471288524801
369873676952694784
369863066571526144
369853762623774721
369851346851463168
369845497064091648
369845160718659585
369750831501164544
369745045320368128
369744786615721984
369740253411942400
369739535133188096
369739199899267072
369736969955606528
369556902185033728
369534561455075328
369482054389358592
369462365722390528
369462171635154945
369393380159021056
369121845410136064
369083361337176065
369082740714393600
369009810626195456
369009713687449600
368861598443520000
368858725492072448
368818616302456832
368818248357134336
368763621964120065
368758727588859905
368758289560895489
368746457269956608
368746414601277441
368676505179529216
368674397906677760
368672511069663233
368672317921972225
368671958491099136
368651330849484800
368650639762391042
368517593440583680
368437972032827392
368418567282524160
368040630628646912
367972831453511680
367914175668166656
367752151621443584
367749903680020480
367749390003601408
367748993163722752
367747788840660992
367647460694716416
367611607482114048
367611145781542912
367531713783955456
367381491074215936
367354470189264896
367315046978035713
367314805927202816
367312475668357120
367301543537946624
367301292252995584
367300866229141504
367300730849599489
367300344734568450
367271524665143296
367256398897635328
367256360280657920
367256164633178112
367251858769055744
367245817033535489
367168541201825792
367167295808102400
367014455164403712
367007556062818304
366999419339546624
366993325582073856
366986393580343296
366983423518191616
366982803604246528
366981361237622784
366977489584656384
366976334406230017
366975721635196928
366975205005996033
366974879494443008
366973306571722752
366970851653988352
366970169802768384
366964464760791042
366964195280945153
366963580265963522
366960978434342912
366959520494264321
366959133557141505
366958997581996034
366958854719815680
366956467053527041
366945169720885249
366944721135865859
366944342205665282
366944295216881665
366890615973232642
366882943899140096
366881183570722817
366880664622075906
366842201612894208
366841924918841345
366635306893574144
366622355155464192
366621509420187651
366614870289952769
366602726613852163
366602699325702144
366600344383393793
366599667326267392
366599171773435904
366592528578908160
366542511851835393
366249798284099584
366221129565741056
366214642843926528
366209480037371905
366207336672538624
366207106090676225
366192805036572675
366189973998800897
366189215534419969
365887005227368448
365886372248158209
365755214764064768
365528675380244482
365456211031760899
365451557262725122
365413180656201730
365413034027532288
365411912147668992
365411756341854208
365411474270724096
365219702567473154
365149072815960064
365087594511474690
365087192474853377
365070213194059778
365068879216656386
365040970544742400
364797769820950528
364797201836703744
364714810048782336
364713695475425280
364640593676222464
364403389842472960
364403146602188802
364399704597344257
364368859048214528
364295225210322944
364132716151070720
364065215287422976
363990692382511104
363990474757255168
363947340149035008
363946128876003328
363933339729674240
363686584736296960
363682727389704192
363626175740252160
363614061780819968
363191475620020224
363033931798839296
363033726839554048
363012645630132224
363005118423113728
362991438495105025
362961751886675969
362926172587311104
362926080702676992
362925173634523136
362923013835988993
362922889953021952
362921844917415936
362920609614790656
362863977216606208
362862799221194752
362675031521771520
362666015810797568
362665804430442496
362655106375753728
362654518590586880
362650880916467712
362556697883058178
362553032690507776
362552662740316161
362500512429510656
362341940907356163
362341201426399234
362341025647308801
362267808828100611
362267765148618752
362266798734835714
362266481498656768
362266164061147136
362265677106659329
362226876816699393
362226666111643652
362221727721332736
362219740606902273
362218361872072705
362179980408532993
361925653068644353
361925616494329856
361861455416537088
361764011227873280
361762589069414400
361759755116621824
361442791768858625
361381478308921345
361378358501715970
361377967328333824
361152183514841090
361151929897857024
361145519780802560
361143547224788993
361120461964324864
361025506356895744
360833370403504128
360825610790117378
360799377972928514
360793831328841728
360789853329297408
360777979401478145
360425394786156545
360379346470445059
360378476890570754
360377402867716096
360359616435077120
360349984987680768
360349483126632449
360349215144157184
360329371891929089
360323343242637312
360323127135309826
360322227587137537
360320181865676800
360286105817456640
360029048249913346
359706544016859137
359705034499424258
359699794689654786
359699133688324096
359690001837076480
359669791310626817
359658221499199488
359402214554484736
359362601299353600
359361756621053952
359272881202540545
359234855986409473
359228330237001728
359219255327199232
359218707072946178
359217662972280832
359217312374587392
359215340900724736
359214741903781888
359214476685357057
359208979131416576
359206754359713792
359206261969416192
359206174316838912
359047657412501504
359024983915245568
359021775771799552
359021200862748672
359015349187907584
359007198350811136
358950103845208064
358947013980721152
358946095088410626
358907351664828417
358623988161196032
358604696988028928
358601109339770884
358591200825061376
358572003772858368
358564477903835136
358563799390879745
358319512023994368
358280672294600707
358280603307102208
358280207326658560
358238516725026817
358235876251668480
358235516069625856
358115044946477056
357929205008695296
357880172927660032
357879961748652033
357829255616413697
357804808931389440
357784470159491074
357749403924185088
357553888594894849
357552977294278656
357552785815904257
357530353235263488
357521956943302659
357458546784350208
357435400454803456
357423125740269568
357414960864821248
357244063973519360
357166132370759680
357107703857938432
357107617363009536
357056935738085376
357030877231984640
356868953798217728
356863939008659457
356854078631993344
356791333890949122
356777080471580672
356746825346203649
356745466089713665
356441598629904388
356440781860511745
356440703338942465
356440484618567681
356317733589225472
356163151777120256
356155710138097664
356148285985136641
356066040708472833
356065847657242624
356019472441696256
355613482655297536
355611417493258242
355608991637839874
355608883546435585
355605655362600962
355447159878987776
355447047714914304
355446875228352512
355446479319605250
355443445101363202
355439909705748481
355438916653957120
355438576923709441
355438523173699588
355437991063330816
355436913957683202
355436074706804737
355420566255185921
355420236343812096
355420168811327490
355420022807592960
355419913554366465
355413729535459329
355386273915080704
355372518795784194
355350937767903233
355350507482652673
355350391375925248
355274310568509441
355274056800542720
355273900071981056
355269555704168448
355261497699602432
355257430969561089
355070665033912321
355045055289384960
355008008079687680
354981556063977473
354978930912002049
354978880991399937
354975513355366402
354972492613435393
354970740937863169
354970383780302848
354951662147874817
354951416890130433
354951193853829122
354871983210631170
354731061860765698
354721550001389573
354720701644685312
354720161401544704
354676631496966145
354676355369152512
354630863578873860
354614833511006208
354614638119366658
354585536607944705
354585104103907328
354583680569704448
354562833918332930
354513834544865280
354354633843548165
354348587653672961
354282971374682112
354281297306324993
354270164226805762
354206484155998208
353924121400315904
353916777241128960
353915947012194305
353909405357584385
353907027858296836
353906767912120320
353906150959357952
353904404782522368
353901143618879488
353900630290608128
353882196307738626
353880074392567808
353860263608467457
353859629643603969
353859201812004865
353858487970824193
353831559058558976
353831266027708416
353827532581253120
353827256747044866
353635589460987905
353633006113656833
353617431991828481
353602344505704448
353601960273915907
353600440786616320
353595921075937281
353569039802576898
353567585368948738
353556289038725120
353553015908741120
353527264526352384
353524380866838528
353479782945669120
353466977752317952
353410912985686016
353410761550331904
353034599468769280
352890751430037504
352888536330010624
352887775781068801
352884735078432768
352884501292130304
352884390268911616
352876835949907968
352864909836554240
352863944836268033
352512362747674624
352510433464295425
352484352975847424
352482797472067584
352469315104145410
352466924371853313
352466848756932610
352436785554538497
352436738033074176
352424839979601920
352424773663457280
352420468436905985
352420352208543747
352420293341478914
352411629620703235
352410184104153089
352408268146089984
352382431279579137
352355850276450304
352352296904044544
352317198955577344
352316982202339328
352316884844158976
352126175440666624
352126108566687746
352126033530585090
352125990534791169
352125883512918016
352125822460637184
352040099074158593
352039927283851266
352033054132420610
352032573427433472
352013107863883777
351786839406936064
351767484426240002
351766520105406465
351720632548982787
351605318838525953
351595713567793152
351395326571200512
351394225050484739
351394043764277248
351380001742012416
351379677333557248
351378200523317251
351360799719174146
351360134741626881
351359478802817029
351358909061148673
351357264193519616
351356153445363713
351347448767184898
351347345075613699
351341549373767681
351330111255101442
351329691057131520
351329124704460800
351328801856307201
351328621727715329
351327484341534720
351277578402807808
351261149322424320
351233862388551681
350996396998017026
350963976810659841
350957835661750273
350947235170762752
350946918874095616
350828062956470273
350827929548238848
350816514955423745
350590860376813569
350590684195074049
350589274841817089
350589208878014464
350578581811888129
350528990160752641
350528368841719808
350527963671957504
350527137796730880
350527096151490560
350527018481352704
350526367810600961
350525950359924736
350525022915403778
350492103350030336
350491691406467073
350490956400828416
350490633472966656
350445262013075456
350444896232022018
350444475186823169
350262499913900034
350259847473790976
350245109645848578
350243156392030208
350243050536173571
350242827860578305
350180897699545088
350180517376827392
350133915605929984
350121335013392384
350120472668676096
350120207500582913
350116626382860289
350116539241996289
350116326632722433
350091050368512000
350076929866608642
350070041452097537
350069372657741825
350068826790043648
350068519368531969
350003257592131585
349984870300254208
349963484034891776
349963160016527361
349948484880842753
349948327456018435
349948312432029696
349947988606595072
349857803415986178
349802941336662016
349802567498342400
349802071811293184
349752671252652034
349751503348707329
349750817844236288
349749921328545793
349747910071685121
349701707510448130
349679171523461121
349492863672909824
349488759055720449
349488692655689728
349486229345153024
349476576984961026
349443744640155649
349428123605016576
349390618763595776
349390432586842113
349390223270088704
349378324063219712
349377461429088256
349358828959182849
349357971601506306
349356892356747264
349356460565741569
349320741222748161
349320688177385473
349315702966083584
349281533590376449
349279579296382977
349270264330219520
349268459156279298
349258109820215296
349256963739222017
349237156239261699
349122435964092416
349120432961642496
349104404093362176
349104007584808960
349103946289266688
349101346890326018
349101147002372097
349096203566342144
349090200477110272
349089863116652544
349048642910441472
349048474555252736
349048388374888448
349048194602262528
349047966817984512
348949121987661824
348919463686594560
348919142813954049
348917756005064705
348891522642608131
348891337065635840
348891283542114304
348886971403345920
348885298257739777
348771284584366081
348753581387689984
348753005102895104
348585904358690816
348585452946718721
348583382747328512
348441211872362496
348436265005379585
348434741030182912
348433917327581184
348066368995856386
348066079714709504
348054029517090816
347766068967792640
347765845235232768
347763421393068032
347759260345708545
347718422869729280
347718039405461504
347715122963292161
347714828179210240
347701766512586752
347683124639047680
347618129616175104
347609316221665280
347419907220180992
347419866615128065
347395418923089920
347395282574655488
347333825120047104
347328081247223808
347327852347265025
347325625343827968
347325491562299393
347272989852721152
347098180703354881
347092182034956288
347081514896465921
347020167970189313
347001090987937792
346978729332981763
346891535104741377
346713312458858497
346693318484295681
346682690180902912
346681769715712000
346680001145483264
346666360555843586
346536947096903680
346530186159874048
346529613264084992
346412085325987841
346409886059466752
346404896100200448
346393562956591105
346369073225007104
346368628763013120
346349668151750658
346349213237518337
346345338275250178
346342311434797056
346335326882631680
346327276838850561
346323998843482112
346316351532572672
346279732947599360
346217275382177793
346201945993785344
346198194209841152
346198168691671041
345980602597638145
345960101229780992
345950542230609920
345931567920721921
345883026070335490
345882804485238785
345872352913022976
345871574613774337
345871107024371712
345868515762393088
345862833281564672
345829965939503104
345814341712494592
345813483662741505
345643864947822592
345603422805950464
345451150037880832
345300260496748544
345232704381517825
345128352266473473
345080408683188224
344916923668127744
344912791859261440
344912670014722048
344912562015580160
344911716154474496
344909891477045248
344907198381568001
344891573659631617
344887102934233089
344885426940682240
344880677147258880
344876114491084800
344863001431650304
344812161387876353
344561711556210688
344560680692756481
344361490960248832
344346031300956161
344027662643236864
344026833869750273
344026063325765632
343808263755808768
343762595989307392
343734980956020736
343723455444828160
343718669467152385
343711793903984641
343711737192779776
343711250515128320
343709670466277376
343709470611873792
343708851784265728
343708654211575808
343708386069725184
343705926886383616
343705170821124097
343704563355897856
343426083317747713
343419597434802176
343378278368804864
343371457612615682
343332529165713408
343282344129593344
343263609826193408
343109580080939008
343106535414722560
343103504925200386
343103088732798978
343083154401275904
343052267273981953
343050935569879041
343042546735411200
343031434551889923
343031340792430592
343023504746246144
343018103782924288
342957832771088384
342928667300724736
342927315719823361
342926830942187520
342919109857648640
342902308461506561
342902158276038656
342901417100574721
342901155241799680
342901154801393664
342900603837640705
342900121551376385
342899621988806656
342899271210762242
342898667281317890
342898613535506433
342897723697152000
342896987106054144
342882113323937793
342881914300022784
342740465759690752
342740274100969472
342739835380981760
342731490167246848
342730242365980673
342725639016677376
342725637242490881
342725013956345856
342700300601274369
342666675553964034
342666536214990849
342632199624986624
342632024370192384
342623576324710400
342606825310547968
342601598884794369
342557764314349568
342540048639594496
342535265316925440
342534466088103936
342529199489298432
342378339333451777
342355925266481152
342355848003215360
342331899559153664
342311361667289088
342300747553181699
342300520523894784
342296999128883200
342295222002253825
342294321959145473
342293641513017346
342283194789400576
342281779207618560
342280896503771136
342205364462288896
342203812674695168
342203334129758208
342202872299155456
342202666329464833
342202265383342081
342201925736996864
342157277362532353
342151665866125312
342005318567489536
341997992787705858
341997933161504768
341988527204102145
341988296009842688
341983578999115776
341983261213474817
341755562897326080
341709806157045761
341708505021022209
341561781598167041
341508511718600704
341505924726390784
341483007821111297
341472157668356096
341145992483176449
341019052250120194
341018884381478913
341018663090024449
340762714576138240
340760445621248000
340760141869760512
340759479824052225
340759173300101120
340738880787595264
340738250727628801
340541396421341184
340489759266840577
340350968875061248
340051408407638016
339691047443628032
339689973357899776
339426154832347136
339425990054912003
339424996646604800
339422555733630976
339422419531993088
339374939582894080
339374721164509186
339131430632292352
339131345877991425
338924591265222657
338924320032165888
338923658380722177
338923445687562240
338908909362372608
338661889980645377
338660036379283456
338659876760854530
338407657075519488
338402061941092353
338401735896858625
338396990075449345
338394341905137664
338378966522003456
338343445145985024
338342589583458305
338342227334017024
338300030773518336
338283948914393089
338283432478117888
338283030391164929
338282763654422528
338282428340776960
338251385344782336
338250945689419777
338250782363242496
338250737484173312
338010948910579713
337908704454275072
337905920321417216
337904684650098688
337904305497595904
337903020035698688
337898667312836609
337898005191618562
337681271771766785
337680981962133504
337676803298701314
337675243491569664
337669883938607104
337669770793078784
337649908536455168
337649614306041857
337649543757844480
337649396915245056
337649269270011904
337642774969077760
337642209367191552
337599932833882113
337599841284784130
337599411007938561
337598586667819008
337597223753900033
337323008601501697
337320074501296129
337304196758003712
337303978465435648
337245686397554688
337218212833918977
337218004200861696
337199028678848513
337198888287076353
337198742916702210
337181389642403841
337181089401540609
337123447886983168
337097107318112256
336967340103192576
336964319151529988
336869055090786304
336848936650285056
336848402665050112
336815351390150656
336808280447918080
336784303214194689
336775189352300544
336766682053894144
336748728146862080
336748316878577664
336747966222176259
336746074804985856
336745971188916224
336745858479554560
336743376709894144
336739931034615808
336736383760728064
336615234821300224
336606575689093120
336604975759241216
336602812102369280
336602219489132546
336600828481785856
336599055734038528
336597758762962946
336596787328585728
336596394993414144
336596018554617857
336595988527579136
336531983037517825
336481950472749058
336480783273451520
336480140332761091
336479796445995008
