398171295658962944
398170011245621248
398115389558624256
398115234579111936
397999311491194880
397888492912779264
397881589189079040
397879247953747968
397879031078850560
397878858227388416
397878481562128384
397870907924152320
397869876754526208
397869361316528128
397869063244087297
397868050508435456
397856426653388800
397854998937481216
397854288644669440
397853903527899136
397850942680600576
397850466539028481
397847712223481856
397846970909593600
397846576506609664
397846278325166080
397845777214873600
397835641582792704
397812467755417600
397723498769940480
397723274794131456
397722765928574979
397722509593698306
397721729855782913
397720561557581824
397720447543803904
397719547739779072
397719272723460096
397719015155453952
397711256003411968
397680800906616832
397510542728130560
397494629161242624
397395698309537792
397395489907159041
397063947066417152
397063610070876160
397056573438058496
397038535699873793
397035611309490176
397034819076386816
397010708618952704
397009796370407424
397002662031679489
397002444091453440
397001712013430784
396999869849538560
396999209955495936
396993366715822081
396992744478244864
396986851653074945
396986595938934785
396985260858441728
396982252485103617
396979039183044608
396975986040111104
396968424410054656
396962697280884736
396957839798718464
396764327052455936
396761177772277760
396702545919623168
396697096944103425
396681943435464704
396679746274484224
396678011720073217
396677007632629760
396676000060555264
396667978617716736
396667718797377536
396667384763015168
396665049059962880
396664792091344898
396664619789344768
396664507050622977
396664376364523520
396573608174039040
396573362480103424
396566835006820352
396566045500407808
396565930257678336
396425838826356736
396424496498102272
396424023489662976
396421878992343040
396398303987777536
396397992984322048
396397770602344448
396397395891605505
396394990261121024
396257035735408641
396228386462650368
396228117817458688
396218593987559424
396217074608898048
396215866842701824
396068815173591040
396063555705110528
396062389093040129
396062081616994304
396061562953564160
396061296560713728
396060756216913920
396058980989943808
396058724806430720
396058499215790080
396058208881885184
396056695593775104
396053975793160195
396052785206407168
396052411632324608
396052288588242944
396052119188680704
396051780007895040
396051505847214080
396051321876647936
396050835354189825
396050557930323968
396050219865231360
396049833037160448
396049312519819264
396049167279489024
396048954322092032
396048719344578560
396048401516998656
396048132733403136
396047949995978753
396046657978368001
396046341325197314
396045942363009024
396045817351786496
396045631909031936
396045145054777344
396044782004219904
396044364608049153
396043893105782784
396043342263615489
396042867422269440
396042582348025856
396042441159344128
396042307314913280
395847405549420544
395847144911171584
395839562444189696
395838987946188800
395838578930221056
395838242563842048
395836622232883200
395836357689749504
395835871460868096
395834786776096768
395830789294010368
395786334864166912
395682185237499904
395680690186244096
395679807926976512
395678823653847040
395611313738899456
395606266879307776
395600496213622786
395598972091629569
395598297513349120
395598260955795457
395597764304060416
395597163113111552
395596927200264192
395589886243520512
395582911334055936
395582074339741696
395581401648873472
395580741574082560
395580420269428736
395493734038917120
395493390307315712
395485355480477696
395482629883326464
395482302350118912
395477205280886784
395351108669157376
395346345546219520
395344934464917505
395344517077143553
395344159806341122
395342667309391872
395342369186664448
395285039879319552
395272915220189184
395270392870604800
395270134883188736
395265899219140608
395265737755201536
395265289820319744
395264770368356352
395264382785306625
395264116438609920
395263915778916352
395263724606738432
395259838701133825
395188738394824704
395188420256866305
395176469095149569
395176269437861888
395135678750552064
395112212685000704
395111955611922432
395111793208475648
395111534474428417
395108977161551872
395108386758742016
395101871536619521
395101777215107072
395099582688153600
395098660251664384
394939701175390209
394939100232306688
394938902391189504
394844878032498688
394840472239497217
394760182099488768
394752262821937152
394750366526369792
394749608686927872
394749431657934849
394749247389581312
394748935597588480
394747130666946560
394746818736566272
394746581460602881
394745878335860736
394745600949768192
394745396414537729
394745145750327296
394744295892082688
394742376431775745
394741228710801409
394738255893393408
394738173773119488
394735946371170304
394735541968982016
394735134823694336
394733815543136256
394716777110073344
394715036113182720
394714810568683520
394714256098488320
394708701682335744
394614171368980480
394611557097033728
394595598001004544
394590244105752576
394589461482590208
394587722360578048
394585802547556352
394583203392274432
394581843842191361
394581410230861824
394580145899855872
394575971673964544
394575747173859331
394575075724521473
394574845348167681
394574389397970944
394574110036332544
394573023170539520
394567631052627969
394559591326814208
394558417886396416
394558309409116160
394558001740120064
394556975452651520
394554921850118144
394541556293582848
394539376513777664
394535584913301504
394534793607528449
394534631694794752
394534418141818880
394534298415423488
394534106068811776
394533959809257473
394533844440711169
394533653599895552
394533342239924224
394533228339425281
394532895227801600
394531514186084352
394531264830533633
394530724146970624
394530476058103808
394525739015348224
394525479115313152
394524826846519296
394524689369812992
394518693373149184
394518580684783617
394517489238827008
394517234606825472
394517030553915392
394516940330242049
394516704174170112
394516505070546945
394516293501464577
394516164774080512
394515844815798274
394515401972805632
394514652110925825
394506367618121728
394485689904947200
394485388212850689
394485320558710784
394438980273336320
394437058573246464
394409565812310016
394409363336466433
394385805612814336
394385619595440128
394385195421274112
394245004190687232
394244833998405632
394242956523470849
394242372663783424
394242122813308929
394241426709827586
394240815796850689
394240238799056896
394239897512718336
394239062082871296
394238965605486592
394237591832502272
394221423977574400
394220675172691968
394220346427310080
394218372982136832
394218004126629889
394217674068475904
394212861922525184
394209625303961600
394203558809456641
394196880793808896
394191424255561728
394190683545686016
394180555769917440
394146527578308608
394131619625185280
394131354255781889
394126325486608384
394100926245765120
394092553064419328
394092100515799040
394091949101420544
394091684780572672
394091384053194752
393886966800203777
393869399624777729
393867920503484417
393867565287886849
393863934635409408
393863552014245888
393861570578903040
393861484226568193
393861320237662208
393860725489545216
393860056250585088
393859527130742784
393859422411571200
393859133038145536
393858866272030720
393858156415422465
393857622279196672
393853933841821697
393853577783148544
393853475748339713
393846899725594624
393846672171991040
393845878676803584
393845486685540352
393840576652910593
393839908257034240
393839477791420416
393837881531580416
393836454453198848
393835911391506432
393832332870057985
393821826176270337
393821132719398912
393820791416320000
393816353666117632
393816162967887872
393815903562788864
393793460379328512
393793262961844224
393791497679953920
393791240405540864
393790798380429312
393788673764130816
393786578583433216
393785592024432641
393773889027055616
393759533283418114
393759368296296448
393756116372705280
393755771970007041
393702453943627777
393701992498868224
393701890996715520
393701529875521536
393701034012327936
393664391734104064
393663653951836160
393663374686703619
393663055105888256
393655595943067648
393655065543995392
393654530652790784
393654411979149312
393653680781938689
393647041735585792
393642878683320320
393642585321111552
393640982237167616
393640627097071618
393640494515109888
393634709521301505
393633959072268288
393627070640947200
393623868822540288
393520785169870848
393473856415236096
393471068985647104
393470859719213056
393470119911104512
393469769686712320
393469360658206720
393468523126992897
393468277860888576
393468108561981440
393467272737878016
393466532514496512
393463616953122816
393463211099709440
393462816642191360
393462361975447552
393462148279840768
393451638418993152
393451272931516417
393450765261352960
393379324180455424
393357937197850624
393357778879660032
393357608385388545
393357485400010752
393357317074190336
393346451511590912
393345056351854592
393343055073251329
393342824638189568
393339447468892160
393315463515496448
393315292543082496
393315131980935168
393313640100544512
393313196116672512
393312981603188737
393304396714770432
393304111715983360
393303625545838592
393150987114135552
393140691934904320
393137860683251712
393137269399625728
393137126814261248
393136850019581952
393135711337349122
393135141134303233
393134077160988672
393133116933799936
393132612682010624
393132235496624128
393129227731873793
393128941197594624
393124380068577280
393123282041712640
393123123379585025
393122882991423488
393122323974586368
393122110304165888
393121866329915392
393119501669367808
393118860469362689
393089904487321600
393089771167158272
393089636492259328
393066929860382720
393065063067942912
393062750517481472
393061203897221120
393060690740932608
392732237617455105
392700053334523904
392699532724944897
392585603877179393
392579309652938752
392575710046736384
392575495449374720
392575299671846912
392575115533500416
392569779120525312
392567416813019136
392561692997324800
392561517063073792
392561239165247489
392561041403805696
392560624980733952
392559901589131264
392559588618555392
392377343207284736
392376360565760000
392376216193597440
392376072660328448
392375857190563841
392375684309725184
392375552679882753
392375429832933376
392374725684768768
392353317827149824
392348255272857600
392347881052860416
392347581889904640
392347121565048832
392346830576832512
392344758892634112
392252853760585728
392171797657190400
392041306953768960
392023943735156736
392021077335212032
392020133147058176
392018024678838272
392017169334423552
392016863645155328
392016472740212736
392016238421221376
392013399552708608
392012940330950656
392002445410590720
391700997279858688
391700993525956608
391700115200954368
391699549108334593
391696477871165441
391696404382756864
391696113075363840
391695905285758976
391695307651952640
391695178479972352
391694857921916928
391694585124376576
391694260300685312
391693264233197568
391688044551864321
391687645560324096
391685604368338945
391632708314861568
391610128245350400
391605496483823617
391591152438480896
391590841833508864
391576601932365824
391565213855911936
391557445312872448
391548789041164288
391547743153717249
391547296816836608
391536757235126272
391533883885649921
391533783746613248
391526686321565696
391519459934208000
391510879743000576
391507891829895168
391507659046014976
391505027078299648
391504907586797569
391504202679484416
391503952728317952
391503570316849152
391498571830132736
391495574937432064
391495370712571904
391495242354266112
391494887394533376
391494743160791040
391494366608756736
391493842715045888
391492162350612480
391491961439277056
391491822481993728
391491394235158528
391491218955190272
391490053949894656
391489172034560000
391488658231943168
391487428617601024
391485622361538560
391485122966728705
391483739504930816
391483471237230592
391483059931217920
391481987661561856
391481466586431488
391479591044669440
391479325792677888
391478520360497153
391474550556618752
391474429920018432
391474237820907520
391473724958212096
391473039415975936
391472641758216193
391324967549554689
391324625973805057
391324262679998465
391323717592424448
391323526139232256
391321694104977408
391321313253789696
391321043174166528
391320777897041920
391320288451129344
391319830022066176
391319139463471104
391318538574897152
391317637059579904
391164198635720704
391155595749105664
391154311331581952
391154205752590336
391153842081255424
391153577978527744
391152477024047104
391146362227941376
391145109955547136
391144702843830272
391144282545192961
391140884886327297
391135165747326976
391133770818273280
391129017623277568
391128771816062976
391127986453635072
391127898465533952
391126733971542016
391126560247672832
391126479981273088
391124933683970048
391124513586688000
391124369860464640
391124248997396480
391124016360333312
391123702580269056
391123455825174528
391123188345995264
391122951862751232
391122684492660736
391120970208903168
391120510475448320
390971690702086144
390960629093511168
390960336796667904
390959870117441537
390959772096528384
390959643776004096
390959567276081152
390959061287854080
390957616576626688
390957344722780160
390955991627726849
390955666049105920
390954950987350016
390954738843656192
390954437558431745
390954255823417344
390953768650821632
390953268626862081
390953139152900096
390952963021484032
390952825582534656
390952707701637120
390952591758491648
390952422480551936
390952229915881472
390952043894296576
390951846489378816
390951028461686784
390949671889551360
390949548312760320
390949404896927744
390949044501348352
390948679643058176
390948473291685888
390948072643383297
390947765834244097
390947427123212288
390946932270833664
390946407332732928
390946106290733056
390945737854713856
390945400464887808
390920172133183488
390920071646027776
390919669575864320
390919205325131777
390919026484203521
390918806392303616
390917736857354240
390917536826798080
390917406778224641
390917106801602560
390916664982011904
390916348072976386
390916107433181184
390915894274457600
390915751777173504
390915238096564224
390914612620967936
390913160146071552
390912798001491968
390912470426345472
390912380122988544
390912091294801920
390911150495653888
390910966558654464
390910822266175488
390910055690031104
390902358118785025
390896981893480450
390894111362150400
390831032414400512
390720264444854273
390619198612725760
390607594886160384
390600061995847681
390585572043280385
390584472347099136
390584118993764352
390583676712804353
390583578733867008
390583180195282944
390582951341461504
390582680536223744
390582567633948672
390581129457434624
390581001317269504
390579460938158080
390579271246553088
390578347379789824
390577643642712064
390577188942389248
390573141459992576
390573019988754432
390572717529124864
390569930263134208
390569581158617088
390568996841721856
390562934839312384
390560813796585473
390560512020578304
390556660613529600
390554875576467457
390554356355198976
390554290932445184
390528463876001792
390528328626483201
390528253191913472
390528093011460096
390527862094065665
390527525014630401
390519019729858560
390518872971157504
390518268722937857
390515632221224960
390512831898345472
390511479130423296
390485252864352256
390376405806366720
390374179805343744
390374088600215552
390373751818579968
390368699627995137
390368205434544128
390367886197661696
390364029505785856
390358377890840576
390353457628332032
390352841841582080
390246245669031936
390236691069272064
390233367280492544
390233067123523584
390168423571132416
390136696173760512
390135799192518656
390042643813523457
390042488129347585
390042376829276160
390035269850001408
390034865712025600
390033898509713408
390033764971450368
390033662022275072
390033334921089024
390032944112607232
390030759748448256
389863857042513920
389860859885158400
389860478820057088
389854640747323393
389853282560397312
389852486183710720
389845861142118400
389842343823966209
389839277108264960
389839185039085569
389838780406173696
389838222530199553
389837817444327425
389837673516789760
389837400408870913
389837043721056256
389836845829586944
389831621022875648
389831478496223232
389830639052419074
389830546505080832
389827438454538240
389826874379366400
389825190953488384
389825108237639681
389824985977851904
389824955082620929
389813440216563714
389813294691016704
389811382654611457
389810954017705984
389808794148282368
389806155553603584
389805795061555200
389805700589060096
389805061251268608
389804639979573248
389800717609082880
389799959442505728
389799728302804992
389798540710789120
389798271126089730
389798158806818816
389796512084918275
389786226594570242
389749138599858176
389689479817998336
389669181353758720
389641145531518976
389640574628003840
389640021495803904
389623467479670784
389620411081977856
389619399218704384
389614697454268416
389612226270986240
389498940435202048
389498720200687616
389498285222010881
389493467581538304
389492933420142592
389491675208630272
389489476596424704
389488501957611520
389435504262774784
389435345508368384
389434518714601472
389434309884391424
389429978154012673
389429775590121472
389429677716017152
389429569914032128
389429438661681152
389429324119425024
389429285263392768
389429047215669248
389426928064528385
389410548934508544
389409498546589696
389409270925918208
389395585511731200
389395195194007552
389391873049366528
389390784820428801
389390700695261184
389388520122761216
389387475493584896
389379995518648320
389375191622901761
389374197799354368
389292866386014208
389272978535743488
389054170411843584
389053747445649408
389053542109315072
389026389166657537
389021084764614657
388991449468899328
388991036971704320
388990691834986497
388953779452010496
388948206224408576
388942794502717440
388942401873911808
388941991553540096
388938921872474112
388938699251404800
388937696867254272
388936920224768000
388936593584979968
388932258578845696
388931563578462208
388923057437671424
388696148783169536
388695873544523776
388587313909223424
388587063962247168
388572911654944768
388572717886492672
388561151384367104
388541457650704384
388541342655463424
388541176145776640
388534309663305728
388534159276523520
388533018128035840
388531695684968448
388530590976606208
388522864963756032
388398381376479233
388398090241449984
388397970640887808
388397545720119296
388397217721360385
388395585453445121
388393958906552320
388392674258350080
388391711166464000
388390806115319808
388309174746357760
388187384011325440
388187181522890752
388175237885739008
388172268087820288
388171934867156992
388171475645382656
388171042201800704
388169377658712064
388168475963043840
387818974698041344
387811220902150144
387808229704884224
387806524846137344
387806028081147904
387805733020250113
387805627650965504
387800676207960064
387799732867072000
387799378897141760
387798979754618880
387798091312947200
387797329946112000
387796939003428864
387796582365925376
387796036242395137
387794687249362944
387793748417339392
387793242307047424
387792530383077376
387790950703312896
387684078709129216
387673947082612736
387671201243729920
387670403503902723
387670192580726786
387669523471400961
387614118662119424
387530923639836672
387501367637864448
387471427676672000
387470539876737024
387469236660350976
387465788686626817
387450791747137536
387443860789800960
387443622809190400
387331822579093504
387308730502901760
387308422469005313
387308291342483456
387235591534153728
387235366149058560
387234611992231936
387232459433066496
387183233970233344
387121345173409792
387120928469286912
387120692350951424
387119175430578176
387099407105396736
386976478233395200
386759355229818880
386759051885162496
386758869147729920
386758670195113984
386740501279678464
386737600465473536
386736376945061888
386736063416651776
386729250105352192
386722023147569152
386721643714080768
386721067408318464
386719923604824064
386658211967021057
386619584964345856
386585597550161920
386577412269436928
386577075877855232
386576849091821569
386576804040822784
386576745224101888
386573525685133312
386570747428474880
386570240802701313
386570143796854784
386567266747555840
386566966821265409
386565043917455360
386563438715367424
386562859670704128
386557597031337984
386557305300738048
386556512313036800
386556256305283073
386553978752106496
386553786116112384
386553177514213376
386552559756136448
386552050710224896
386551524174082048
386551374642954240
386551217662722048
386550989857492992
386549680554778624
386549527894695937
386543911550078976
386533549412974592
386522204273651712
386502784767389697
386502718749036544
386502662377598976
386502607226687489
386490976820142083
386489426924171264
386489148883746816
386471169353715713
386466340057268225
386458063785316353
386446994647949312
386445981375401984
386441395352772608
386432486508490752
386423974550204416
386421953118343168
386421783794315264
386418128768733184
386417824727834624
386414797757366272
386413113505226752
386412805643333632
386412705076482048
386412574860140544
386412493176066048
386412313383014400
386412149926813696
386412040166051840
386404722158366720
386404186214391808
386401751244738560
386400616324800512
386399630323646464
386399034573066240
386251220828299265
386222831505534976
386222037179854848
386218552136441856
386184704832966656
386184494102745088
386183841674588160
386101066674089984
386100404670312448
386099973110001665
386099895511175169
386088511830372352
386045509359927296
386045189502304256
386044158315880448
386043720074018816
386043220645654528
386043095558922240
386042896497262592
386036417589436416
386036016265834496
386035954093686784
385888296842579968
385884750768250880
385884030333624320
385881406083452928
385876886246916096
385852153124126720
385851530785861632
385851129894281216
385850396436344832
385847151093628928
385845892043268096
385845379776151552
385845106102005760
385844848445898752
385844413282652160
385843699982536704
385840291711680513
385821540996370433
385804276288593920
385803829981114368
385803544902660097
385803193239613441
385672460060078080
385672023047172096
385671919628189696
385667913568755712
385667651143753728
385667565915475968
385667450026868736
385664839257169920
385664458326298624
385551970972360704
385547418650935296
385547151540899842
385545464897998848
385544898788593664
385542489035120641
385542355702386688
385542217105801216
385542110591459328
385541957289644032
385541534642229248
385530978107531265
385529777542529024
385527101111021568
385520705866977280
385520556025462784
385520458247835649
385516712319135744
385451367839453184
385451056970227713
385450918264586240
385436253547536384
385436184530264064
385430340778487808
385430212298539008
385408641383149569
385403755509710848
385403584424050688
385398809271869441
385397430667055104
385397251264106496
385395463462985728
385392566553686017
385392302476107778
385389372134019072
385382371094040576
385382194522247168
385381707248984064
385356937153347584
385333844410265600
385333469481406464
385333278682513408
385333088412119040
385234093996126208
385056160954322945
385007156300247040
385007079359934465
384994569084862465
384994403141427200
384994309658791936
384953204922155009
384950942015426560
384950837258493952
384949735268044800
384949562907312128
384949364722245632
384949051730694144
384947121956585472
384944971440455680
384942769057574912
384942663965089792
384942504833220608
384941899792277504
384938750570418176
384938205868752896
384847102813016065
384841164714950656
384841087439089664
384840939015270401
384840814326992896
384821591525187584
384821235885948928
384821140528451585
384820610657828864
384820081105965056
384768040635617281
384767902324252673
384763955383508992
384762590934470656
384762085134958592
384761936946012161
384761874039857152
384761782398500864
384761724873633793
384761627213443072
384761398812622849
384760765976043520
384628089369939969
384625256004349952
384616369326542849
384616229819781120
384616174866014208
384415668877418496
384415450232537088
384415093301460992
384413955772661760
384413466301575169
384413266770149376
384412917996982272
384412610722267136
384412303304982528
384412165916360704
384411895283073025
384411781340614656
384409251718119424
384408633347694592
384363151900573696
384315135159848960
384253458125053952
384253290826842113
384240531330838528
384240530697494528
384237083793326080
384236824421752832
384236703755829248
384236556527345664
384236467578765312
384229595857559552
384228761639854080
384228659068174336
384222754100092928
384221424296407040
384221146440564737
384220874532212736
384220551709229056
384220378031472640
384220293902123008
384220015010267136
384219831962447872
384219720607887360
384218467370815488
384218196561371137
384218016197935104
384217917447225344
384217731849261056
384055901839433728
384054751966822400
384047265746546689
384042819717177344
384041909322526720
384040380918140929
384040104203157504
384033499415851008
384022165181693952
384021567191400449
384021144065835008
384020703177342976
384019829059256320
383884624683741184
383881246511996928
383880693182640128
383880343079489536
383880094319525888
383874919190130688
383868127949246464
383731354925408256
383709977006727168
383709908060753920
383709799545724928
383708319082233856
383708119030693888
383707963845648384
383707875496820736
383707618046251010
383707198179647488
383706845900058625
383706727012499458
383706642203697152
383706610318594048
383706349936193536
383706137368870912
383705933878030336
383705767687102465
383705062968541184
383704994240663552
383703814156480512
383703588163162112
383702546486800384
383701751125114880
383701651766255616
383701523185688577
383701280645853184
383701148047122432
383700867582398464
383559264352337920
383558784398163968
383555576862498816
383506878648836096
383503048062271488
383500853757628416
383500664938463232
383445295784525824
383330206515482624
383313405639024640
383242439546257409
383242340342587392
383146879527436288
383145510041042944
383145276015661056
383144884993282048
383139276479025152
383138595936403456
383138072692789248
383137501063286784
383136886606155777
383136683639599104
383134239803187200
383131095505862656
383130077237882880
383129673754238976
383129454803161088
383129140872101888
383127734169640960
383127442279632896
383126692115775488
382961937388433408
382928508697059330
382928282481467392
382923284767322112
382922446086500354
382922202032525312
382921935421575168
382920784085143552
382918032424574976
382917851826253824
382917661501317120
382917550796849152
382917407230025728
382917119664349184
382916861253275648
382916782735912960
382916620349222912
382916467437490177
382916267977363457
382916130496450561
382916053770067968
382915793337319424
382915651926388736
382915512704843776
382915370736033793
382915277949652992
382915062656016384
382914954543648768
382914765753823232
382914638892908544
382914206057496576
382913997164404737
382787647229665280
382657259043450880
382657058757025792
382656636818448386
382564318866595841
382559342349672449
382559231699730433
382434497242750976
382433666061725696
382432485272866816
382432419011252225
382420872864083968
382420027661488129
382414941153533952
382413957278875648
382412842780999680
382412164935348225
382411496866586624
382410941154865152
382410851799420928
382410626158436352
382409671299956736
382409460116779010
382409306206793728
382408794342313986
382408664776052737
382408492058832896
382408221261955072
382407754058432513
382396255898312704
382215519522152448
382213083638140928
382212670801186816
382212559866060800
382210470809071616
382210294388252672
382210180777144320
382210101257310210
382051264752001024
381926875922460672
381923098938732545
381887782400327680
381887669263138816
381882287010619392
381878182414397440
381877923558748160
381876987893403648
381876094590537728
381869637249425408
381741935842828288
381739439997087744
381736447369547776
381735303620612096
381735210884546560
381709154038988802
381709056760479744
381708879781830657
381708443817476096
381708236732121088
381706058206441472
381705891885498369
381705829881102337
381705647785394176
381704876205408256
381704735121633284
381704582293774336
381704341993689088
381704111483142144
381703829881774081
381703323721539584
381703097350770689
381702822930051072
381691434895945729
381684537790849024
381684303866130432
381684048844046336
381683737660227584
381683378321641472
381682561350905856
381681738491396096
381680224318267392
381674957123883008
381557653321023488
381557402103201792
381557255986216961
381557105012269056
381556832562855936
381475355954913280
381475119958200320
381474908095524864
381474776469893120
381474520139190272
381474335740796928
381474105448345601
381473977777917953
381473795711574017
381473577288998912
381473338670850049
381473206395105280
381473028950880257
381472527022690305
381472446714359810
381472178329251841
381471983847755776
381471721984774144
381471035377209344
381470137569648640
381414472692547584
381411514705780736
381411212061581312
381409956484100097
381388879154388992
381337638466514944
381337188413497344
381336955478638592
381335862459789312
381335514110242816
381334872054575104
381334233220145152
381334046925922305
381333781309059072
381332145425625088
381332042954604544
381331826343944192
381329637256998912
381329386613784576
381328953107300352
381328549921443841
381328187298693120
381326990554710016
381326146421678080
381325846998704128
381324053275213825
381323741017694208
381322151271604225
381321104285270016
381198144790609920
381195771066204161
381195348754300928
381194940648534017
381193925446631424
381193632692588545
381192179689197568
381192030757871616
381191069826031616
381186584114376704
381186427616509952
381184553098158080
381184472613662721
381184255759753216
381184090554523648
381183765344948224
381183338138320896
381183177282551809
381183104670785536
381182872184696832
381182727082770433
381182492541468672
381182315583787008
381181950750629888
381181734882381824
381181565893890048
381181410461372416
381181245172236288
381181027731128320
381180837477498880
381180699627503616
381180474892505088
381179993910681600
381179598936887296
381179180039536640
381176694029422592
381175932717121536
381175180066054144
381174336230789120
381174119154585600
381170290631659520
381167699768119296
381167561800691712
381166578341253120
381166214317613056
381166001922273280
381154367795388416
381152972597907456
381152750870224896
381152544049102848
381151694253735936
380613262901280768
380369393395707904
380355936688148480
380355810775166976
380354943493734400
380352591390965760
380348811337420801
380348714201538560
380292991102902272
380291976366526464
380289440184147968
380288329956093953
380288236569899009
380288072102842369
380287907765837824
380283215669239808
380282813980741632
380282621088911360
380282384848916481
380282326422274049
380282185665613824
380281567127408640
380260636238020608
380260387721326593
380241040487096320
380236045977395200
380231367461982208
380229094207942656
380228912670056448
380228723636969472
380226833553580032
380225757530038272
380116601367842816
380116141894426624
380115885504987137
380115259349938176
380114583723061250
380114112321036288
380112023037554688
380111743348789248
380111312757334016
380108200629923840
380107985298538498
380106006912434176
380105870891184129
380101683197382656
380101610518503424
380098561347575808
380097920508252160
380097765964918785
380097641578635264
380097456194990080
380096952236376064
380096598358769664
380096417252909057
380096156413349888
380094677761810432
380094318511276032
380094187707703296
380094068300075008
380093989916930048
380093846236835840
380093729236733952
380093494397640704
380093071020417024
380092956729802753
380092284227706880
380092004874452992
380091939141349376
380091660605984768
380062068860137472
380060645208510464
380060495975165952
380060304899469312
380060002498535425
380059824970399744
380059690438107136
380059617507549184
380059133262569472
380050019899822080
380040092229713920
380035484686090240
380035292222062592
380034455210962944
380034258686844928
380018280473559040
380016294067986432
379973181219422208
379916805726158848
379878383494377472
379878247628275712
379874097439981568
379873754975043584
379871396228497408
379870873542725632
379870785470758912
379869447164809216
379868676889280512
379868178538831872
379863406784024576
379848994383753216
379542799512649728
379542212817592320
379542028939300864
379541901256314880
379529641544785920
379513349584982016
379512451920056320
379351381498658816
379349481931948032
379348263188824064
379348127238856704
379347820983386112
379347361958744065
379347011499470848
379346638806188032
379345723223212032
379344208387375104
379343902219993088
379342528744796160
379316189618397185
379314570419920896
379314454606802944
379314386776514561
379314158161760257
379313843253415936
379313705512476672
379313444807122944
379312704063680512
379312529454804993
379312482809962496
379311986716073984
379311796856709120
379271172556197888
379206371704856576
379205978233012224
379177217450070016
379176701823303680
379170893723107328
379170630887038976
379169132593577984
379168855358455808
379168015713312768
379167932825473024
379167688490504192
379167606823215104
379167482965393408
379167204472012800
379166836707041280
379166584646148096
379165978640547840
379165453035524096
379164553072082944
379164216047185920
379163826534744064
379161716606906368
379161519059398656
379161171477409792
379160873404997632
378980085996326913
378979805904924672
378979652930244608
378979474382942208
378979229418782720
378978949725839360
378966639855042560
378962964969041920
378962270727835648
378961789506957313
378960719829417984
378960372905938944
378960249689886720
378959919744950272
378959744460812288
378959472678281216
378959319451967488
378949166220582912
378918796548780032
378913785752207360
378913020648628225
378908600430628864
378908477898248192
378908207348854785
378907974036496384
378907561497341952
378907489544069120
378907156616970242
378904512783593472
378904078991884288
378903805397434369
378903606025396226
378902054963392512
378901904656322560
378868414023860224
378867752246595584
378867668591185921
378850546070720512
378842968884383744
378841285873786880
378840991005806592
378840864547561472
378831715839381504
378829613507440641
378829209281368065
378829051776884736
378828902468042753
378828774466265089
378828730522542080
378817132181471233
378816764609454080
378816225842696192
378810436788822016
378808553131094016
378808515306876928
378808296838144000
378791651613110272
378787416565637120
378783283267796992
378782589227909120
378782080777592832
378634729781985280
378634343457259520
378633964573175808
378632830823432192
378631073590423552
378630804370653184
378630172880429057
378614723623006208
378614203080519680
378611948625334272
378611690918912000
378611409393037312
378611113690431488
378592964039041024
378592012112388097
378591491649568769
378591378420137984
378591189185724418
378590297459937280
378590143235362816
378589795057819650
378589690498019328
378589262557351936
378589008151859200
378588752676786176
378588556190441472
378588151419129856
378587778872655872
378487470234411009
378442713060089856
378440764541661184
378440389369548800
378440205386395648
378438495414779904
378437632038281216
378437125555118080
378436466118262784
378434410892517376
378430318111629312
378422424955801600
378420731132260352
378282935595859968
378282299458342912
378281480625332224
378267532547084289
378266852335816704
378266589139050496
378265975780818944
378265199599681536
378265001993437184
378257218304765953
378257025006059520
378251815239708672
378249792914067456
378249280923787264
378249024542760960
378248395694948353
378236305466871809
378236118744834048
378235304127119360
378216040003809280
378209029056901120
378173893455798272
378117981219217408
378102195230478337
378075587291922432
378074979042328576
378062283848835072
378060019193106432
378059617223581697
378056922911768576
378056325860581376
378051757932552192
378051436661440512
378050904450428928
378050853523165184
378050340429791232
378050179011973120
378049796088807424
378047976536834048
378046898198032384
378045821876727808
378044215038857217
378040903132516352
378040656486469632
378038498181521408
377930453367681024
377926929976143872
377925885720297474
377924931532886018
377924565160448000
377924205394022400
377923364599648257
377922460521598976
377921386435837952
377920881814929409
377920558304071680
377920301197443072
377920126236233728
377919424197832704
377918395087605761
377917650154041344
377917174457040897
377916818431959040
377916261579382784
377915417714778112
377914962825719808
377914744830967809
377914304915595264
377913324144705536
377913045068304384
377912722480168960
377912064922378240
377911188304429057
377910942665043968
377910349103890433
377909939022598144
377907992064450561
377907649788260352
377907264197500928
377889973506433025
377888989950541824
377837685651816448
377837007109890049
377836900767514624
377836737848164352
377730562909544448
377730088022077440
377727880534695937
377714285310672897
377713351696330752
377677541655707648
377672946434990081
377672066096693248
377671821291970560
377671740807458816
377422042041044992
377421079687340033
377420809737752576
377420653994856448
377420555042828288
377417575186956288
377417477086400512
377417191252951041
377395707709108224
377360124928884736
377359850046754816
377357628395233280
377357597516767232
377195670773694464
377195490477359104
377195256682672128
377194179153391616
377193776470847488
377188401734516736
377188261044948992
377187914171842560
377187674739597313
377187386985558016
377186702319964163
377186511437193216
377185832165457920
377184208504254464
377183933999636480
377183727983804417
377182333117673472
377180659313553408
377180425674051585
377180292391632896
377178430137065473
377178123810242560
377090828025352192
377088696459071488
377088231226867712
377088177346850816
377086777623715840
377086330833874944
377085940532928512
377084484006334464
376841359367622656
376839416117207040
376836997782188032
376836019083296769
376831397933375488
376831183470215168
376824329243074560
376824066352496641
376823899033325570
376823706065960960
376822979537031168
376822721952247808
376822561494937600
376822367600660480
376822056030978048
376812284758487040
376812021251325952
376806066740137985
376805763571666944
376805611041599488
376805141845774337
376803927724814336
376803039371591680
376802724563533824
376802267111751681
376801946000052226
376801823949996033
376801485763276800
376795266440912897
376794551450484737
376774270770098177
376767963598049281
376767435782635520
376767125441892354
376715901120180224
376649724780351489
376649615514542081
376649509604196352
376641673343680512
376639174260314112
376638709531414528
376638528421371904
376638331758858240
376637895869997056
376637643179978752
376637407099379712
376636754323058688
376636457550893057
376636237932920832
376635723753193472
376635406105595905
376634901225033728
376634661407322112
376634577869340673
376633804569714688
376633674198179841
376633172894965760
376633041915244544
376631146949648384
376630988665004032
376630226811645952
376630039158472704
376629636140400640
376623527153385472
376611970528870400
376610340060291072
376602189625819136
376477719581982720
376477052842807296
376476968637960192
376476267664920576
376473146729455616
376466889666736128
376466562997575680
376466476875931648
376465563222306816
376465105418211328
376464510145789952
376463672337760256
376463198968610817
376462024668348416
376461395673743360
376460532230131712
376458746899464192
376458568637382657
376451460030279680
376451363267690496
376450632699613184
376450355296755712
376449730932670464
376449546337157120
376448765999460352
376448252729913345
376447921090461696
376447757219028992
376447602608582657
376445838597554177
376445653121245184
376445522099580928
376445377916178432
376445018409807872
376444673143107584
376444318489518080
376443962846093312
376443651737792512
376443547584831488
376441793178771456
376441399652405248
376441160468037633
376440924672638976
376440591753957376
376440072780148736
376439691006189568
376438649568911361
376438409268822016
376438195996876800
376436804653944832
376436203782152192
376436023456464897
376435863150141440
376435676088397824
376434697574051840
376434503289700352
376426233040732160
376425151258451968
376419673417347072
376416012662734848
376414994008899584
376413476996276224
376412417875791872
376411145160384512
376410302986067968
376409383523332096
376409075086807040
376399062938836992
376398211381870594
376394951593955328
376387423162212353
376387086237970433
376386717764177920
376386578513272832
376382697003687936
376382540363202560
376382370422595584
376382309059923968
376382172875075584
376381713154207744
376381427018776578
376381271913422849
376381034956214272
376380918404874240
376380761013637120
376380636744785920
376380583410016258
376380461418676225
376377731060989952
376377485895532544
376373630810091520
376373456012455936
376373342510411776
376371869382737921
376371761098407937
376371470223437824
376365956269752320
376365630641156096
376365398561931265
376346357151588353
376341883691483136
376341613205024768
376341337668616192
376341078464823296
376340990157942784
376340776063877120
376340667926327297
376340389592334336
376340278036410368
376339535422320640
376339188071010305
376261366157684736
376083761278246912
376061042448551936
376060808980992000
376060624716849152
376060399033909248
376060270818234368
376060051363856384
376059911651590144
376059388345057283
376059235131342848
376058936610148352
376058578152329216
376058378243432448
376058079667683328
376057786913677312
376057450870226944
376056790804213760
376056493633572864
376056207565279232
376055968372506624
376055705553207296
376055319538851841
376055209539026945
376054216587878400
376054059943219200
376053908591742976
376053047048151040
375978408829677569
375971494146220033
375964080902647808
375963233951031296
375962954136420352
375962762913931264
375962684149080064
375962271245037568
375948340321460225
375936496877846528
375935400423870465
375935163118538752
375934994814103552
375913887477940224
375913708657983488
375913168079319041
375912944552275968
375912818635071489
375912210570022913
375740679185391617
375740336380710914
375739226467217408
375738894441910273
375738622021881857
375738360809013250
375716221838041088
375634569308807168
375633240431677442
375633145338400769
375615462190485505
375607959662759936
375605706256166912
375605456174989314
375605070244507649
375600217405390848
375597919409160192
375596509879742464
375596245768609792
375591491395022848
375589894426329090
375539889024299008
374993266313560064
374966030763708418
374965172328075264
374848411708583936
374844674902487040
374816697330716672
374816628460228608
374816546331561985
374801983326412801
374800051702595584
374798519569498112
374798187598733313
374796723899867136
374791896557977600
374790958493499392
374790684840296448
374790526631165952
374790385060835328
374315300151640064
374295969644707840
374294760649134081
374294546894831616
374293830113439744
374293578820116480
374293433130950656
374293108605071360
374292803985367040
374292408252788736
374290652533907456
374290193085632512
374289881935388672
374288556359155712
374288199969173505
374287915922513920
374287616717639680
374286821879844864
374286736177647616
374286558750179329
374281566878318592
374281163201724416
374280240257699841
374279374335262720
374279068172025856
374278826282332160
374276482094223361
374276324589723648
374276149364273152
374276078186934272
374274869942177792
374273912516780032
374273720769990656
374273291541688320
374273120456024064
374272785553428480
374266339193405441
374266226010124289
374265955209056257
374265782403747842
374265580984864768
374263792944701440
374151177824264192
374150923091582976
374150690207043585
374150295221047296
374150085367439360
374108056524558337
374106872027963392
374074783367192576
374074264443682817
374073993453920256
374073695830286336
374073312525451264
374072987538194432
374072420447318016
373975582910185472
373946636302438400
373946408241344512
373938546488250369
373937047125229569
373936278737125376
373935989321789440
373935825324494848
373935660853248000
373935400030466048
373935125144166401
373934456676945921
373934235859439617
373933687043153921
373933383765594112
373933234007982080
373932912615251968
373932837264564225
373932475568779264
373876390263001088
373857645330837505
373857395744600064
373857082543337472
373848572036276224
373539506471067649
373526758823194624
373526063441137664
373525940493496320
373524370464841728
373524150167408640
373523508510212096
373523182126235648
373522979411349504
373522887073734656
373522484730929152
373441033767383041
373336703777665024
373336456707977216
373208990186225666
373205614391877632
373205398943055872
373194989410324480
373194725093695488
373194570701348864
373193641881112576
373193133778939904
373192723475357698
373169738349674496
373169552562982912
373169335943958530
373169180977012736
373169060726333440
373168957030547456
373168607515385856
373168476367892481
373167796370550785
373167543399514112
373163932879302656
373163535775563777
373163068647571457
373141740120989696
373141172157698048
373031107681218560
372997417958125568
372994842143768576
372993589481336832
372970499141537792
372863338872844288
372862719260889089
372862482328870912
372832225450287104
372825444565135360
372824180930412544
372823870560301057
372638486043828224
372638185626800129
372637756025212929
372635078771605504
372603431032479744
372490353171255296
372489832788131840
372489636318568448
372489217123037184
372488943515996161
372488450463006720
372486848880586752
372474908405542913
372429540842156032
372424690385444865
372420824805801984
372420425893937152
372410843595411456
371989153287663616
371988304331165697
371988169324908544
371978429798690816
371978004722745344
371977813282144256
371977617710145536
371977354022629376
371977097004072961
371976995887788033
371729334018387968
371725049092251648
371724485340049408
371723921503944705
371723758714630144
371722083060813824
371721592801202177
371721322306363392
371721095822311424
371720618657316864
371703903475073024
371703688470872065
371703251130793984
371703108348297216
371702704365502465
371702559582330880
371700464967888897
371700088726233090
371699964100894720
371699872086245376
371699617164832769
371697677139845120
371682358384005120
371680571438559232
371679626629636096
371679103276969984
371665514935746560
371634117730775040
371622622015938561
371615454545993729
371615291026841600
371607418200801280
371607247610064896
371607046895853569
371606926796144641
371606791450148864
371605081352720384
371603354415136768
371603098545840128
371602469588959233
371556649275641856
371389551719485440
371381953687064576
371365692894740480
371365372022112256
371364812489367552
371362714074873856
371341636451958784
371336799551258624
371326043509903360
371321907112460288
371321828095954944
371321400293720064
371270494919852032
371270115616382976
371245663771951104
371233083447861248
371230683890712576
371230072793214976
371035341782020096
371033812089970688
371033639372738560
371032933664321536
371032271769567232
371031477150298113
371031249881939968
371027515697287168
371021590739566593
371021254775808000
371021042036518912
371020603660464128
371020449217789953
371020276722835456
371020131184701440
371019575737200640
371019113575227392
371018622116065281
371018522341945344
371018306314305536
371018039757901824
371017906106413056
371017823755464705
371017715622117377
371017401728765952
371016883015000065
371016534002782208
371016348610347008
371015879406141440
371015762984828929
371015157428023296
371013833013604352
371013393874182144
371013166157033472
371012676820156416
371012181649031168
371006288563814401
371006186176655360
371005743216226304
371005294375354369
371000684625559552
371000446493945856
371000194839891969
371000095141298176
370999825376247808
370999635340709888
370998845779763200
370998442161881089
370998220614565888
370997980318674944
370997509612929024
370996899832422403
370996624933543936
370996516087148544
370996406645166080
370996265276162048
370995583164903424
370995247469592576
370994950789664768
370994804056154112
370994629585686528
370994237812510721
370990184571355136
370989621209235456
370988267849932800
370952623978848256
370940380323139585
370940047777730560
370939893523832833
370939844177850368
370938883564773376
370938740509638656
370937894602432513
370937737676734464
370935802772996096
370935249644974080
370934974230175744
370933837364088832
370932865124401152
370932233193807872
370931954998210560
370828191939584001
370827281716895746
370818417143848960
370815155682435072
370787532889669632
370783585718247424
370768140558696448
370756870841323520
370756407601426432
370602018064576512
370601556238172160
370592892886450176
370592704918720512
370488863166197760
370455950240800768
370362131340083200
370262776004214784
370262078827028483
370086866940604416
370064494883790848
370056833320628224
370056574892793856
370052181082533888
369935197850337280
369934704671477761
369934116848173056
369825863782899712
369739798606782464
369738776010305536
369732115598172161
369722493512462336
369720684886634496
369719023149531136
369718777661095936
369583521758584832
369185946903642112
369185489422544896
369185368181993472
369184951205244928
369184668634984448
369184465571946496
369184256271994880
369180427195400193
369179989888872449
369179084674199553
369178024379297792
369176877845336064
369172466586746880
369172168753434625
369171948300816384
369170659076624384
369170221254180864
369169943113117696
369169834811985921
369169593022943234
369169333206806528
369161429137375234
369160965222199296
369160569703497728
369160195529637888
369160146494050304
369160054080937984
369159988515586048
369159276272431104
369159033057325056
369158996503977984
369158886898409472
369158745810423808
369158673748094977
369158508190515201
369153779238567936
369153400895582208
369153151409999872
369153067138027520
369152937424982016
369152828440195073
369152524336386048
369152314440818688
369152247390679041
369152152142241793
369152028846460929
369151974001741826
369151845354045441
369151724126093312
369151671361736704
369151528184983553
369151392914493441
369151306218237953
369151233560285184
369143110321725440
369143055531507712
369142545592250368
369142339354103811
369142212602236928
369142091026137088
369141979025661952
369141867931136000
369141799958241280
369141665748905984
369140756423774208
369140512063643648
369140446288556033
369140324972515328
369140249068179457
369140197125939202
369135827768463361
369135103915479042
369134854413090817
369134744799162369
369134688725520385
369134636489646080
369130749032534017
369130673941905409
369018349293826048
368821596955222017
368821321922117632
368791051856666625
368790689963724800
368752531297411074
368751586815668224
368751546013462528
368750879374987266
368750600822857728
368750228083462144
368739533908475905
368728400115953665
368728190543331328
368727538471690240
368726473063936001
368726284710326272
368719115914985472
368718641342078976
368715342840737794
368714462888337408
368712852971855872
368712673145266176
368709635282198528
368708842894274560
368708459207745536
368708105845997569
368707529632514049
368707100437794817
368706673830928385
368706310885224448
368706136993570816
368705727205879808
368705299512705025
368705022818664448
368703875584245760
368702925511479297
368702522027806720
368702116358926336
368701530498531328
368699634803175424
368697196650041344
368694293277323264
368693136521830400
368692878433726465
368692660476735491
368692304262856704
368691987852972032
368683994910449664
368682651994959873
368680835576131584
368679526638690305
368678477945253888
368677970904240128
368677587158982656
368546660781010945
368546009288163328
368531149754077184
368528745763573761
368462296919846912
368461541924151296
368458508997775360
368458270849380352
368457314275434496
368456823118233600
368455449378836480
368454670005850112
368454279310610432
368451791119458304
368449578980605952
368449269801713664
368441421323579392
368428276706209792
368426645742682112
368426448643973120
368348645277831168
368347823152328704
368337748140494848
368337447484411904
368336708280270849
368320425434316800
368320157103697920
368319637941157888
368319450615144448
368300060486156288
368297316832509952
368297064293482496
368296086655741952
368295946142351360
368295589270016000
368294876901044224
368260675359223808
368152603664068608
368152455114399744
368138658454728705
368107004575105024
368101872844169216
368101678559793152
368101297847029760
368095537775796224
368091295631548416
368090673737916416
368089950140788736
368089411428552704
368088832463630336
368088632768593920
368078569677008896
368077888899518464
368077788752117761
368077650281398272
368074620425224192
368071319843524608
367970620099018752
367969977133187072
367969681766113281
367937390704599040
367934879948087296
367816547047596032
367708584748257280
367697474838073345
367695588282093568
367685410887323648
367685182691999745
367684938193448960
367683794721312768
367683583798149120
367598965744992256
367597666550972416
367579617793941505
367577037177094144
367576345905475584
367576132469927936
367575925938225152
367437678276386817
367366280338108416
367365418715209729
367365132512276480
367364692052017154
367362800404148224
367361916785549312
367361485783060480
367360135628591104
367359198008737792
367357603929923584
367357417065287680
367355685769859072
367355404571115520
367354741992722432
367354532181049344
367352861296164865
367351739374379008
367350801083408384
367350274899574784
367349808106721280
367349207310807040
367348687632343040
367346042964307968
367345072213606400
367344260711862272
367310269456080896
367308060622348288
367307865440407552
367307644379611136
367250935279779840
367246745065259008
367245943609233408
367245941935734784
367241101444657152
367230257117810688
367226467312496640
367225546989903873
367224992884609024
367224271346888704
367223629693460481
367223348994248705
367222963739058176
367222322706776064
367221732484341760
367220531881586688
367220267535597568
367219259749203968
367218847553961984
367216762389270528
367216364291121152
367215365417627648
367214678432567296
367214155553439745
367213901970407424
367211782194352129
367209224197378048
367062173476192256
367061665516634113
367010520349425664
367007302328393729
367006971087437825
367004109225721856
367003664528842752
367001419116986368
366999711732862976
366999247289200640
366998797823385600
366990765404090368
366972350262030336
366858830870609920
366857604632289281
366834281684807681
366829750855012352
366826854398697474
366691774858661890
366690633143951361
366689991298011137
366634262386073600
366633511672754176
366631722319745024
366630499961143297
366622075542183936
366621618014920704
366621549496766466
366621066635911168
366620531987972097
366619990209724417
366619675741794304
366618066114719744
366617384078942208
366616426578063360
366615934426824705
366613653027434497
366592294134095874
366592160549699584
366556394985488384
366548354261458944
366538459730550784
366536851256909825
366533155232026627
366532889543839745
366529317448081408
366528214987845633
366527406229573633
366526729088536576
366526624847511552
366526478629879808
366525966916403200
366516626163646465
366513997819822080
366513150624935936
366508528552251392
366500724676378624
366499173555638272
366485528410988544
366482505299271680
366462163541426178
366459930456240128
366319258218663937
366289008134860800
366288096632905728
366287581840818176
366280924981248000
366280273719078913
366277713037770753
366276894603223040
366275360180035584
366274667058692096
366274497621401602
366274083022848001
366273792567283715
366273154101940225
366270470288453632
366270001088446467
366260852724219904
366257952329441283
366244670730289152
366244568330534912
366234475992068097
366222831572369409
366219854208303104
366219590876934145
366219378729037825
366216092563169280
366195887644487681
366195683402858496
366194043924905984
366193832439721985
366193692685516800
366192234086932480
366189305539993600
366188254971691010
366178638065963009
366169211896217603
366167242917945345
366166910452240386
366143782116261889
366143342276386816
366142663939997696
366142159625256961
366137574965776384
366136902895677440
366136463487811584
366135612908118018
366134933632192512
366121265008242688
366104527855828993
366104486424481792
366104406862737408
366102766759854080
366101784395137026
366082664425459712
365996441480597505
365996214283546625
365995991981232129
365974720077766656
365974510781988867
365973917036318720
365973787373604865
365973546754772992
365973184392085504
365972453673017345
365968660432551936
365968066556866560
365967760544632832
365967310315466753
365966869062107137
365966724899680257
365966622197956608
365966583580983297
365966183113039880
365954591008886784
365954254634102784
365954016577990656
365953869773160450
365953709554929665
365934393577050112
365762099365937152
365761131744215042
365760978635333632
365754236002250752
365753575026077696
365753266803453952
365747973314969600
365747067227869184
365746925439418368
365746610430427136
365745888058032128
365743134631657473
365742816141393920
365741223031480320
365731551348137985
365728704703369217
365728486415024129
365728260509794304
365728260501417985
365593154038136832
365592953202286592
365592451160870912
365591777517895681
365590954419298304
365590755907084290
365589874813845505
365584240672387072
365583570988834817
365583274925494275
365250380273164289
365249992266485761
365249836141912066
365249755787431938
365249616263905280
365249487205171200
365249206279094272
365248988728918017
365248048445657090
365247944397553667
365247859567759360
365247724171440128
365247653023461376
365247542981705728
365245308378165250
365170705605742592
365167804686692352
365166923094302720
365166602297155585
365166249463906304
365165393423245312
365165289060573185
365165156541538306
365164109303521280
365163641802199041
365163048689881088
365062724566257665
365062573718118403
365062395095293952
365014466112405504
365012925544534016
365012563941015552
364998065897213952
364996909154312192
364993731562188800
364992130843815936
364991912840667136
364985373740367872
364984940988870656
364869444310282240
364862633964347392
364861885813764097
364858937738137600
364853862034710528
364853776101806082
364852837898915841
364849737096105984
364849634285330432
364849386624266241
364848873442775041
364847458456571904
364847061084012544
364846902136680451
364846622401761280
364846550041632768
364846398253973504
364845962134421504
364845667031609344
364845236805050368
364845044630421504
364844654543372288
364844226049089537
364844066820747264
364843805456859139
364843626209103872
364843413511757825
364842975362170880
364504899108995072
364503104525705216
364447809266663425
364447347230515200
364446620303110145
364446168656252928
364275379420557313
364102311527710720
364102153842855937
364099097088630785
364098395696152577
364098191278358529
364097895185661952
364097693041180672
364097156891680770
364096966474465280
364096726736453632
364089100187353090
364088913935081474
364088529665523712
364088230796201986
364047185895522304
364034976955633664
364027351564570624
364000726311522304
363999716767719424
363999211924520960
363998988674285568
363995749165453312
363994144743501826
363993367945822208
363992912868413440
363985287208505344
363984275999166465
363984082323390464
363982050350882816
363962048021299200
363936013804404736
363934466181316608
363933901586038785
363933455765082112
363786058301177856
363785570063224832
363785391335555072
363784214556065792
363783841464336385
363783376123068419
363783046635732993
363782963239976960
363782452973940736
363782187486691328
363781820435144704
363781142929211393
363780994257928192
363778549217378304
363777789159538688
363777411881922561
363776825262346240
363775820977807361
363775222702690304
363774920435990528
363774341286481920
363588249056325633
363587734096453632
363573818708590592
363571956404072448
363571036018585601
363536468750630912
363533230479536128
363533001147572224
363530631957217280
363528038723891200
363527653216632833
363527465089908736
363525102719500288
363524774636830720
363524345865732096
363407226465431552
363393430648418304
363392784994013185
363390990536548352
363390519868522497
363386978407948288
363385434409152513
363385081928237056
363383770553917440
363383551661580290
363383066238001152
363382911627563008
363382709290156032
363382531296468994
363382457455747073
363382271715192834
363381841807425537
363381703269556224
363381028582203392
363380690085085185
363379915640418304
363379293553819648
363374240096980993
363373869790265345
363373782888480768
363373615435087872
363373473189466112
363371309247377408
363371088866050048
363370753523064832
363370663681069056
363370420650512384
363370350823747584
363369972120031232
363369406857887744
363369309529051136
363350323282190336
363350225680732160
