398171612429955073
398157082995994624
398143313335029760
398129610233114625
398101535747735552
398092976481513472
398090094428839936
398081516476960771
398078481352777728
398022905398693888
398017381022195712
397852735179337728
397849464662405120
397848163845152768
397848107649871872
397828083064897536
397826009736552448
397825018911944704
397824892197810177
397824143321595904
397816435696627712
397816281467854848
397815656210780160
397798335308124161
397779577529204736
397773388334505984
397773335003938816
397773277676175360
397766466079956992
397763563093524482
397763275602927616
397754303051739136
397751088801005568
397750277362974721
397750109607591936
397743077034446848
397716318352199680
397711196906082304
397710612970483714
397709602441027584
397708788012027904
397691432037003264
397691100820799488
397678318578708480
397677887769559040
397677862267789312
397673830853791744
397673459544633344
397659724151529473
397630753573711872
397373581052502017
397370675683688448
397368646999494656
397344068231245824
397325910816198656
397324518693142528
397322424502730752
397314112910557184
397312475969769472
397303758951956480
397046588792913920
396972864513265665
396972851674103808
396971831053131776
396939037459906560
396938895050682368
396704521155391488
396653411590242304
396617502073298944
396615625482571776
396596511972536320
396568551894843392
396343586913939456
396342529785753600
396334988335259648
396334585375510529
396295520198881280
396291103139192833
396266268598091776
396265949000900608
396246486570524672
396246475229114368
396244863659679744
396238100931698688
396229562713268224
396218675621294080
396217092066004992
396216792277741570
396216377645604864
396216196288102400
396216047453233152
396205634980704256
396205368730083328
396203695865491457
396196622595391488
396193230691135489
396192533715238912
396191127239262208
396161248179781632
396161185558831104
396160833488965632
396030249169063938
396029943169032192
395950054755663872
395926860808208385
395923813512122368
395920669369589760
395919989972025344
395919829091098624
395919620541927424
395918198442561536
395917965742575617
395887103843643392
395886639580327936
395886484311404544
395884668329144320
395859581835821056
395858889352024064
395841060850515968
395839550024470528
395833289895735296
395832123925729280
395828346539347968
395818506077601792
395818116221263872
395816960933756928
395679810757750784
395675653812391936
395675197040119810
395674442166059008
395669627348336640
395662391045681152
395661742627233793
395661470374973440
395661111246065664
395660173270073344
395660123567169536
395644315768467457
395630123686567937
395626806625460224
395615085290213376
395614247335374848
395611619973029888
395609593914458112
395609045216026625
395608728369516544
395608128160399360
395607830121566208
395606909086359553
395606873748942848
395606110511435776
395604761669828608
395601595150651392
395590031055654912
395587988568039424
395587527182012418
395586906505101312
395585894930870272
395585222571724800
395584238470565888
395577082316468224
395575582899339264
395564904251678720
395564872139677696
395561944507109376
395561891579559936
395558137350344704
395557975072735232
395501583452364800
395501400765255680
395500268642525184
395489868391776256
395485848118263808
395485029335572480
395484668746678272
395467487526912000
395457107702861824
395455660454080512
395326720305557504
395326501983625216
395326261704556544
395323023596982272
395321903503933442
395273814600613888
395273441693413376
395250282768371712
395246656318611456
395245284315648000
395242941994000384
395242794945896448
395241052191608832
395240882682998784
395240643641229312
395240299595042816
395239915984015361
395236937629716480
395227349345918976
395225870396571648
395225296749613056
395218084086427648
395215694037389312
395215387325120512
395213662408802304
395213083871698945
395203568568762368
395180115552112640
395179377706553345
395176822674972673
395170556409942016
395129430471114752
395123588744753152
395099818844241920
395096180377808896
395095838906920960
395010177554190336
394887588995428352
394870577116094464
394870429619216384
394867667930075136
394860845412274176
394853529703436288
394834718224441344
394831150071701505
394830147787829249
394824671679377408
394806428600250368
394799122848292864
394794542789951488
394785631462645760
394774002855464960
394772510220488704
394771444799787009
394758530399342592
394757863035244544
394757437560856577
394741531435098112
394731301284356096
394535941408563200
394523420110495744
394475617686933504
394439497175154688
394438890687197184
394431148769968128
394430290929930240
394427568784687104
394410427804696577
394407356777259009
394402183388856320
394390190577684480
394164505707831296
394158174359814144
394144866927902720
394072832142884864
394066726351937536
394063176481779713
394049950511665152
394042923928387584
394038684225241088
394037658864730115
394032681568059392
394010894080172032
393785748207325184
393784715674529793
393784502025064448
393766046223851520
393761746038841344
393739891726905344
393736495632510978
393734654324248577
393734543271686144
393734436354662401
393734273754079234
393729192476409856
393726923982917633
393718868788539393
393718531402895360
393718035329986560
393717451914887168
393717215993663488
393716806026027008
393716632578949120
393716619039354880
393716097720930305
393715687073402880
393715499931955200
393715260995432448
393715200802570241
393714884208099329
393713790904070144
393713232491212800
393711257280606208
393701968163913728
393701636394455040
393698591921176576
393697184786313216
393694396618924032
393693434516881408
393693243776331777
393692971667046400
393689675938152448
393689637065338880
393687690748502017
393684747870015488
393674291256246272
393671610949181440
393669461406130176
393661429330747392
393643210800914432
393640161688711168
393639977697181696
393639668077830144
393637617386139648
393507636320407552
393507276591759360
393505950730301440
393503550401417217
393450200309972992
393440915538599936
393395602182004736
393391572219199488
393391434356629504
393362250695987200
393356783076380673
393354746230095872
393339334059114497
393338831094571008
393338616442671104
393338201634390016
393336958623047680
393336900309635072
393332427466108929
393331462105096192
393331252368920576
393328511026356224
393327571342872576
393326030863486976
393325981840064512
393325801090715648
393325643129028608
393324628237889536
393324471634771970
393323360731799552
393138455100026880
393138284245032960
393137129003712513
393136440458375168
393135060893048832
393134373476007936
393133924677070848
393133554810773504
393131881015025664
393098375702130688
393091727055396864
393085951733280768
393067468672880640
393058792356974592
393058512449699840
393056718524928000
393045664122564611
393005343074426880
392997715514101760
392997086020763648
392994506301128704
392991534242467840
392987325359476736
392976178572582912
392975674417225728
392972088144719872
392970663365193728
392969876287291392
392954212079767553
392950134771699712
392938704979103744
392934002937847809
392775287723003904
392772792233758720
392772501379772417
392771459225239552
392768111759609857
392767559386562560
392767555993362432
392747427528450048
392729912341049344
392725650697502720
392707987028320256
392693943248633856
392692791278854144
392692027328299008
392691049090797568
392688269999501312
392687180726140928
392685305025028096
392684565292388352
392664101664468992
392662429638746112
392661269725315072
392660723660099584
392659372511617024
392658958575366146
392658800882118657
392598140731138048
392597871402692608
392567030169468928
392395661322489856
392380356176789504
392378524251598848
392377384353406977
392377340975542272
392368062986350592
392364802284068864
392345803362025472
392342968478085120
392337328477200384
392329677966016512
392322456482246656
392318461294424064
392311832020410369
392305695850115074
392300971184766977
392299273280167936
392274274599587840
392229460520751104
392228359955963904
392209168880635904
392052478386380800
392036350079553536
391962050332995584
391889070990712832
391888168535875584
391882675000061952
391536684698836992
391535187139362816
391534458366484481
391479018421104640
391477170041651200
391476587931389952
391476577323606017
391476416207785984
391473880444850176
391473649397407744
391270755595747328
391270385389666304
391260374462648320
391252250837803008
391247086198726656
391233567784595456
391232168015323137
391213946029346816
391188358992760832
391187885317038080
391173594866143232
391172508843401217
391132193592201216
391002172076589056
390939702855221248
390928095618035712
390926715369058304
390891907426955264
390880045310681089
390879348343205889
390878678877732864
390860622600368128
390860447668531200
390859972713910272
390859901809217536
390816011391225856
390799617228423168
390799355382231040
390789207180181504
390786255325503488
390675605768785920
390673414421114880
390673189728026626
390672615691399168
390605942384889856
390592722337144832
390583965889077249
390580132588437504
390508691251662848
390506466429243392
390487225458126848
390444435260964864
390438721101000704
390437548729724928
390436550250467328
390435643563597824
390403254443851776
390292939920117760
390292338746347520
390268192557654016
390168415060500480
390168183694299136
390166746671243265
390162043560812544
390161874186412032
390161786735194112
390161751935049728
390161669948964864
390161500616159232
390151123824148480
390149377500536832
390149209128595456
390148704742932480
390144103813365760
390143407768993792
390138578996453376
390113333934043136
390103121818845184
390101959388459008
390101752831553536
390100219654062080
390098874209435648
390098010207948800
390067900226482176
389923349456887808
389908817427042304
389871404164071424
389842970822057985
389842931886346242
389842902392000512
389713606344187904
389682919931150336
389682593064824832
389661390103150592
389640431371177985
389640173941567488
389501740351258624
389500079620784129
389499668729982976
389492879774986240
389224886650294272
389223155681619968
389052630854430721
389027066479263744
389026597116080128
389025978095505408
389012283428331520
389007962368262145
389007593575682049
389003631069904896
389003267382210560
388996894778617859
388991012636733440
388990948476088320
388987209526677505
388970466146545664
388945632863739904
388908892895211520
388907424670707712
388907328558215168
388658827190890496
388657962832916480
388656383417393152
388600665187958784
388599990081171456
388598947570122752
388593892544630784
388584431700570112
388552044149092352
388384422036512768
388338042273939456
388336296000643072
388335973651603458
388335811495620608
388335625134297089
388329272588247040
388326192660492289
388325768645705728
388325542526988288
388325387366703104
388299360523395072
388289536360321024
388256664324816896
388255318305538048
388252886662008833
388252564807897088
388251552239996929
388251411819290624
388066199021838336
388065945664892928
388065645533081601
388064848854392832
388064673893195776
388062980312940544
388061093945692160
388009228885307392
387974852545880064
387970206846287872
387953685525196800
387925851775717376
387925792786636800
387877624565235712
387861411109810176
387861311586988032
387838896396316672
387838100858482688
387709618383642624
387708374910906368
387706338911858689
387693387279003648
387691342622916608
387691156148338688
387689810087145472
387688378650857472
387687952933191680
387686297646956544
387660031686361088
387659098361458689
387621055978033152
387615118508699649
387615056982450176
387613102269026304
387612119195463681
387600643650621441
387593177906966528
387581791244005377
387581168775741441
387578757684269056
387578584597938176
387577308925952000
387575434612715521
387572644033208320
387571993794473984
387571303953072128
387553577683546112
387553315849916416
387546703546429440
387500100098207745
387498528571805697
387498096139067392
387497696442843136
387494121516310528
387493997222301696
387493485617905664
387473273464045569
387472145863176192
387471511239794688
387353574667464705
387352689333796864
387346252263727104
387344630938755073
387344086719397888
387343052240482304
387259844337479680
387206955447508993
387158708133720064
387158353148780544
387146837410344960
387143359560568832
387139238271000576
387138254329241600
386982698092601344
386965163037188096
386963613011173376
386963148479426560
386962838457446401
386962285673345024
386912493068886016
386911999269298176
386905894476578817
386903991176933376
386902138884194304
386899147024257024
386899092649287680
386898951863300096
386895963757223936
386803928253616128
386800655354306560
386780626788945920
386777143151431680
386770207215075329
386642511252312066
386642392683536384
386642258117672961
386534213136039936
386377475850506240
386251337660661760
386236131081461760
386235820229033984
386235070144839680
386219117914898432
386219071576231936
386173495115141121
386173321647116288
386172521042571264
386172026949341184
386170242935689217
386169760016121856
386165998543306752
386165681693007873
386165263290228736
386164820740800513
386159661734326273
386159467017932800
386157650662424576
386145267105292290
386142901933072384
386140175618699265
386139528747945984
386136231781736448
386133439050547201
386129375759831040
386128747348230144
386128331055194114
386123666783617024
386121881582968832
386119633222111232
386081026637713408
386080909859901440
386077177495576576
386075387026890752
386063609018982400
386052160829411328
386050130995970049
386040160489455616
386037878750318593
386028248284401666
385897225882447872
385896750755872768
385896225306050560
385894295703916544
385894075687534592
385893745100865536
385893613986926592
385890951778304000
385886795260764160
385797632162938880
385796996826558466
385782058666057730
385781901895544832
385779590360076288
385779206920994816
385757336205541376
385752686605660160
385739763757498368
385739472471461888
385739035076870144
385738983981842433
385737692299808768
385736254815350784
385735270760337408
385729661595963392
385729627911512064
385728618816483329
385706200798474241
385681982421626880
385503379817893889
385502321825689601
385496991104368641
385495829642883072
385486924410277888
385452883484741634
385449612472893441
385448630347235328
385361841422995456
385334763839422465
385320970568757248
385314624741974017
385300766279213056
385300032221507584
385167500662833153
385166312697520128
385165852158746624
385160154872037378
385159123266187264
385158283121917952
385157928745205760
385157517736939520
385154661654614016
385153040518373376
385132105694732288
385130243922853888
385126111312494592
385124588801114112
385118444359655424
385113292626079744
385107834251137024
385097638300770304
385094075969310720
385093610338668544
385087626857807873
385024675614449664
385024477127405569
385014836012126208
385008289391456256
385004103572549632
385004046685179904
384993256620445697
384992746140102656
384989873209221120
384989513547644928
384987414713757697
384969270871863297
384810159119552512
384794596787892224
384692310652375041
384673481423466496
384667663231746048
384587277218746368
384358393726509056
384252033563635712
384251905247285248
383873019627962368
383584215117221888
383582135228977153
383569603487875072
383525292062437377
383523842359967744
383523790266707969
383516741503967232
383496350693744640
383359230813954048
383358346612719616
383355883994230784
383355736816111616
383355283940323328
383353877883813888
383352838208106496
383352545869320192
383352363140284416
383352184832004096
383349928229355520
383275979805716480
383275401767694336
383272332774494208
383269454500478976
383269291010715648
383265682445455361
383265001831538688
383226812475518976
383220246540058624
383216067444629504
383215831401771008
383185484241207296
383172603889741824
383163620479467520
383159291412500480
383153344795009024
383153063386562560
383152556894998528
383152125666009088
383151600031653888
383130627576320000
383127050694848512
382997044321062912
382989607333527552
382988155198377984
382987645007462400
382983765964107776
382886927797473280
382886701271490560
382872498804518913
382848694602567680
382822523869466624
382789796885577728
382787195787960320
382785845012353024
382752652376801280
382552449372151809
382472064399343616
382421261558624256
382245358661042176
382244463617540096
382238031471968256
382235565112176640
382233885385699328
382184966454792192
382169861830762496
382137871685419008
382024312250990592
382022689093083136
381777525531488257
381716096271011840
381697087622369280
381694251429793792
381678289108336640
381677676626718720
381488923467612161
381353270859403265
381350461371977728
381350091027525632
381349787997462528
381348908212830209
381348620630364160
381328908958072832
381327708728610816
381325589053206528
381324204848607232
381323541318078464
381322600330178560
381318504718565376
381318334912151552
381318080993181696
381138201819496448
381138082202140672
381137351898300416
381092175540260864
380988938300555264
380973539307704320
380965923244355584
380965749101047808
380820552661102592
380818921739546624
380811005636673536
380809077984878592
380758079681200128
380757356318978050
380756713244090368
380708690862432257
380698947192229889
380659935513550848
380659919990423553
380633644101951488
380600931382853634
380597360876744704
380455577089892352
380389494257491968
380369425477558273
380319390295539713
380318937931456513
380318487043796992
380314164285038594
380313625090482177
380254444895481856
380076072941133824
380071934224261120
380065624254611456
380062915279466496
380013099392466944
380008454133673984
380006205445644288
379999301927456768
379998477419155456
379996173131874304
379995475711385600
379961373004165121
379942390301466624
379863216014102528
379841909989986304
379840799279951872
379839831373004800
379710777017769984
379705279468027905
379699769486368769
379699474026991617
379699048087044098
379693273700257792
379632428870279168
379621712058671104
379583921798660096
379574514536828929
379554473711919104
379554392719892481
379550251280900096
379548974790606848
379538739300540416
379532367490076672
379521602360078336
379519045558484992
379518017308086272
379516963476631552
379289049007001601
379288860661780480
379235510335467522
379188663080333313
379177985485443072
379159568338546690
379159228704763905
379147758751322114
379146546022862848
379127658950709248
379127653816885248
378903331571122176
378889804227678209
378858743565258752
378836647950839808
378788500851527680
378788389526335489
378787902357909504
378634046844465152
378633897728565248
378626493121040384
378544198615457792
378512378578472960
378511419433422849
378511347866013697
378503692141359105
378467589707427842
378465722285821952
378447565034778625
378446616719413248
378426571230412800
378350695801307136
378342995990298626
378267275444617217
378224888596553728
378200681229725696
378086843276750848
378086816340926464
378081130433359872
378081077123772416
378079380917862400
378059378970337281
377921201773244416
377915055792467968
377846277494419456
377839168975421440
377838758571175936
377836544607789056
377828341350666241
377817319147175936
377798208346288128
377797039381180417
377790522443571201
377778175419240448
377774599414366208
377774056805642240
377726032888860672
377723514284830720
377716496648007680
377557492001406976
377556699441532928
377550151801651200
377548913617928193
377548357172219904
377547883874385920
377547016219656192
377534023880699904
377529762811748352
377470381483126785
377363271839256576
377362152463400961
377360809178841088
377359864302821376
377350167222960128
377339573543907328
377234060814196737
377147776939085824
377142067106824192
377141807613612032
377141794670006272
377108764505042944
377097616313417728
377094946978664448
377091805394632704
377091656714952704
377090886561067008
377089363491831808
377088385854095360
377088342032015361
377048426032009216
377009912712163328
377009533962289152
377008670397063168
376992179903676416
376963948824002560
376757395470286848
376754270231482368
376480155184926720
376449365579399168
376330265456828416
376329260363186176
376327908257976320
376327344837115904
376174629796450304
375963438909894656
375299353654874112
375299130220097536
374823281033220096
374501556202504192
374501370436784128
373860648733908992
373798056598466560
373789882571038720
373771364504965120
373770683027046400
373767247644610560
373756085233922048
373753561358016512
373752935345164288
373724979805704192
373723667337072640
373723013537353728
373722723643822080
373722368700866560
373492168503361536
373427940929077248
373425669486960640
373421485765185536
373418003607867392
373405184744902656
373347223180156928
373345670134251520
373344643171508224
373321743932592128
373167276087730176
372979884785954816
372848744938487808
372848469108465664
372843484832874496
372843081311465472
372774364791730176
372774031432646656
372731435649490946
372710344613199872
372685632411148288
372678990261415937
372614441789300736
372613645064482816
372613568019312640
372478546482319360
372006196896878592
371975381378949120
371975085667942400
371680529474547712
371669513495781377
371656451208806400
371158454356180992
371030316712210432
371007330017882112
371005265015218176
370971662923366400
370943238536179712
370942011039551488
370930942804000768
370928406801948672
370924232747646979
370923355278303233
370919700789596163
370917150967353344
370912621056102400
370901086913052672
370900807815688192
370899345639362560
370898493507764226
370896684630282241
370894366694309888
370894143720939520
370892707461210112
370855220613771264
370850570841509888
370841223881179136
370837425473343489
370823274176847872
370822366416232449
370820601222402048
370819954716590080
370819878732582913
370816604365287424
370809994964664320
370806797973860352
370803401010847744
370799802290032640
370799419987603456
370619307442851840
370593738097057792
370587585133166592
370587191359324160
370586009991270401
370583250038566912
370583167440142336
370582894080958464
370579409394094080
370575894848360448
370575690392821760
370559717635915776
370541494181953536
370539090229219328
370538172595200002
370537820399484929
370519050348019713
370518917791248384
370518823385849856
370518383269122048
370512260164104192
370500180811849728
370498950677012480
370490028486434816
370489799007670273
370468013624930304
370439175113551872
370421622605611008
370371580058415104
370368633203347456
370276969801203712
370244859418136576
370242139554197504
370241301456773120
370241105364652032
370240681396031489
370240513456087040
370233818919100416
370233133066485761
370232845572132864
370227342213263360
370198847236374528
370194152375726081
370104524964626432
369941511539945472
369941312817991680
369929172204138496
369912301031522304
369912256165060608
369884601113509889
369883609471000576
369875635465756672
369875294556921856
369868239670882305
369865867388923904
369863954975031296
369858692021489664
369856390925283328
369850106000199680
369841834920775680
369838778284003328
369824530912796672
369817502747856896
369817185750765569
369817036416770050
369814982973603841
369810785163165696
369808808232886273
369802870360522752
369792953327165440
369791346334113795
369769111548874752
369765927341932544
369765703974264833
369765226150772736
369764482760728576
369764352787640321
369764255957917696
369763093913415681
369760699020374016
369739541944365056
369712483860512768
369711891603816448
369711773487988736
369587675474317312
369587475674447872
369587318400638977
369586537240875009
369583615186714624
369583140739633153
369516212725624832
369510213633589248
369506974037061633
369491390201217024
369487589666852864
369487108202713088
369486783970414592
369440392330362880
369432919258845185
369381249405558786
369380363178500096
369377944679878656
369377492429053952
369360737048604673
369359882094252032
369354186976026624
369353817604632576
369232832448573440
369232409251700736
369218139797471233
369216121234145280
369168930469732352
369158507171307520
368763915385057281
368687755875713025
368600366838870016
368599982061801472
368480732517113856
368480162657992704
368479002144423937
368476974416941056
368372739733602304
368314983689375745
368309232862375936
368309222506635264
368309210477367296
368290544713080833
368273593039613953
368273066578964480
368125958509035521
367962674820157441
367751442909921280
367662627024941056
367637597113180160
367634129250029569
367634001990656000
367633059492794369
367631930721701888
367623261246717952
367599155314565120
367589497652772864
367586034155917314
367580021180755968
367571646485254144
367571090211495936
367565352659476481
367533943127805953
367405237713125376
367359917356617731
367357608187146240
367349481894715392
367341265815207936
367340379814625280
367338686750273536
367337976872706048
367337247084785664
367336525945516032
367286465106952194
367283890571849728
367282883112603648
367258776962727938
367237677894365184
367195836960079873
367185440199028736
367159010891665408
366474482812059648
366422833229864962
366421166795145218
366418089321046016
366394921202098177
366392290152943617
366235446872768513
366146857644199937
365126485986017280
365126239318966272
365119746280525824
364784999230627840
364784896343949312
364782428004417536
364719284603596800
364368825162018817
364368185132580864
364367973068177408
362935786741571585
362934805752995840
362934796869046275
362934624903004160
361380562767843328
361160911383306240
361157097024536577
361113137660968962
361095011212853248
361091400147812353
361067904621490176
361067409093832704
361041103383838722
361041034450436097
361007794066956288
360886464894083072
360885329072365568
360884284048932864
360877516262608897
360876505707978752
360823288399806464
360823224390529025
360769756866949120
360769345191813120
360758918621835265
360731525295259649
360726962739752963
360680965607137281
360680510252519424
360676189897109504
360675802146283520
360538793847177216
360507543467991042
360504182052106240
360503604907474945
360492885780602884
360488332196720642
360405990337818625
360364814138224640
360364500240703489
360363778094809088
360338859621486592
360338367445086209
360328309114023938
360326537112846339
360326225132126208
360256150043754498
360251707617722368
360249296827846656
360248493819969537
360172072950960130
360163566231371776
360162870916427776
360077301439930368
360077107696640000
360073831798407169
360069026120089601
360052754581950465
360044808049397760
360030414607364097
359971189894029313
359970866148294656
359968933228453888
359968845588475904
359956468872646656
359931902980923392
359810070739025920
359803000686002176
359800415392505858
359800292637810688
359797213465018369
359794413939073025
359794045905678336
359793749226160128
359793147582230528
359792664067055616
359792202186113024
359741368702234624
359626125426700288
359623537289465858
359574630484291584
359574534778658817
359421160770912256
359415124060151809
359392896425803776
359387815508840449
359355271115587584
359332801541177347
359331910578749440
359330373287018496
359320126320947200
359320051129659393
359319996121366528
359319669867429892
359315695567257603
359296247296831489
359265235192274944
359265181974929408
359264471262715904
359236283723706368
359235780319133696
359230884702347264
359210548694499328
359206355367772160
359205266950070272
359196564138770433
359066180729835521
359065924030038017
359018119919976448
359005053417299968
358907471206678529
358903158099017728
358900495529680897
358882460177666050
358882003325685760
358638989567209473
358607187062829056
358567666069405696
358556175010643968
358513892294930432
358460798009487360
358444318723284992
358437933126139905
358264465844101120
358158692425797632
358091460538675200
357868198483755008
357867969705017344
357820446584348672
357817124682997760
357815353965293568
357810869511942144
357810653450338304
357802936833146880
357757294408630272
357751169453531136
357550185741688833
357550171845963777
357428097315909633
357426467283546112
357420665709662208
357257410445975553
357230218550849537
357188119382077440
357182690874757120
357181631028666368
357181421196034048
357179243018452992
357178958732730368
357178760744800257
357169688628834304
357168978659000320
357164858816475136
357138580507860994
357138191142227971
357121079128903680
357093867989897218
357093593829224448
357093421506244610
357092627398656000
357091207542878208
357087251940917248
357055484227895297
357054036626784257
357052032877727744
357051758587023361
357051492995317760
357038465709379584
357029029456523266
357028985009483777
357028803257712641
356980884504723457
356890340726288384
356885083082338304
356884548312776705
356883432040710144
356856071622623232
356774329700204544
356769707174535168
356713997346668544
356709672314609664
356696673772240896
356695227949531138
356695062278701057
356370011306196992
356102476853809155
356099611812839425
356074078316138496
356047336310444032
356047188889055232
356046506463199235
356045586841083905
356045410499960833
355783937680867328
355748233563226112
355747943686475778
355747576609386496
355747066980466689
355746835555565569
355713081462124544
355710809638318082
355708676058787842
355695325320724481
355679144798978049
355675557570162689
355667944300232704
355663576100380672
355662985567551488
355662466543386626
355660908510453761
355655275597922304
355655036266749954
355654450238603264
355638520028741632
355637325562253314
355625442071420928
355622380934148096
355607193480998912
355597033266094080
355577428049014784
355577148909682688
355576802388881408
355576496552808449
355573895140605952
355573784255791104
355564126292021250
355373685911207937
355373613274238978
355373547692113920
355373277021077506
355368517983408128
355368488434532354
355365780352802819
355365482846625792
355292470415863809
355274524939395072
355258139064537088
355231389433606144
355016949492756480
355011273760571392
355007931265204225
354981852148281345
354981563764715521
354979093311258624
354976478896721920
354976141028769793
354952681082724352
354950389885448192
354931836029374464
354931372391018496
354913367347052544
354900214252965888
354897058236334080
354896825800605698
354896631667228672
354884547176972288
354884273217605632
354884176635371520
354883784723808256
354879618790064129
354868573119852544
354719516229517312
354686115678134273
354654809674092546
354653379978461185
354643390291386368
354594696170975235
354580044271718400
354579652179795968
354579610794590208
354577413767835648
354576503947792385
354568834532913152
354567874456723456
354553314358206464
354530573315878913
354502178095894528
354498819389538308
354497356479209473
354487490859646976
354367955544453121
354367653999161345
354367640380243970
354364684721328128
354362973520797697
354319509043163137
354316120712417280
354272394979971074
354270538434224130
354270250189062145
354236956525334528
354236498054348801
354235841754836994
354229138690805762
354227568213360640
353999627697127425
353997582126694400
353997351758737409
353991098009530369
353989480467804160
353989387496865792
353975772249194496
353975637926612992
353968084186443776
353967716064964608
353967007600869376
353966073361596416
353965843606024192
353964480507551744
353951624735105025
353948215793549313
353925906940706818
353925355922403328
353924411600019458
353918610177138688
353915360208105473
353913466681171968
353912691577991168
353911744957128705
353911268081537026
353909758048210945
353908496376410112
353857560652156928
353795344678649857
353788027912466434
353786045285924864
353579468490674176
353578978826653697
353570859463610368
353570538607755266
353458302434279425
353431128918605824
353430372387786752
353403849517703168
353251971710464001
353241867225280512
353218097173377024
352815045769568257
352812186940354560
352811463246757888
352810532060934145
352762177985323008
352753384173998080
352753202082484224
352751354785181696
352506315207213056
352493954371035138
352492145212538882
352491839380668416
352479929956442113
352470525584486401
352446565807427584
352381131263447040
352356184562483201
352355816583606273
352354476633497600
352350867531374592
352345431344295936
352344226903752704
352320801032257538
352194800579129345
352182104479633409
352086955573526531
352086942185304065
352066501160865792
352066286408302594
352065840990007296
352065679823876096
352065552367353857
351952437214584833
351834458300755968
351832637574365185
351821111866044416
351820501431226369
351819126714540032
351816116399636480
351741149670682624
351734592618766336
351722283213144064
351721726373142530
351721151162089474
351721057834643458
351720620570066944
351704354354507778
351686265642553344
351661678284402688
351661198627975168
351638749119119360
351638552305614848
351632224417873920
351621693283901442
351470756019970049
351467649282224128
351467462446956544
351465932067045376
351277511377821696
351272812276744192
351271489779142656
351262186317955072
351257181351460864
351251978891960321
351244676885528576
351244657679802368
351243892940742656
351044051811844099
351008369135468545
351005910811934720
350883270155710464
350883166065668096
350620658197204995
350620652924973058
350585183449260035
350276539906146305
350276255553302528
349897502868258817
349895341824421888
349860014405599233
349525891765899264
349403174966280192
348326048095674368
347980789373366272
347806989876854784
347796553672564737
347794376925274112
347648117937672192
347647927172349952
347647072771649536
347636086530527232
347431553825136640
347372483235692544
347372277492502529
347367271192227841
347363225710493696
347360996861546497
347358377216720899
347357415580266496
347343396987346944
347341019924283392
347333732363038721
347333602016632833
347333521498583040
347325287672979456
347315246207205377
347315037179871233
347303247809220609
347286029117571072
347276003019739137
347272692585594880
347272537350209536
347266728667017217
347251799264227328
347245807289909248
347237883607908352
347237323777400835
347090723243438083
347007087169138688
347004949844094976
347002336251625472
347000180534558722
346997725826527233
346992647182876672
346991630043209728
346984799006769152
346981611302182913
346960608538796033
346940053056008192
346924717426475008
346924337141530625
346905567748571136
346881700707573760
346855218379628545
346854438260064256
346853149081993216
346851836969488384
346751766307688448
346750503285309440
346716865764143104
346708187426197504
346706590168121345
346641134421934082
346577806651699200
346577034664882176
346565522046976000
346565445790351360
346554240757534720
346546641324621825
346329456522166272
346328907265499137
346308976931123201
346307995631763457
346306778365034496
346304395815829504
346302517661011968
346293623412895745
346293267605909506
346289956609724416
346289512109985792
346288578545987584
346288261326569473
346277278591877120
346272141852950528
346271405496737792
346271141842792449
346267525480333313
346265095724204032
346264625798586368
346262336887218176
346260766783062016
346235640901410816
346230384498995201
346230155674537984
346228062192533505
346223446864314368
346212594798952448
346205985792212993
346204434461757440
346204179313868800
346203617449082881
346203349382725632
346202604398841857
346197920753790976
346196880578981888
346196128477351936
346194224204611584
346193094372384768
346192501088067584
346191548620357632
346191424703836161
346174795265740800
345942577285054464
345853963691778048
345853697001140224
345799184487682048
345790078251040768
345778327333777408
345777159492743168
345776117493399552
345775728115191808
345601327130365952
345581837986443264
345567284003213313
345563421649022978
345531712228429825
345477388748066816
345464213218672640
345456692772872193
345348387891208193
345348013738303488
345347198390784002
345344623058747392
345314558002475008
345276501731713024
345223789212213249
345223544621379584
345195734351622145
345195137258889216
345163334183698432
345162893890822144
345140168073805825
345135688322269184
345130930257666048
345129700097654784
345118334502703104
345117950740676608
345105860407730177
345105192863268864
344939185913880576
344938336714117120
344935228021805057
344925299961647104
344924153863872512
344923569882533890
344905201301454848
344882417628233728
344869457069481985
344867588699992064
344865221170565120
344864977112416256
344839108478251009
344817782787039232
344816763185270785
344807220745216001
344794593398751233
344759822954143744
344759516761579520
344721938628878336
344557999467139072
344516765843324928
344515439008808961
344511707638546433
344491959131439106
344472957940281344
344472548488126466
344466338372263936
344465691090501632
344465418347495424
344455276411375616
344452683010281473
344444505438687233
344444216958660608
344408478430941185
344200551543742464
344121347942801408
344120859507699712
344110132688470016
343280861866778624
343279232186712064
343278495142662144
343277095159488512
343276691659042817
343276622952153088
343273728278421504
343269455339597826
343265535317913600
343140960894582784
343052995287724035
343051214033915905
343049454993145857
343046171796844544
343025758446419968
343024270076702721
343021686871953408
343021090915897344
343020212989329408
343007189725741056
343006305033785344
342980266572255232
342972367129157633
342969776127221760
342967718317797377
342967611933458433
342942957156057088
342940070212415488
342938291345178625
342937419340984320
342927161184886784
342921305986850816
342920021330247680
342907113393250305
342848805277954048
342848005390602240
342847425628733441
342846770059042816
342757116634882049
342750790663929857
342712909924806657
342674436987691008
342617305055903744
342609556100235264
342587341019414528
342570514998501376
342569951854460928
342554676593569792
342417045633253377
342408747257319424
342408006383849472
342407911022141440
342401608262504450
342350167430795266
342318332554379264
342262400654917633
342204901532774403
342202629415399424
342202098835927040
341963230324862976
341959936902848512
341949508311191552
341928120137424898
341905122433052673
341823156228587521
341688262672396288
341680870547144704
341671254442516480
341590942312198144
341508412632338432
341501981359239168
341497047846887425
341484499038793728
341483911643271170
341476827656753153
341460822008156160
341295308518604800
341288472037978112
341282012650418176
341281500366503936
341281211693535232
341240676924661760
341240476835381248
341234134359883777
341233259574882304
341216302939127809
341207546671017985
341203519501660160
341162433865457664
341138324779573249
340914129646796800
340882770664493056
340882423292231680
340830658039541760
340829965685760001
340826524615847937
340766611260710912
340522664596746240
340514432759238658
340514285799215104
340513998132883457
340501400146567168
340497700510371840
340497380220735491
340445237149319170
340436239163465728
340433115048718336
340416101202677760
340406594120581122
340393494319337472
340391122742415362
340390847675789312
340388909504675840
340384296953057281
340374113019383808
340363484317499392
340363400293007360
340363028262436864
340362829188190208
340356384803680257
340350115137069056
340228388289658880
340211991916449793
340205418821324801
340168314863120384
340161354054922240
340150945302335489
340122266719367168
340122056966422529
340121824509689856
340083402994769920
340074275929198592
340073923012096001
340073725636513792
340072093779632130
340071923771920384
340071179605905408
340069717861613568
340061819332853760
340060420733820928
340060027517812736
340059577091489792
340050172371402752
340049396282556416
340047262870810624
340044910759649280
340043714367979520
340029561322475520
340025229613080576
340013160788537344
340012656540909568
339822337568432129
339773061513506816
339772143430668291
339724165085003777
339722596448878593
339711510022590464
339709165410852864
339700638155948032
339683511038521344
339564738319106048
339491524964409344
339486078857777152
339485950755368960
339469928606351363
339419372806352897
339410273586774017
339404931058507776
339396335281258496
339283637960851457
339080693428649984
338932883966263298
338930242385227776
338721913234927617
338720907637960706
338628040357711872
338627970069561345
338627741110894592
338608718595887105
338303755059597312
338269087576768513
338247187190411264
338246427937472512
338244970928545792
338243068920745986
338221615471005696
338209765282938880
338202570747150336
338195292413374464
337991608354086913
337978726316916736
337966240981188608
337961513677619201
337960850344259584
337935830087761920
337931757863190529
337931004792688640
337926689420095488
337920954116210690
337918760386179072
337909012714643456
337908916837048320
337908847119314945
337895477167149056
337875797404688386
337874910070312960
337873629788372993
337858764566827008
337849581918355456
337849456466747392
337849305534705664
337825131831369728
337823687975780352
337616652655017984
337615482658107392
337613516943015936
337613323338129410
337611926362284032
337607490160173057
337604940467933184
337604530848026624
337604219488047105
337603786434547712
337556543115522049
337556145097023488
337538368059625473
337537473464913920
337537143683567616
337528585789255680
337527055388393472
337514199255224320
337513674275160065
337508046727172097
337477255552962560
337476067453452288
337476055172517888
337476026437337088
337475540946653184
337475180337184768
337474943019282432
337466385879924736
337447000083673088
337439509396459520
337436244248256512
337263809045594112
337262946998681600
337262831131033600
337257750432194560
337253231837200384
337244036970733568
337240513159774209
337240030969991168
337239157816582145
337217856292933634
337214456473976833
337191199523868675
337174319274786816
337143372840054784
337117976551636992
336913463022604289
336877218636627968
336871746995101697
336852471806836738
336851791679459330
336849302800441344
336849286136463360
336843167208968192
336843152503742464
336838071909761024
336824008425209856
336815046694952960
336807048878624768
336807025486987264
336796892283416576
336790328902299648
336740052682022912
336739075669245953
336732419547865089
336600848668966912
336600526508666882
336576467049775105
336504895966420993
336492419157737472
336487916761124865
336487815217025025
336481907640516611
336447697705922560
336428717414952960
336425676414521345
336425121885593600
336417737209421824
336415773125906432
336399241427685377
336378964677378048
336378909794893825
336374393053802496
336180191850266624
336179789679456257
336076574359166976
336035997236215808
336033871395172353
336031346902310912
336030920685535232
336030154327474177
336027421142839297
335745266344935425
335743507551629312
335714936615485440
335714639994290176
335713941084844032
335713667586879488
335713129935802369
335709926280265728
335704005781098496
335690504400416769
335675033429110784
335674137072762881
335673751461052419
335673734784495616
335645583190659073
335643905330651137
335458098108047360
335436883003863040
335433072877113345
335427961828290560
335422628816904192
335416303651266560
335415719774806016
335414250732408832
335414001175502848
335413983060307968
335412919368032257
335389754415800324
335377207251832834
335377035331502082
335376676370407426
335365982086365186
335354896704471041
335354297673977856
335352068250431488
335351889241714688
335351568889151488
335351045163200513
335349649454018560
335339558403203072
335338136957771776
335337576514875392
335337466527625216
335144761461706752
335138050852151296
335134637242343424
335131549949374465
335129668288126976
335129483600334849
335129421272989696
335127630770733058
335127435551064064
335126299129544704
335125768696889344
335125630075162624
335122653276942336
335114744249847808
335109653308518400
335030741924708353
335027762043691011
335013444724068355
335013096831725569
335010108830515200
335002399968215040
334996100761153536
334993978682388480
334992528313032704
334992260959711232
334989568728244224
334989499882942464
334988660921475072
334988476049154048
334983296125644800
334975511107350528
334975190473785344
334973770672513025
334973475783573506
334973185005072384
334958847204663297
334957820661358592
334946376171520000
334945958548877312
334945299703410689
334943629984530432
334943139896889344
334755568118022145
334726964814417920
334702257864069120
334701692413161472
334699371679604737
334691377906606080
334690818621317120
334682581717114880
334681999849693184
334651968662405120
334616652027133952
334606719156097026
334593145184583681
334375631385149440
334375148595576834
334356208515428352
334317805291839491
334317583916478467
334313559360172032
334303595061207040
334268474622881792
334261571587018753
334260989732204544
334255459668217856
334254901901271041
334254666814734338
334223602280964098
334222713621209088
334214380981993472
334209394470436864
334209163779510273
333973500161294336
333972428625674241
333971323288186881
333970911940198400
333967206306156545
333944331004166147
333943022658125826
333942822837301250
333940043766968321
333939869044858881
333937968609886208
333937830889926656
333936501782089728
333936439945474049
333935821608603648
333903133686235136
333880174938583041
333879351714119680
333860145857708032
333838737236717568
333713030128996352
333692909742329857
333596900735463428
333584410484019200
333582586297327618
333581173706072066
333575193303871488
333558301545611264
333286468653023233
333286082479280128
333283409256398848
333283103307079682
333281851223457792
333277089262366720
333272057032871936
333270949346549760
333270358423646211
333211193860820993
333211182108377089
333178264212340736
333168199254278144
333160193087123456
332902972700905473
332902950190067712
332897555052638208
332874366167695360
332872845988352000
332864546316365826
332863164683276288
332862634527428608
332861923651629056
332851947025612803
332851546788343809
332847805217517568
332845626570182656
332825206492114945
332823133788725249
332822818330931204
332819680173637632
332815518274842624
332806389388963840
332805982210105344
332799819963838464
332797494230650881
332794570012254209
332788182187900928
332782119258566656
332781781281562624
332632878578020352
332556702731886592
332500882371526658
332427126588469248
332412061797715968
332393050443759616
332173879801962496
332170728399060992
332164615087718401
332163269114609665
332113767011856384
332111681004118016
332074493071736832
332073377709821952
332067773788340224
332067573728423936
332053678750056448
332051917796687874
332051144920666112
332050315169894400
332049339285393408
332048998938574849
332048505856212992
332048256676814848
332045154229813248
332044705443483649
331784875252252672
331774437093425153
331774414448377856
331773384138571776
331772769933066242
331695159035170816
331684573849210880
331531181000634369
331435784919973890
331381726272163841
331377985796050946
331372476833611777
331350201098960896
331350169125785600
331350099076718592
331345190054936577
331344335113187328
331339225175826433
331339164014493697
331098850142060546
331098844249075712
331092946894061568
331074970811764740
331074411736219648
331066069303304192
331057139122569217
331057046994685953
331003194979262465
330960829363154946
330960651105226752
330959414280466433
330945812819484672
330796146064760832
330650904569196544
330648665502932993
330647721050533891
330630401360019456
330617752136060928
330617347238928384
330616578213298176
330608376541241345
330579414691745792
330342835389865984
330337357972783107
330334796037365762
330328790372843520
330320268876726272
330280007085723648
330274328228790272
330274077157769217
330271242370289664
330270288539430913
330269572047437824
330268956063580162
330268716820471808
330258461285822464
330254236304678912
330247988280705025
330222250932436992
330218167848812544
330212003295674369
330211257087037440
330025484517769216
330025040630394881
329994277738385409
329974539813527553
329952472200261632
329951754328350720
329940983032717312
329940108432244736
329911901679124480
329911831990775809
329905445038858240
329903176738291713
329901538229231617
329894889410154496
329894570819203072
329884068353294336
329859891659436033
329714204598734848
329707570103205888
329702074034032640
329699761575833600
329691631139819522
329687776226336769
329687687000899586
329685238366208001
329684568749797376
329683988375552000
329683102047801348
329682175509274625
329681587891470337
329672255808348160
329665887902760960
329665193770631170
329630049638694912
329534699041083392
329534504903524353
329534077139038208
329517414263951360
329516228420976642
329492879925972992
329480469613780993
329479983582027776
329350808627982339
329345455131602945
329310745512775680
329309046798696449
329308892045651968
329235243062140928
329234326392811520
329231878982877185
329227348488626176
329216794046914560
328839316488978432
328830879608733696
328830723387711489
328830471704285185
328817749956648960
328817356207951872
328817347240546304
328815618293903360
328814857359089664
328807379556769792
328807324238094339
328804830518857728
328804747261911040
328804172231213056
328803843703992320
328771594413543424
328748491734130689
328747490612490240
328623380041437184
328463524542181377
328432711263993856
328408179765555200
328163534850633728
328148419631779840
328146590340620288
328085022995259394
328077075812601857
327827049509171200
327796372940136449
327781954009309184
327775650440163329
327774418568880129
327772573519712257
327770173773856769
327769673624068098
327763968636620800
327762597338296320
327731422725017601
327705565147049986
327704589069594624
327463363812663298
327459094288011264
327458747108691968
327457804845731841
327457340037140483
327431752517820417
327429942935707649
327429605466181634
327429528735596544
327428472744058881
327418301145825280
327415613549072384
327403452932165632
327333290451283969
327332955137642496
327095152260820992
327074155256217600
327030623778787330
327030397072461824
327029690453864449
327013955438518272
326986044270604288
326972632287293440
326972120531890176
326971908421738496
326956251084894209
326869862636982272
326867884313821184
326866136778018818
326864741664448512
326817387372507139
326808727900528641
326769371915624449
326747306365964288
326710344884056064
326691894484668417
326617944253677568
326591907289513984
326591509124227072
326581799461466113
326448450130542592
326438458195341312
326437613919678464
326432640934744065
326427301791281152
326426750177398784
326424543830880256
326420087659704322
326419028191100928
326418986529083393
326418696522305538
326373372369965057
326370851920420864
326344115526713345
326343740182646785
326342771914964993
326342143255912448
326318123466760193
326317179987431427
326316999074525185
326284022357557248
326081107374247937
326068664895946753
326030442086162433
326025066594840576
326013403481116674
326012593078677505
326010587790311424
326009881133973504
326009791967281152
326009042667442178
326002160145940480
325998708703502337
325996080921714688
325994123070943232
325959299513860096
325918401715376128
325903963016810498
325723790329929730
325723271091847168
325722841414766595
325676402412224515
325676317360144387
325566213650526208
325565697835020288
325565441512730624
325545236912803841
325541263220801536
325540870139039744
325539746292068353
325533822076735488
325532537487233025
325532289897476097
325528601233612800
325522975833083904
325510986742259712
325506523189088257
325506311456448512
325504691695919104
325396956362973184
325396801433788418
325395500503269377
325394866181918720
325394316639997952
325393788115746816
325393494241841152
325341620214046720
325274813990068224
325273887791255552
325273375150862337
325267827751784449
325267004326031361
325263162712653824
325257318231056385
325242803884023809
325238803251998721
325238162664345600
325236231673896963
325235212458024960
325234297910996992
325233377064136704
325227304664055808
325227282195177472
325226187599261697
325225409589420032
325207497096966144
325207049082372097
325201776561229826
325201489385648128
325200183342280704
325198675376734208
325198658100400128
325198115546226689
325196145892683778
325194912536616961
325192891771265024
325192753380212736
325192397011181569
325191107099119616
325190447322517505
325188564335865856
325184124560236544
325179218944212992
325177227916500992
325158830197571585
325158664719695872
325153672206118913
325147879587069952
325147474748649472
325146998581895168
325143077423554561
325142681971994625
325142433820180482
325142201602543616
325140016458264576
325138430180864001
325001248245960704
325001009225146368
324993405958647809
324992980454895616
324990519119851520
324979459465826304
324979450364182528
324979297645367297
324927592849354752
324924464255098880
324924330695872512
324923831800193024
324910707198029824
324882354281779200
324881204069416960
324880653709606914
324879524699447297
324816694457561089
324812281391235073
324812103804399616
324812034371878912
324773692078948353
324773558612004864
324644361549795331
324643326131326978
324572029028290560
324571313442275328
324568977286258688
324568373340016640
324564695774273538
324563816941764608
324563030702686208
324549059887104000
324548599683878913
324539948768325632
324512016104554498
324500386918592513
324499025543962625
324498133285470208
324482051183104000
324481942470942721
324480255832256512
324480016450719744
324473222043164672
324471550067761152
324459497634537472
324453011667697664
324422178986663937
324421288401707009
324420951422943233
324419107942436864
324419069715550208
324419009082691585
324413690931720192
324413507506434048
324263226009325568
324244388299567104
324203424147202048
324200599224721408
324200144314716160
324193372661239808
324193231262846977
324191290793267200
324187881298079744
324187806937272320
324182034916462592
324173533813018624
324173221308022784
324153290881372160
324152315919622144
324145294587596800
324143524549361664
324140299398041600
324138882083987456
324135397472997377
324134932479893504
324129319016357888
324124093840498688
324121222650683394
324118269197967360
324115221708951552
324114605800558592
324099135106076672
324097067347742721
324096979271565312
324092687823294464
324087719263358976
324085319731384321
324076186588286976
324074144754982912
324073845566865408
324071847790538752
324053962728816641
324053639461216256
324043877336104960
323908605982158850
323903556329562112
323901832248320001
323899171868393473
323897130756489217
323896953173860353
323896502676242434
323892880882151424
323892674560139265
323891048352989185
323889785007640576
323880053089914880
323879298656256000
323878299342352385
323877821292351488
323874901134041088
323838800986005504
323838565454868480
323838284465844224
323838235463790592
323832989681324032
323832573165977600
323832539829637120
323832200397209600
323831108603088896
323827687347060737
323822880926343169
323818257041731586
323812878014623744
323812246247583746
323810543758606337
323810105911017475
323808988774952960
323808743668191232
323804638136635392
323787677168201728
323778399304826880
323778328274292736
323778163362639874
323772464402427904
323771187949867008
323752576380186624
323752419949428737
323750771319517184
323741431246254080
323732299210444800
323731884553150465
323718832105598977
323713135863267328
323680526466682880
323679264232857600
323569650304696320
323569423527071744
323533597468413953
323533365628268545
323532553908785152
323530503208726528
323529502468763648
323521777076670464
323505045884784641
323420900194152448
323420264291504128
323420002957025280
323418805223170048
323418628651364353
323418546606592000
323416991463505920
323416513421918208
323412630079406080
323411926459756544
323411799678517248
323409769417293824
323409382979272704
323408152903172096
323395151286370304
323161925460586496
323160059163062273
323157010260582400
323156717951139841
323154283392552960
323044731686907904
323042584186478592
322642567231574016
322578408359993344
322475549182271488
322472769533120512
322472241210208257
322469390161420289
322468859502280705
322467739270782977
322467151699120128
322463576751214592
322462869721579520
322399534208647168
322398827304849409
322383806604644352
322374547447885824
322359400159399937
322340236053082113
322299952753692675
322297341098983426
322290773825552384
322280739699830784
322272059113758720
322260663122681856
322102383255617537
322092198545989632
322032077354704896
322032066080407552
322031844998664192
322029215568506882
322017018687664128
322016732438990849
322013174872276992
322005111448694784
321999558307627008
321978583121801216
321936415510364161
321905797858750464
321898877634625536
321898698185523201
321897889485971456
321897491295506432
321831990410223616
321828584761212929
321827980517203968
321731269421576192
321724411138940929
321723958653239297
321723342006673409
321721841087549440
321716231315017728
321663437954502657
321631932435804160
321631335770882048
321630521539047424
321630302411829248
321629913025216512
321629610641068032
321628850947780610
321622991215673344
321613980760174592
321602026427543553
321594322409648128
321594120323883009
321566693652586497
321549790112518145
321546314116657152
321546166712037376
321542502513524737
321536878266425344
321536697932320768
321535764464816128
321535743942090752
321535364978331648
321533358255517696
321532900594044928
321532351182147585
321531982272139264
321531803448012800
321530925445939201
321386863552241666
321385688698343424
321383280173785088
321381832585261056
321381340903788545
321377987813580801
321373340336013312
321309827722772480
321307742834929665
321307165639983104
321301154942291969
321295326994636800
321291330909257728
321289105780637698
321274976495861760
321274842571751424
321271727697059840
321251026340564992
321248693481267200
321242764262141952
321241536547397632
321229445035880450
321228860182130689
321214020143161344
321213901024940032
321201516805496833
321200060656410625
321198651777105920
321176004565544960
320997479111852033
320971644929720320
320957014266241025
320953249559629824
320945246139715585
320923918573637633
320802997120684032
320607598552440832
320509948461191168
320495776994312192
320493710230028290
320462871647633408
320456369369133056
320455922134695937
320433626930098176
320419645028986880
320277555557060609
320230644070375424
320229378116186112
320228251438030852
320227872868532225
320227791096397825
320227638025273346
320227486162108416
320227250727432192
320223732230668291
320202355155038209
320202029349888001
320201879571275776
320201843378622464
320170683617406979
320169749457797120
320168105173192704
320167366715645954
320167276890431488
320166271440265216
320146986433138689
320145243573977092
320144049057173504
320142668812386306
320140705483866112
320140489808543744
320139668530270208
320134360961536000
320129059554217984
320128921083453441
320128228285091840
320127064646758402
320126384410353665
320126180843991042
320125342608130048
320125159816179712
320108970641608705
320108864202752000
320108174961152001
320108136725880833
320108047244599296
320107855359393792
320107650337607680
320107431000678400
320104906361028608
320104871640576000
320104833065566208
320104752321019904
320095188167045120
320095164687319040
320095107690938368
320095057145364480
320095006620794880
320094970050654208
320094933556015104
320069915660935168
319932422005325824
319930653640630273
319930538062381056
319922883830890497
319922770924412929
319922201967067136
319920961958854657
319920801447022593
319919158412328963
319912501091368960
319832134963572739
319810090494484480
319803336645804036
319772703311675393
319717770432503808
319707445339512832
319526621302370305
319504965657849856
319502977566113792
319486118640881664
319485883550167040
319484927987023872
319484482791043073
319483545842229248
319466135835779073
319461916823142402
319459157533143042
319458688693829632
319458084437241857
319449430065557504
319447219021430784
319445002994475008
319439156356993024
319436590558625792
319385802197049344
319378142483578881
319367758666145792
319357371388403712
319338817058390016
319205307597332481
319157540149669889
319154294068764672
319151418617507840
319149084470566912
319124371497185284
319075324224757760
319020794242027521
319009639029166081
319009464961347584
318996442968633344
318847198123130880
318831128578519040
318817999178047488
318774722034794496
318747321481433090
318671250601963520
318671012357095424
318668876311302144
318668490993180672
318667912430882816
318666900445986819
318501613549522944
318500829663461376
318500713036652544
318494629844631552
318492136251219968
318491770025566209
318489453918294018
318486539451658240
318485436106420225
318483785006063616
318482995986198528
318481317392166913
318427275588677632
318421697600561154
318367290661937152
318127050311487488
318124515211239425
318117143776481280
318116917846085633
318115333762342913
318115017776054272
317910333048098816
317592333543669762
317554762801356800
317554500674142209
317554164186087425
317553792671436800
317553455193546752
317553020357468161
317301324888829952
317296065177079809
317238559847370752
317229583738994688
317206213148434433
317204513876504578
317203854032781312
317180250951921664
316988587377848321
316987671689969664
316987436334977024
316925937130278912
316916028951105536
316877602256207872
316875257233416192
316843164797390848
316840325954027520
316619414843846658
316616269040349184
316612605491965952
316611129432473600
316610983537803264
316609796591722496
316605211349250048
316604910579888129
316600061675057152
316590978523865090
316588531944407040
