398159213564018689
398120017721843712
398118171347263488
398115674624913408
398114666251304960
398114271844110337
398113153592336384
397826861663027200
397716923829723137
397656110167244800
397504334415790081
397503778515329025
397501722530414592
397355162744127488
397105757147389952
397099999068446720
397093246159298560
397093156048879616
397033302756167681
396963344114257920
396790331838316544
396789734389080064
396789417236779008
396410931443687424
396410818507845632
396248383620661248
396229291924799488
396227122081312768
396216479999606784
396214247560335360
395913178456268800
395856466042945536
395647171477135360
395593280890871808
395563822393876481
395549059618209792
395486772161179649
395484512685420544
395481613985148928
395481486008545280
395470577332674560
395326754073882624
395326351835951104
395325976533823489
395294597884416001
395292288295137280
395291296619053056
395290740777304064
395264061879095296
395230807193034752
395110646721044480
394972696003747840
394868079626584064
394864425012064256
394863413220114432
394848353718386688
394847995071852544
394780506833051648
394768743076999168
394755414266753024
394739162601226240
394628284719591424
394579372147228672
394579223081660416
394579115984318464
394575972663848960
394517036925456385
394427630080249856
394122411593179136
394013254131150848
393877027121807360
393749755962327040
393749247692378112
393746402175901696
393706593172606976
393664526929125376
393412101945180160
393360530221846529
393300612747902976
393300491691909120
393299990619381760
393295280696991744
393147298341199872
393081501799424000
393051522353094656
392737411249471488
392694343985025024
392689580400738304
392683816663678978
392678070324580352
392677237977534464
392503873849794561
392497726187126784
392470948404002816
392470022469455872
392329939724533760
392329463889141760
392325882230353922
392324347660345344
392322927171211264
392279914759856128
392266416508121088
392265297224552448
392231418904186880
391929850032037888
391924354160029696
391915356652310528
391768266773123072
391236146422104065
391220352686510080
391220254346838016
391176090284490752
391135491023978496
390588741695602688
390585722056765442
390570063637774336
390330443683606528
390197974938451968
390121425119752192
390061492995121153
390061455204446208
390056421934776320
389697571004104704
389580927875424256
389446834756022272
389446255283552256
389418979984674816
389416478090735616
389322109060935680
389314089157398528
389200968803713024
389000031455694848
388726834609004544
388726177332219904
388726023883595776
388725900243927041
388725756605779968
388659690965831680
388657426163322880
388272543347785728
388252524429721600
388084528000290816
387951728718802944
387882739468603392
387882512980377600
387759441829187584
387585034162798592
387539451670691840
387270827521363969
387265940272201729
387258726413250560
387243126081224704
387204738242314240
387203730539806720
387197832601796609
387196717793546241
387194902716874752
386981960004165632
386801480621375488
386533396643872768
386533262023479296
386456193902063616
386448736857358336
386340152345628672
386115501325578240
386098951608619008
386036595872530432
386032022030143488
385887007169576960
385884739611398144
385872217047060480
385843521087082496
385843378849873920
385843191414800384
385828506346999808
385775916640903168
385329822639345664
384613530529718272
384595875961798656
384229591118016513
384089466572648449
384074688324186112
384045373834428416
384040153515585536
383613644246102016
383613615045373952
383579548178452480
383517425708568576
383510866332631040
383279862846615552
382964116891385856
382421347835457536
382412822442803200
382290037494542336
382239333232951296
382136111340199936
382066807210639360
382063367449743360
381884007656742912
381720474570719232
381710503774789632
381709837748695041
381709601605156864
381564888306696192
381564800419254272
381506765890011137
380775912922689536
380771915063111680
380653993758031872
380653521395523584
380648291098443776
380595147966537728
380314594088341504
380287201999060992
380269207856111616
380084932032602112
379912072450289664
379576196587352064
379259684802543617
379217926672617472
379003185912111104
378935202627977216
378879759713050624
378812654326124544
378514349276811264
378318059498668032
378068159636733952
377800250440052736
377734665567617024
377373955876982784
377365742364401664
376733265857884160
376553461904838656
376553250579030016
376552063037374464
376551957055680513
376551848679067648
376551482159800320
376546915640688640
376546799059992576
376546733146505216
376546620072267777
376546529827618816
376546458818056192
376546369173221376
376546196959277057
376546102323195904
376546026012020736
376545973180596225
376545933359874048
376545846315454464
376545703923032064
376545224874799104
376299785860681728
375955099136561152
375906540127285248
375705568931225600
375059079389278208
375057161757687808
374614488940822528
372711038267187200
372230578881302528
372229569597947905
372062689788690432
371664313125044225
371643988454809601
371641462368133120
371640465067479040
371638361645015040
371540146505535488
371521980865867776
371444837763268608
371300026695155712
371207604170530816
371104287394246656
371100355129397249
371098515608322049
371094401679765504
371093830650449921
370939058488242176
370795624305676288
370743767587778561
370743265147895808
370442537292398592
370433366501236736
369760146274013184
369751677856776192
369363262959144961
369013931529887744
369009595718451200
368660716368035840
368658482741780480
368119687114027008
368077714269274112
368051397591195648
368050467281985536
367932639463759873
367899774692761600
367687523192958976
367544796899860482
367367960240721921
367329580131954688
367326206032486400
367032661610889216
366968592757030912
366619407960645633
366618560186941440
366589697054609408
366132757363048448
365937052304416768
365924616809623552
365881580859826177
365877586187923460
365730395699953664
365687408429260800
365591764708491264
365538540915924992
365496259332677635
359582552090091521
359573604884680704
359568170652139522
359332731097845763
359247960200056833
359225116657324032
359214279452807168
359027015715786753
358870632072638464
358497895542439936
358235088040890368
357614227504115713
357537676355829761
357263844114042880
356751626125586432
356570669623934976
356570593694457860
356567222157705216
356521413533900801
356520180760850432
356510892415913986
356499588477227008
356498160551596032
356367995406270464
356341970739789824
356335950177116160
356328852429078528
356098721802485761
355963969376231424
355264618362445824
355227809133772800
355040375418793985
355040177623793664
355039409978097664
355000670358740993
354998255484010496
354702387530842112
354157734318440449
354147106983915520
354005722545135617
354004791791333376
354004089178308608
353979053843296260
353976961648959488
353976137032015873
353975666766643200
353975504593887232
353975206487928832
353975193393299457
353970320006324226
353969165964558336
353919644417011712
353596126047383553
353595738346893312
353417122736635905
353414230105534465
353413466431832065
353303609531830272
353168950336561153
353141193166700545
353069418156277761
353069385130323969
352776826487181313
352765269183180800
352753202275418114
352396187351003136
352200476651032576
352177179372695553
352176213302841345
351970415381454848
351825984175087617
351707133915578368
351671417131118592
351619000389738496
351618336104263681
351603311083921408
351457926675841024
351413781240352768
351284321870561280
351267841930035200
351166968432312322
351166396929028098
351165177145737216
351163644450574338
350998946644119552
350998259675848704
350997050797723648
350959428125736960
350902352556986368
350523782148014080
350158220414820353
350148128252502016
349797320608595969
349640402007109633
349507383422222339
349477741567025152
349473049512382464
349472049070227457
349451636898414592
349261163097374720
349243528712425472
348007590518747136
348003306842517504
347838619471446016
347815250944471041
347761459180228608
347760423715622912
347520544947728385
347304108425895936
347291004027666434
347102406305259520
347090031405584384
347089295372320768
347049883544473601
347040700040351744
346985864800382976
346896590243520512
346894017629413376
346891834364153856
346704997716738049
346674676522700801
346524201512996864
346355718036811776
346173705682030592
346006951630610432
345992432900526081
345987068331175936
345981542897709056
345846264929341440
345845016649949184
345843308637073409
345842651653869568
345682363344371712
345584751228370944
345446700330127360
345299219810246657
345297979843956736
345296290978086913
345292288987127808
345286370304073728
345283783223812096
345282670017794048
345280084799795200
345279174153478146
345275069842472960
345274366348648448
345274138153320448
345273424811290625
345272879212007425
345272565213847554
345271888953610241
345270101894889473
345243008414928896
345238240896372737
345237136821346304
344931691787325440
344343646256128000
344113211940929536
344014916501528576
343436581748764672
343417963371704322
343417546956996608
343413352258740225
343280467899998208
343280217156108288
343100207044628480
343068417823223808
343039582910156801
342366642333966336
341889266638528513
341869577912860672
341868715404570627
341686542168899584
341683146141605888
341680134220312576
341177390547992576
340637790398197760
340390124711985152
340211633718706179
340190525246291970
340132031268802560
340131957939773441
340130071257939970
340125364833619969
339888362808803329
339887784875671552
339766281005830145
339407386894794754
339389503766687744
339311172639662080
339310159333572608
339124006730989568
339121759649423360
339004662671876096
339003430934810624
338944236009451520
338767283008720896
338595382122668032
338587221051453440
338583357539631104
338455975721844736
338432603982012416
338385152461922304
338238699559071744
337897182369824768
337852607844450304
337836336872554496
337698606008111104
337696622970535936
337243474158047235
337176521435389953
337131177527877632
336970597483552769
336809508493991936
336506858196070401
336475372621291520
336474751780392960
336394181561966592
336198346442145793
336192469769285632
336190930304512000
335446931415375872
335334097096437760
335333548032675840
334945345849159680
334943557280485377
334666005794148354
334663676441292803
334662338194071555
334652223290212352
334650167246602240
334378979819679744
334339640335142912
334334758014296064
334094704633327616
334014187330228225
333971596165394433
333712859466956802
333656752933449728
333502554099040256
333495289929424896
333298395533942784
333222844345503744
333130080610050049
332854879766859776
332838896566140931
332838848608477185
332835802281299968
332835645468839937
332796272555741184
332796103214919680
332783795570892800
332782153874161664
332781513659781121
332780189421551616
332770577230204928
332606684679794688
332494662474559490
332448033470038016
332404973822418944
332225088218882048
332200911009087488
332191443240247297
332059248244711424
332057980256256000
331857758917898242
331838586565570560
331838058196516864
331797318674288642
331779199146790913
331778739459481601
331777806579163137
331777174849851392
331772348862697472
331765529494831105
331753526470537218
331750469615616000
331710260844830720
331708362226024448
331707524153765888
331707402682527744
331690340564226048
331330473374666753
331315452838047745
331046992010674176
330978141273198593
330792404506517505
330763600421613568
330688582102679554
330649880169160704
330616913984098304
330602889686945792
330571090462113792
330503411147608064
330496339853078528
330493262420910082
330400582907068416
330386622317207554
330254373068369921
330242509726953472
329971405506633728
329870763807084545
329354353695653888
329296142133252096
329159658705129473
329148492582891520
328937887724871681
328861778853384192
328268809049866242
328169019079270403
328109351782973440
327405539640348672
327360250678239232
326986126072086528
326943820988178433
326930772546179072
326900658030661632
326900381286268928
326898379810553856
326895484142747649
326720953214185473
326597125246951426
326578391883063296
326153493016608769
326128413293305856
326106047251103745
326013637804310529
326013332282822657
326009077568258050
326007566926741506
325902084140572673
325900473003565056
325664146509160449
325647110122909697
325646545003364353
325554921372000257
325552177114398720
325552044842840064
325397993220087809
325367534809395200
325366592252813312
325300214468583425
325046913206452224
324938400434122752
324938308562067457
324647217640132610
324576044604608514
324470207210987520
324261072783679488
324219041533276160
324186460687319044
324183156737589248
324057100659605504
323674816429314048
323505181536972801
322751648395055105
322739892130045954
322718658872885249
322717886940598273
322617520924286977
322615274438279169
322615176308330496
322614427272740864
322613052723830785
322263471666384896
322252959004119040
322186937379209217
322101917448822784
322059611073044480
321879489258856449
321713250381209600
321643634040659968
321643410903691264
321548507783761920
321544965920538624
321543220200894464
321504908819976192
321396787141287937
321368797997068288
321327584770129920
321145370497413120
320923854371430400
320808481722597377
320554380761907201
320541577506349059
320541515556474880
320536366289133568
320236651408416768
320232014135562240
320072137232764928
319893750291771393
319716899011297280
319485028608380928
319456544041336833
318977779255369728
318826573367238656
318802059090616320
318801181990326272
318634414626181120
318430621133307904
318429745111003136
318374366264037377
318260050412056576
318035937097576451
318035419696607232
318031483828850689
318026948234334208
317906312346365952
317791418141777920
317400623807094784
317063539229618177
316923787268472832
316802972115927040
316243508979703808
315733437963198464
315601615992262657
315395740346232833
315249371962822657
315091023149793280
315090125543571456
315054106769248256
314886242686877698
314886085736013824
314885559363452928
314884870843285505
314699784919318535
314490169585717248
314292369761644544
314290816430510080
314071096120995841
314005133547679744
314002581083021313
313997625043079168
313932151164919808
313746693491400704
313735715945074689
313735518951186432
313735360003846146
313734745844490240
313734376456339456
313686499663175680
313685468006998016
313685249760587776
313685078406475776
313683429285851136
313682627687247873
313681225996963841
313680496578138114
313680142188834816
313677626961182722
313676759671394304
313644535764897795
313596197501796352
313414796324245505
313411395851005952
313376404727291904
313237007939817472
313225290501464065
313223819194150913
313223504541650944
313069620477169664
313067588655656961
313021354188361728
312887218232496129
312705424212258816
312690825450647552
312663996182446082
312652837337329664
312644216901730304
312588840986636290
312562410324123648
312511829987430400
312331988281462785
312328763520204800
312283555994689536
312185915978166272
312172502426218496
312172373350703104
312171855333175296
312170822011846656
312158822942769152
312120019926540288
311928759060148224
311402471794814976
311398714302410752
311237238551900161
311228575359582208
311103974868668416
311103569153638400
311029580003672064
310828401575460864
310826390155038720
310544538978643970
310463338649890819
310322281463308289
310163941517041664
310104258274013184
310053823911694337
309964135540596736
309779576937148417
309767824220491777
309734295747051520
309304043514257410
309272965822955521
309101914287665152
309100265527721985
309099974484967424
309063137334804481
309062415184699392
309062246200377344
309061517788188672
309060844946325504
309060313129578497
309059233939333120
308967745347784704
308967685511852032
308927192543399937
308730053221548035
308668844803764224
308668287196221440
308560295939436545
308559481464299522
308337576090165248
308334088438284289
308304709138132993
308150566188634112
307876515650084865
307876376952844290
307853319072780288
307851392419237889
307851199670013952
307847846554632193
307817390719266816
307816039876554753
307814296811892739
307812653030584320
307794529703059456
307632113065275392
307631245641256960
307587911161880576
307587706735689728
307577234590412800
307575969668022272
307554368431988737
307232778733355008
307225289723887616
307223787626192897
307221064205885441
307220514043219969
307211043187331073
307207729380995074
307095124750512128
306872547163648000
306847679894405121
306681591898460160
306680567183855616
306679528674193410
306677335527133184
306499385653608448
306465745280319490
306448437551968258
306445219375763457
306353325945806849
306178031406440448
306126742291111938
305967148084387840
305733835562315776
305649120989822978
305648021520150528
305412277740392448
305389097407627264
305384388353470464
305300654002409473
305249319739609088
305247734510788608
305246715936636928
305149907981959168
305010553221423106
305010367220822016
304985261404729344
304985010555977729
304984391799672832
304914152382664704
304866075600896001
304866026934370304
304860593020628992
304859517760450560
304727831244578816
304694588453568512
304528784336486400
304212580342304769
304204659193675777
304145179537969152
304143806473830400
304143605797359616
304143513635934209
304143242058948608
304142500208185345
303982124195794944
303976413109821441
303970865710788609
303970374977220609
303970017869955072
303960526583631873
303856834274545666
303801724928393216
303631921458585601
303631478254870528
303631287174967296
303630840829730816
303593517945597952
303592101931782145
303589461680332800
303589265890213889
303584671420260352
303584501668384769
303582693302628353
303582388926181376
303581959454597121
303581513126141954
303569077039927298
303568512058806272
303457987257851905
303443024803930114
303306143458029569
303264898035634176
303264473261694977
303200307125551107
303138355368034304
303137088478515200
302812510422188032
302794727059755009
302525859846320130
302408663581208576
302405515466665985
302353168916959232
302190776400609280
302163854228611073
302153469387751424
302151688435929089
302142850387279872
302134543148802048
302131686244765696
302128325466398720
302126315241365504
302078046024921088
302039456653905920
301645706274418688
301363573307887616
301362274306768896
301280695098146816
301280210270167041
301108193105420289
300956201447981056
300953056097484801
300952363269763072
300708338612719616
300565972014739456
300313311461920769
300312217184768000
300281845323538433
300202631387824128
300032491824218112
299903375682715648
299869371566796802
299868769751289857
299638597638828032
299601748471975936
299594938318987264
299594926482669568
299501414407892992
299501404861648897
299501390416445440
299501374410993664
299501359881924608
299501344585306112
299495214568058880
299478445635801088
298930578676396033
298823836172947456
298776993003106304
298594617807491073
298497153150636032
298237599238205440
298183149861621760
298122080858279936
298121205934874624
298092500026011650
298091825695178752
298090109851561984
298089097103286272
298086824151244800
298080890297405441
298073847532515328
298030657165213698
297842359654301696
297839046233833472
297679423199649793
297677167586861057
297672775697571840
297661678953316352
297653873722662913
297338817923399680
297280512991559681
297119796842086400
297050745277136897
296751675593613312
296729005741199361
296380140802437121
295911961990938625
295909606448840704
295880060982943744
295879831760015360
295645236150009856
295564512487153664
295564318328639488
295562179158110208
295561254251159552
295561020716494848
295531945989902338
295498364362035200
295341604498178048
295203925286604800
295146835268485120
295130573805072385
294866464719126529
294762386525679617
294761507156287490
294550178080366593
294530926023700480
294530404835282944
294504984333139968
294502445697073152
294198656607862785
294195177696927744
294029936249942017
294011744215511041
293876498262282240
293796271645392896
293512838658543616
293309403623460864
293292772847394817
293291420788355072
293290758147018753
293084502933250048
293084023138430976
292938917588631552
292745924772495360
292700472886820864
292700016815005696
292683708018864128
292683035495768065
292573189928808448
292563349131116545
292562815678554112
292416191358705667
292346795370098689
292300174703874048
292209740774256640
292196024968167424
292181519529803776
291991444934238208
291957667604348929
291866384835674112
291849393999601664
291677970400178177
291671971803037696
291670709967679489
291649027232116736
291523564434227200
291522982063534081
291522669000667136
291522279664386049
291521962071687169
291345847885643777
291342115290640384
291332011640123392
291331681091194880
291299517792387072
291298077787181057
291280143891169281
291253055586967552
291148686392696832
291145262343278592
290931341342691329
290903239396818946
290884277552439296
290879875923968000
290849418918363136
290833635207172096
290800015515996160
290798864225673217
290774014027235330
290773900252565504
290536363701440513
290535659209359361
290450729099988992
290415661606387713
290414536064913408
290413033149304832
290105725764661248
290105601294483456
290075367341969408
290069603281936384
290067042139242496
289872507106897920
289827493723119616
289808812897083392
289796194706796545
289790412573528066
289756828777209856
289754848021323778
289754305978855424
289752634372530176
289752277340811264
289752040190644224
289751754462076928
289751631690620928
289751358620463104
289751052088131585
289750614177628160
289732139648438272
289725702805270528
289709480428568577
289672997151854592
289561170447302658
289506751554932736
289506066167914496
289505456613892096
289504026171695105
289503950414163968
289501511845806080
289499679350214656
289490094560251904
289462437437124609
289028268823306240
288734190097268736
288413377888399360
288413307692515328
288407087027982336
288335311371657216
288272164891807744
288225976364724224
288207949774585856
288206206017875968
288057440564568065
288053308457906176
287989749568913408
287986597058727938
287919677290725376
287918310916513794
287865384277770240
287704789612101632
287704361927331840
287696496088973312
287668602755239936
287647950220447744
287638556246167553
287635868326432770
287349430124961794
287327354517348352
287291061406167040
287274262685954048
287254677324701696
287166704742723584
287147925216309248
287119178362658816
286965457074921473
286965062499987457
286964496835174400
286963868360638464
286962230556258305
286961338129997824
286957561100500992
286957396591513600
286956145954926592
286954948825071616
286953276799340544
286952724040388608
286951953081171968
286950395849355264
286948664788803584
286947999496687616
286946245359063040
286944883493707776
286944261050609664
286943914513031168
286942854897602560
286941558517936128
286940442229092352
286933780374114304
286898529526509568
286866811889270785
286858648855130113
286515223953821697
286468115661983744
286456913066094593
283280421712695297
283279893452693504
283021972361854976
282978338685988864
282934374914224128
282581702289784832
282474016046993408
282415086126104576
282218036260376577
282213957773688832
282206290871189505
282198911970594817
282195964456996864
282112886233501696
282049308495331328
282046872342900736
281813939237560320
281757698830237697
281691002614464513
281502608676503552
281502311019331584
281485332107624448
281479388195872769
281373361924366336
281304036232265729
281193423803924480
281005722127441921
280983958756401152
280653401057021953
280615777206407169
280615411505061888
280459399703707648
280440562258165761
280426412916219905
280426211593822208
280425335982542848
280421194593878018
280420250435084289
280418990919131136
280417976589627393
280396267274768384
280395634958274560
280370833464098817
280293728437026817
280286853616238592
280257252735213568
280067308754456576
279909020612059137
279908867893260288
279876693005578240
279655377803563008
279597037220134914
279193854652080128
278931112858886145
278854818871771136
278854552164392961
278794480709140480
278787266674057216
278631379514843136
278540467619115009
278540179281702913
278539994296102912
278532197995130880
278486818599616514
278170329690550272
278128722199068672
277884445464338432
277881285802856448
277872704680513539
277868560292917249
277528996483317760
277527844270264321
277476423210512384
277475616553590784
277401044571537408
277173457899360256
277071868505251840
277067473155661824
277044536277073922
277011051323727872
276976130685280256
276969376303955970
276966816771878912
276848926844411904
276834869487742976
276773141462777857
276686272343457792
276425780299456512
276047695146278912
276040388773568512
275921419316125697
275725390054572033
275715600989450240
275611009006309376
275608958213959680
275366182834565120
275364942612418560
275288158910967809
275257354868621313
275174136354062336
275097578763321344
275096298368159744
275095502712881152
275091666317213696
275087770551205888
275031665850585088
274974467007082496
274895488971599872
274877110118666241
274819151401476097
274818369574821888
274656922999848960
274611593306845184
274531544532656128
274497316726128640
274457914750685184
274436399476903937
274255535975563264
274159269958537217
274122457080803328
274093663531982848
274087541404213248
274087208653316096
274086614957973504
273848794976755712
273842339246637056
273787728024444928
273745381655969792
273394592026615808
273354680959119360
273257795145572352
273195048961720320
273149003292622848
273138574914904065
273125907076636672
273125841607733249
273118821777276928
273117618418892800
273115393764253696
273084956870324224
273054201112850432
273052821987926017
273038405015859200
273029723066621952
272997399398588416
272986730385244160
272831204649209856
272776625710587904
272742158220533760
272704981805711360
272472091541004290
272411454525808640
272392880574824448
272392433633996800
272278170210795520
272111158910152704
272051498245046272
271993075843358720
271932997643689984
271932523989323776
271910919351721984
271756376328503298
271756170438533120
271756117930020865
271746660273618944
271691058793037824
271679538935787520
271672355414228992
271670822291271680
271663344245694464
271640123563704321
271442951685677056
271376400894816259
271316083015835649
271269606994354176
271218914833338368
271018272445583361
270940806079193088
270938214561353728
270927476551720960
270915696374976512
270851444792516609
270626564360769536
270601579382587392
270596625448177664
270565243556593664
270504820497080320
270465103869132800
270457728915361792
270294102636113920
270234865050468352
270233522839621632
270231887702786048
270225586608279552
270134331656249346
270117943432589312
270099564952952832
269919905032318976
269882632379191296
269844987611607040
269828712885780483
269825135438073856
269757722591911936
269571373767225345
269571046699573249
269570864025067520
269569895245688833
269549843255545858
269517973310545920
269495468369776640
269454565613654017
269398708897071105
269397492033024000
269397020329009152
269205502536323072
269161401724043264
269123395357130752
268859673711607810
268852122886496256
268844685085253632
268844153759223808
268810308192186368
268800664799420416
268791407827906560
268791063836258304
268662532905005056
268661645033734145
268659802694115328
268658488773861376
268657944437071872
268657804187926528
268657081530339328
268656359426383872
268486761125122049
268484512877531136
268483906095968257
268418403843321856
268418119901536256
268066263992004609
268052764381294592
268051926267080704
268043319697870850
267996112475000832
267990571212230656
267979474715430912
267931424399712256
267928192323563520
267708615979327488
267704795807223809
267704613745065984
267694662456844289
267694456067747840
267667433651847168
267581911168344064
267364004492619776
267358561582055424
267357563287384064
267356513545379841
267316245571989504
267257317152661504
267246673338712064
267220499472465920
266975512071643136
266974432877215744
266918559790276608
266915312623038466
266871727336853505
266839165210095616
266814496364957697
266707254772899840
266677396420317184
266662718818377728
266659325186023424
266624869121290240
266607174040580096
266606751309234176
266606703297052672
266605687419838464
266604729163988992
266520209769246720
266497818661888000
266479456636522496
266473179877355520
266466778337640448
266354873786826754
266202540729827328
266198581755645952
266159570689351681
266158173524746240
266155903814860801
266145125011439617
266144858106888192
266119429807562752
266094118529290241
266091509194043392
266089396246286337
265984301701668864
265974910525001730
265944358111563778
265911902666883072
265902109113843712
265901667277479937
265899637473439745
265889922693599232
265887645878607872
265886031587467264
265882657794162689
265879516621193216
265879014546231297
265878937379434496
265877317119787009
265846045349654528
265845333714677762
265844448762679296
265835159209799680
265835099357052928
265834931874304000
265833762582056960
265833586853310465
265829269060587520
265829248546254848
265829187951144960
265826704818335744
265826620206641152
265824925456146434
265823142793056256
265821347425423362
265820544346247170
265815283904688129
265812815535808512
265806854704214016
265806746776391680
265802545077825536
265770843513163776
265770523135459328
265760998668001280
265758665947095040
265755474861887488
265755383111503872
265755267453571072
265752477473837056
265752003454582784
265744916360097792
265744801763319808
265744667927269376
265742841886679040
265737029709611008
265727381921226752
265726605786247168
265713382240440320
265712747239583744
265704525447430144
265616744876486656
265616512969232385
265616163319472128
265612712439066625
265612123068067841
265612082773385216
265612015291207680
265611752262205440
265555028935315456
265528853651410946
265509377509830656
265508726327353344
265497855966466051
265495656838348801
265495457676013569
265488226972733440
265483992864788482
265462346359644160
265461604395663360
265457818423947264
265451769868451840
265449427660062720
265429242534318080
265427816034754560
265426917929414657
265426458619559936
265426338960257024
265414126157848576
265413983916392448
265413800994406400
265411672657756160
265410392791085056
265410294665338880
265409832562081793
265409784264654849
265409691486650369
265401786934898688
265401003191451648
265400875340677121
265400387899645952
265399981609984001
265398025545977858
265397981300269056
265377505534410752
265377279285272576
265374980307554304
265371939902746624
265244025265737728
265234095280361473
265230538623840256
265192364635717633
265181047413682176
265166930699227138
265058190427844608
265056516669837312
265039354559344640
265037802767544320
265034627700387840
265033956951486464
265011419857170433
265008359198040064
264874484736065536
264873990638673922
264802474827857921
264802086741479424
264703161128845313
264702672752480256
264699501091098624
264699262607175680
264698725589467137
264695419991384065
264688183650967553
264687754980519937
264681090663473152
264680262582018048
264679720564703233
264679390951141376
264678075697098752
264677886894694400
264677738747674624
264671713910988800
264670359628967937
264670035669295104
264668442618109952
264664373803511808
264486476081946625
264483105455341568
264482703372587008
264482546547568640
264481978638798848
264481690859237376
264480250551996417
264479649663418368
264474739752460289
264471024333094913
264466640324939776
264466112924762112
264434249518686208
264432366121013248
264344390242299904
264343388621504512
264342642899435520
264340551405535232
264340386342907904
264337782879690752
264281328206364672
264141345432678401
264140357552459776
264138698109620224
264131931384471552
264128648825692160
264126064316522496
264030187233112066
264029894378418176
264014463416545281
264014131282186240
264009186768203776
264006733276540930
264003929283645441
263706669622636544
263703127327379457
263686234638016513
263686159056650240
263685323144458240
263678308586246144
263678037399306240
263677442999320576
263674495485763584
263655875577774082
263655732300361729
263655605682712577
263580590723457024
263579477005713408
263572217110097920
263308085425217536
263269323760619521
263259680325918721
263191508348465152
263070994493743104
263067623321903104
263065937526272002
263065466224930816
263064254159138816
263063348948643840
263060069237813248
263036777722417152
263028737166151680
263025623700738051
262985547553849345
262960119682322432
262959901461061632
262959417769738240
262959263318675456
262958789270061056
262958330404806657
262894305360883712
262894078218338304
262893775418966016
262866910557896705
262866733944164352
262856218169733120
262697926541844481
262696369536507906
262695530260463616
262694333239668736
262693880519077889
262693470492299264
262692668054839296
262691796579135490
262548685550915584
262543310881697792
262541600603918336
262540878185390081
262516794667966464
262516737789001729
262510704228179969
262510341186011137
262509812875665409
262509287107096577
262505761656156160
262502004432183296
262495673105141760
262335524608544770
262317317608861696
262221927203082240
262164110270152704
262107033820594176
262106761975169024
262100411748597760
261952365626785792
261948968588681217
261878610250571776
261864529615536130
261864307535515649
261863902260899840
261857450532151296
261856035852132352
261855625863106560
261855345289359360
261853252717522944
261787989473128449
261787296540545024
261569640302530560
261547422713524225
261545231776894976
261508746755309568
261475564358090753
261235409852448768
261129650653261825
261081219607982080
261079685369327618
260889374764437504
260835052387201024
260812700802764800
260811440540250112
260808727752478720
260762605684150273
260761305290530816
260757678526193664
260733989072023552
260733512968179712
260727600887001088
260722953682026496
260709187540094976
260707551727984641
260707272093745152
260706892848971777
260704348034719744
260700051821707264
260684112434692096
260671821735669760
260670364772880384
260529743257038848
260479839780339714
260474106305212417
260453251227451392
260449888557481985
260448829294391296
260447268447068160
260446249499652096
260445796980363265
260413928578904064
260379860168474624
260379470769319938
260322552151416833
260151050223370240
260146823296069633
260146574892605441
260144583999123457
260143869629444096
260142128875855872
260071974292824065
260036805200580608
259950432124821504
259849450850230272
259814234739855360
259811132536135680
259787336559255553
259712032088150016
259616306008051712
259616149740851200
259615760773705728
259615447761158144
259613590464655360
259611624674033664
259611480129949697
259375723897319425
259369254703489025
259338775031857153
259322967647985666
259322829923827712
259314392607379456
259312560287907841
259307020233080833
259306843795488768
259306472012402689
259304713827266560
259303274061107200
259301746050998272
259300013140738050
259299012476284929
259297521162153985
259296205551595520
259295362731372544
259294945985318913
259286969526415360
259255706438471680
259253222399684609
259253099095547904
259246768447975425
259221214407581696
259209026536091648
259208692120039424
259205010720706560
259204227652538368
259203996839968768
259201973247680512
259201582955122688
259199974561153024
259199926108553216
259063597706129408
259061863638237184
259061379787542529
259059095464722432
259058878002634752
259058688751443969
259058006300434433
259057562555670529
259056470648291328
259056125209632768
259055532302807040
259055406675005440
259055202613747712
259054331066732544
259053936097492993
259053873589792768
259053639488921600
259053524388831232
259053349175975936
259053074130292736
259045649834713089
259027316976537602
258737928900063233
258639397816250368
258618901347323905
258605711326584832
258593328503853057
258593237344862208
258583627913383936
258583515665428484
258581200652877824
258581169057185792
258581088291663874
258581031152676864
258576672306110465
258508773767921664
258505719383465984
258501015748362240
258489281528602624
258488901063307264
258475555597467648
258380360612724736
258378082984013824
258377098052374528
258246000571990016
258245522777841664
258231421947236352
258205795454418944
258205690621997056
258203759287615489
258178953364262912
258177614693412864
258177338754359298
258174887141707776
258170657681059840
258170617415757827
258170557990846464
258170479091798016
258168677168447488
258165959494348800
258164021872697344
258161813265448960
258160622477393920
258159883965304832
258156960095019009
258149647489593344
258147790436327424
257901338753654784
257870251398668289
257869937023004672
257863689724637184
257833634214584321
257822613886353408
257810062620389377
257807872602304513
257802327250042881
257742031873527808
257738773255835648
257473773287120896
257452971347046400
257452045743841281
257451904542601216
257451805796093954
257450975521013761
257430327469932544
257430142681493505
257426251407568896
257425985983627264
257425472533716992
257423491614265345
257423047127080960
257324780938731520
257324330126553088
257254508218949632
257254280896073729
257251438625964032
257243008976703488
257194890373517312
257084333179949056
257048204024102913
257047272934748160
256811019517706241
256810787975352320
256806618866544640
256802169028751361
256796008745422848
256795408469209088
256753612145954816
256691655015559168
256663610963656704
256574119980703744
256572319777038337
256571451182821377
256570132619472897
256569945394126848
256567219000053762
256522532197380096
256429647045201921
256400719068921857
256393616879136771
256392896184479744
256362979296157696
256360585632022530
256360172828622848
256352361247817728
256328997594607616
256315597527322624
256297552973017088
256158623909158912
256137345701662720
256132822278995968
256127905254477824
256126236412239872
256122480891146240
256117717302648832
255991781060128769
255798091926630400
255673392261390336
255668522246631425
255640048349892608
255618898882351105
255348632117727233
255331959042097152
255288726991822848
255288039193059328
255281880075743233
255230595850960896
255230456885301248
255214633613402112
255098093442318338
254974998396170240
254301122691477504
254236873214554112
254235738726604802
254221114031624193
254220792697593858
253960798840426496
253927629814657025
253901140708696064
253844849915219968
253832047821459456
253636320906317825
253586393840881665
253574125354889217
253553726063792128
253475781576110080
253425119416946690
253407237555499008
253215651349549056
253178438939185152
253177413666742272
253167004951908353
253082275938459648
252941136090525696
252829462834577408
252753555151273984
252753546460663809
252753539196141569
252702404745756672
252701850543988736
252335248879271936
252069073465245696
252068561055535105
252067739559149568
252024058793840640
251797260042657793
251773440888016896
251755190661836800
251735713488449537
251657647961567233
251625881951420416
251624573156618241
251623984771248128
251623812943187969
251623711764017152
251623178546323456
251622672549699585
251621201141714945
251580531538538496
251578116819005440
251383958019919872
251368889269751809
251297168827248640
251251908008898560
251039862633934848
251039540863721472
250914931040481280
250914829974507520
250914575350910976
250914443377119232
250913665715408897
250913544873320448
250913135492481024
250913024054009856
250911610410000384
250911322592661505
250910942156689408
250908359321079808
250908255117799424
250907986799779840
250696256702263296
250637766256365568
250630439440633858
250556544654127105
250536615380934658
250535071084339201
250526187049349120
250523168882712576
250150212469915648
250135650332979200
250048751505379328
249958454062624768
249951711337250816
249944247548141569
249832496924065793
249799021680545792
249662882319572992
249593516563525632
249568552422617088
249252491005411330
249216252650868736
249095721570144257
249071792776441856
249071078935252992
249062908577853440
249062602460762112
248953177322438657
248952271319224320
248867391709270016
248845067580755968
248840270953738240
248836195247869954
248782791288946688
248716806255157248
248716020796252160
248503846832320513
248503387572797440
248502500053897216
248502219505270784
248501785713573888
248500875721592832
248500640127516672
248498340394848256
248447443836997632
248435368234455040
248350542491963393
248324081399758848
248197450890887168
248195966644154369
248195727086473216
248195532168785920
248148400170745857
248028068113969152
248026574719442944
248026505421131777
247811509592416257
247739711249076224
247444549406973952
247439340790231040
246879137522913280
246553672627130368
246553509061877760
246551368960188416
246525367081377793
246521012118761472
246472647817441280
246461316133425153
246348991552442368
246348513066242048
246348010181783552
246198172681125888
246110689142386688
246109758371794945
246109707146784769
246109656001413120
246017326678417408
245990999376134144
245969750063198208
245969395204096000
245968672865271809
245968366471352321
245906891283247105
245846231027433472
245835894764994560
245826560752484352
245754856462221312
245754337203216384
245615032279392256
245459358790582273
245424871025287169
245424679299477504
245424541046820864
245192586732642304
244928719922274308
244909395295731713
244890635356741632
244885562614480896
244878314706202624
244878221588430848
244878049856876545
244877957544439810
244877825516138497
244877550025854977
244877364604067840
244877262015578112
244876885467725824
244876706698125312
244876635814391809
244876572962725888
244875995717459968
244831555556634624
244805852043829248
244720849440104448
244719176835555328
244705188613603328
244530221078945792
244457504061415425
244452384695275521
244451775032201217
244409771573256194
244362827354234881
244362759268073472
244362341074997248
244333987064074240
244333004745502720
244190053302140928
244182406788177921
244142508370718720
244081077562531840
244080201531813888
244075652351926274
243969369384837120
243969343258517504
243956993382027264
243942131666931712
243801496884482048
243798491351101440
243796434854477825
243793316007788544
243792590409961472
243789637175357442
243785085785108480
243751740980211712
243746331900919808
243745624682541056
243638433560526848
243627938891837440
243579427374645248
243466162057408512
243465194574077952
243463829361676290
243429874298126336
243429140005548032
243398278643851264
243329969013542914
243294020871278592
243281767618969600
243281704024944640
243281579722547201
243251053791948800
243231074690400256
243219385341329409
243217832542883841
243108181511897088
243080802592755712
242886365036032000
242868665400315904
242756329284988929
242755918360629248
242678363649622016
242670979246092288
242669831793545216
242669656815566848
242669211388874753
242669017830133760
242668711985684480
242668552686034945
242668144798363648
242668015458586624
242667884080398336
242645736838270977
242586020296663041
242584063616118785
242514531627171841
242514398827130881
242511314541498368
242484010838806528
242366805136515072
242360415085010944
242354101575352320
242320330343972866
242317901967810560
242317164512694274
242316645685665792
242211000709955584
242210671398371329
242190019719208960
242163780673495042
242048283466428417
242048110187147264
242047573257490432
242046573750652929
242046176881418240
241979243498713088
241932561100730368
241611342690271232
241429590990524416
241419447376678912
241302522722152450
241301581776175106
241069889056542720
241043602510327809
241042122537590787
240927077069631488
240923465828417536
240921830058246144
240702380881104897
240556942211313664
240553584817741826
240528536572674048
240511566867468288
240372708553138176
240338387217809408
240330882861395969
240311795884105728
240190166482944000
240188817179557888
239758954945736704
239532407861178368
239315611518386176
239089386690596865
238607470048706560
238604558434201600
238604308680167424
238551117804470272
238550748420534272
238547633008943104
238544396918861824
238544280698884096
238407081311481856
238398378483003392
238398336930045952
238398242218446849
238398192511754240
238398145619439617
238397999229833216
238387882753138688
238387772082233344
238387679748829185
238387577143558144
238387523133526016
238385000054145024
238384325429698560
238381254247067648
238381100001550336
238381030099263489
238379088706953216
238365851730997249
238291666920931328
237941935929716736
237926072753213440
237887825469648896
237869628284624897
237868976867270656
237638643525754880
237637541048750080
237636609124753408
237631886745288704
237624309076619264
237623860479016960
237608528712441858
237603922594906113
237601783122374656
237600176146100224
237596011130937344
237595260467945472
237594399687729152
237594012373098496
237592825150193664
237592413147893760
237591900905943041
237590467578048512
237205125515591680
237125576656314368
236827833111031809
236826981101080576
236826514497359872
236763360711045120
236756771966955521
236514226519298049
236365604934782976
236364313118531584
236217318789750786
236206177481015296
236176394365857792
236039760211214336
235918705157087232
235856440605147136
235854614132568064
235854277095071744
235841964887666688
235752640703782912
235708939289907200
235382025119494144
235355659225423872
235345702283247616
235345637925855232
235297573173358592
235295342504062976
235292747970510848
235112309171838977
234910194151337984
234909908112375809
234908910409113600
234784713498324994
234779397264117760
234776989926567937
234765608137408513
234761859008450560
234761223084859392
234759040390025218
234753757966106624
234750994641215488
234743284625440769
234742394422185985
234741803151159296
234731177636950016
234720804301070336
234596773098840064
234491090252738561
234398032072941568
234391832346370049
234361590999310337
234325270960680960
234253837857333248
234189719938924544
234030609398374400
234007524351815681
233922619408269313
233920831942705152
233918701202706433
233914246096891905
233894659288596480
233846855673462784
233817402314473472
233795011597180928
233793201109090305
233600353915002880
233569812838760448
233537810395721728
233517429270130688
233447036756824066
233215192497008641
233134650392981504
233071498695438336
233069546330783744
232939822199762944
232737138192560128
232735102961065984
232708576509054976
232621646685536256
232572879852675073
232571652884557824
232571145503793152
232553640773160960
232551442190311424
232550819810123776
232549711842795522
232383327607332864
232382974732165120
232222759319654400
232219178281623552
232216962292400128
232183708440993792
232175872000528384
232041119188414464
231903179527294977
231712172311465984
231680255700647936
231675593597521920
231671368964505600
231671221970944000
231667413383528449
231667192364691456
231663061256269824
231647601957687296
231522147212861440
231309026317701120
231308891550535680
231273218906923008
230954858944012288
230573294628257792
230167125224988673
230059375090364417
230047310913105920
229859475803222016
229702304981458944
229698176343494656
229694994288611329
229541548075909120
229175160178102272
228828189634469889
228827497310076928
228780375546163200
228779900235030528
228772594277564416
228743315066073088
228743194333040641
228611602142855168
228606536941989892
228604832095821826
228603966701854720
228600405821628416
228586369981755392
228461691661348864
228416523486769152
228413846065385472
228411190924165121
228410218114060288
228407688667725825
228406277980688384
228401567974436864
228401179430887424
228389210917310464
228218810673557504
228167909040586752
228117235728785408
228035666360012800
227909238461177856
227676827219537920
227656258268835840
227535669008924674
227531680792076289
227363101513744385
227323578033508352
227310400755077120
227271095663869954
227269241009750017
227160267988017152
226971929972727808
226971715429879808
226970307842424832
226969634828603393
226969079431442432
226967904757878784
226965351638904832
226964418418855936
226963988091662338
226963096013520897
226962705297330176
226962552683376640
226959463075151872
226958093332905984
226937749402423297
226728497425555456
226619890839220225
226618241131368448
226617853799968768
226595784685137920
226571222673158144
226429911185899520
226429044386848768
226206509862907906
226084970446348288
226079894659018752
225888603056787456
225870778044911617
225866140361060352
225701502344388608
225352895619534853
225297745769021443
225297406781177857
225238052807782402
225194849584939009
225091877374922754
224920247654809600
224845023953436672
224838857655468032
224838695050678273
224838109605527552
224827427736653824
224783159714258944
224756430174035968
224749389149782016
224749138946961408
224749112606732288
224748996751667200
224732003046658048
224579225242451969
224565916908781571
224530291857952771
224458239306252290
224272289208860672
224268608807768064
224267467780931584
224266414238863360
224265440979976193
224264482271141889
224203989284175873
224185141638070276
224161150345035777
224111467451006976
224024936061206528
223841007110856704
223709365134295040
223699403263852544
223699314625609728
223647919742521344
223470609840087041
223468349278007296
223467762142543873
223464014301249536
223464012908728321
223464011272957952
223407169717022720
223343445455011840
223010954433150976
222974433063735296
222971178606792705
222961092840796160
222956233924149248
222956177779204097
222925055733149696
222612489672732672
222599623993339905
222598396417024000
222591539040354304
222591296311803905
222583053376163840
222345293532889088
222290399715278850
222237810629939200
222227272818622465
222225723933462528
222210175514312705
222186963422298113
222070077137231873
222062498365452289
222061881114898433
222061386979753984
222051326555725825
222046391680249856
222030165230878722
222025657612369920
222024839593082880
221977846313271296
221670508486328320
221654911425843200
221653978360979456
221652606869708801
221650592240635904
221650523252736000
221587419911303168
221488400866361345
221376037177667585
221373310318030848
221347976558288897
221347484834869250
221344643810476032
221343507569319936
221339667092606976
221339120054706176
221338478984695809
221337036374806529
221334322467180544
221326436043202560
221253984353128448
221251424179335168
221249830826156032
221232312375971843
221207745595064320
221161662349193216
221112160158351361
220762314842976256
220515249458122752
220405609894383616
220386708015951874
220172131449831424
220054953048293376
219920633100898304
219902925948989443
219896186079952896
219812432850333696
219792484438511616
219770153733332993
219770022615199744
219659863742103554
219554808724594688
219529242625589251
219501660492406787
219494474580107264
219386643587670019
219170977379127296
219004464487608320
218984308449357824
218958922940284929
218822349577912320
218820505661218817
218817985769504768
218816245624094720
218710248381362176
218641579479535616
218641397459329024
218434506099654656
218388319204159491
218266424907542528
218250656719437824
217952944979578880
217886231651041280
217637393317109761
217601987712262144
217601862222884865
217544997954781184
217541953057853441
217539329604583427
217535271330254848
217529265569271808
217527385736740864
217517851060350976
217123542414790658
216854165337542656
216815201813663744
216658077519319040
216496986810097664
216454033949458432
216453565592502272
216452792045404160
216452016002711552
216431893187543040
216239261463224320
215904936666480641
215681063299719168
215672259141058560
215580770440458240
215502567084527617
215349885497643008
215328030397173761
215327915540353025
215327820254158848
215327577630457856
215315371777998848
215313309572931585
215172328320020480
215057986626916352
215055669185888256
215012027746353154
214992334138507264
214950542911340544
214950073258344448
214840369228165120
214835032597069824
214832308325326848
214831658099159040
214831309351157760
214830719900450816
214829745140019200
214827958509113344
214825276624994304
214817563694215169
214812232222117890
214767144108433408
214703749522927617
214700976693710848
214631996104773633
214623524873179137
214609371576016896
214586092228321280
214135372270157824
213987212679843840
213958951379800064
213953506565033985
213938668673568768
213934854096687104
213928828702171137
213750348987371520
213742542892695552
213721426069438464
213721383383998464
213721181788971011
213705391475933184
213704863668903936
213704443588390912
213687884153237504
213684137020755968
213678286725853184
213618980622057473
213617187653558272
213603677963952128
213562978891599873
213536583687733249
213536273946783745
213536241633869824
213514555031162881
213339324530434050
213302832244342785
213296454809305088
213277449126035456
213221426780577792
213220040974151680
213205780759969792
213187578105565184
212966668987662337
212925006273970176
212911034493702144
212905576085192704
212903180139376640
212896335005884416
212804513671815169
212776059135991808
212568889048055811
212452777186697216
212416086472261633
212203483301031940
212202998871506944
212098893926772736
212053860343222274
212052815554686978
211872758165016577
211814180439855107
211813607275630592
211808192940875776
211806443924504576
211797015103930368
211765782651215873
211757650269052928
211756338034905088
211627182718599168
211579937235275776
211464135446241281
211463127269781505
211462783097778177
211461126746144769
211460249398411264
210848572541894658
210819469726060544
210764989806546944
210741478329298944
210674562512330752
210612232248233986
210477193338429440
210474648519983106
210468042176606210
210449070899216384
210323315435388928
210288511151120384
210280710530019329
210273947168669696
210270452139040768
210242031476424704
210241274597478400
210237210690207744
210118353384247296
209750066217488384
209746158296383488
209744147295383552
209741723818135552
209608665408352257
209606255046688768
209417140325974016
209352068878704641
208917424664354817
208915659332128768
208914846421491712
208888356824817665
208884863560974336
208527260645462016
208291927223844865
208226466670972938
208202807902347264
208198719873622016
207798272620888064
207797904918843394
207750557417480192
207749520388403200
207701869877932033
207701687933210625
207593072001949696
207498662681657345
207387817943379969
207383874660089856
207373242896351234
207357713938780160
207171258327105536
207169512993325058
207165172392005632
207155128564842496
207058772361887745
207057998139490304
207057633419591681
207056838343135233
206815459872481280
206762120761708545
206356187762008064
206303667391971329
206070649800761344
206018293012766721
205992589051183105
205991427342209024
205990358977478656
205989724647727104
205766924645314560
205717616025808898
205641035102171136
205629908548976641
205609299253280768
205607798925557760
205550765375365120
205530986316959745
205527134700187648
205259186580369408
205258441336434688
205007502520221696
204539025044942850
204500820685889537
204485241111461890
204464404522221570
204456033400262658
204247561505218560
204148162389225472
203755293958606848
203754948813537280
203753516920090624
203422783592603648
203420976493498368
203211197049339904
203165252928536578
202810922987827201
202810182324068352
202305700670615552
202285636168859648
202128271440216065
201964250950926336
201926436720869377
201918016831758336
201714202807767042
201702208411152384
201688731038646274
201680130031108096
200815708081356801
200491394073243648
200138575227011072
200127219086004224
200111408120217601
200108849733177345
199831989417820160
199775609470189568
199716689682763776
199586808156262401
199583749694963713
199583506203029504
199443273381711872
199223604242681856
199180689940287488
199176859500552193
199103589937979392
199072838857129987
198560415037403136
198558652968345600
198410823385874433
198402346580054016
198402103364960257
198386879069036544
198385705657962496
198384069023772673
198331182637793281
198327768663064576
198297306108403712
198284823561908224
198279875956715520
198121811538489344
198120870856757248
197995572257492992
197946732200472576
197930434108211201
197726960682676225
197710307152510977
197654284391813121
197593306740432896
197417574558998528
197415802591383553
197407277202931713
197100414313824256
197098950820511744
197094156886228994
197025776611229697
196952796346597377
196950869651099648
196949277191319553
196948207861899264
196878836456112128
196727607608356864
196683262901497856
196681390744551424
196676936699879427
196675770884685824
196673522687410177
196646930451927040
195888926421024769
195746389031006208
195746200136331264
195745837987536896
195467411112206336
195464819896369152
195439270679420928
195417992035704833
195405626124406784
195394118938140672
195019774634364928
194705670388461571
194683466602909696
194654889199140864
194440420934156289
194343807515508736
194343604360187904
194340864296886272
194338070122872832
194337998924546048
194323913738698752
194282200349409280
193595530176241664
193593299469213696
193591711782551552
193443750670901248
193420565481140224
193410096557068289
193237659831902209
193084840210464768
192717951181398016
192706046169595906
192703333033709568
192505711048130560
189263677357162496
188628594841497601
188626601716625408
188619244961939457
188618385565822977
188615436844285954
188562071749795840
188560619513978880
188547948869718016
188355271700119552
187847297294544896
187769263728246784
187298220127436801
187294788050108418
187293243812233218
187290317899309056
187283775376457728
187283209036378112
187282034849357826
187257454218838017
187180350890455040
187180248633323522
187171347267465216
187157654320320512
186513904707448832
186509867278802944
186508585675657217
186506013946552320
186503063538892801
186502570846593024
186501361389682688
186499617695866880
186491389180256256
186032784324820992
185999451087847424
185854650946289664
185852773525504000
185852437679190017
185825799256018944
185821169801379840
185803209217028099
185655629770272769
185619206237208577
185611420086435840
185611293875638272
185596972537880578
185327236914757632
185284163006496768
185282670555709440
185233595206606848
184872127365779456
184723816453386240
184707906162274304
184687686035062785
184668512726433792
184515841101017088
184511532925861888
184510447486111744
184233649544245248
184217499175362561
184177767754113024
184177566591107073
184147726999617537
183958507559718915
183888797891694592
183879333050454017
183599241099358210
183581894116507648
183487936585674752
183324688150310914
183324191259496448
183145936707534848
183078065369391104
182956527739617281
182951893042085888
182927334851096576
182926999831064576
182915958057345024
182915127413186560
182914416570933250
182914133904207872
182913773529604097
182913380120670210
182913075794546688
182913029799817216
182911220020559872
182910766347853824
182910578078134272
182909840568500224
182909721731280896
182909538234667009
182906415436926976
182905920706183168
182900840250617856
182865863366553601
182816798276730880
182814856192331776
182812700773068800
182555964162056192
182151601170030592
182146574774841344
182090626244935680
181836231599075330
181824575187861505
181819588969893889
181817772567838721
181812970769227777
181782934079025154
181778173288120320
181680101518348289
181679156382277632
181677500345221120
181677021020168192
181626343954456577
181472570435051521
181472358845001728
181469950760861696
181464193000685568
181453934223818752
181453394454654977
181451366898745344
181451230193786881
181450993861529601
181450709890383873
181447143498846208
181445395963052033
181442806676586496
181442056244314112
181440009897914370
181399235424559104
181363448448434176
181303837343232000
181302033079480320
181142065189634048
180583570115526656
180573043985350656
180572592179134465
180443429778636800
180440638033104898
180437520650207232
180176828772794370
180078086312833024
179987932621443072
179875417228984322
179861140849950720
179856863398072321
179856570455306241
179856362619150336
179604707608772608
179483207723524098
179471945954369536
179270093623144448
179269738021654528
179249386025521153
179247020077363200
179141209158189056
179105123631501312
179089368672247808
178920492298809344
178920181467324418
178914889040011264
178910031595569152
178902095192276992
178890728502595584
178890312016592896
178889402632769537
178837546585952257
178837117978427393
178805570160181248
178797370451050496
178784691233632257
178598354782138370
178194574160830465
178194365263511554
178192595497914368
178184117551239169
178095468096655361
178071664578408449
178004426215276544
177998904145620994
177882188082200576
177858464549318656
177857749017833472
177824516649656321
177800861639118849
177735217451245568
177731237602004992
