398167744756977664
398167722020069376
398167370445111296
398160316418113536
398129506457628673
398088052670988288
398082428029648896
398075990209212416
398075949625118720
398075911389839360
398075749879795712
398071964545613824
398071937039339520
398071901937205248
398070367627251713
398070211687247872
397866633374752768
397866611660832768
397866533793591296
397861722926895104
397860286876499968
397844155512422400
397839646807588864
397830098411208704
397830053955780608
397817506246586368
397814209133961216
397801508034838528
397800371298398208
397800364100960256
397800301157031936
397799708250230784
397793767761387520
397793618049908736
397788777537499136
397788109242236928
397788058457604096
397788034260688896
397787993995767809
397786948439670784
397785264140992514
397785149322317824
397779552707301376
397778664433004544
397776591197335552
397775608073449472
397775427772899328
397773257497382912
397773211875954688
397740819643645952
397739876415586304
397739200075665408
397739164356984832
397739083797000192
397738924769951744
397738752707010560
397732879695740928
397700536910483457
397587569225240576
397587534525763584
397587521544409088
397587511880712192
397587480402472960
397587448831938560
397553147629293568
397486807530496000
397454916052353024
397450487114776576
397446418782490624
397445010120912896
397444888733560832
397444378958245888
397443006519078912
397442981177073664
397441888414072833
397441854301806592
397441779672158208
397441513606479872
397441105962102784
397440856778883072
397439933335740416
397439705278873600
397435721520545792
397432153291915264
397432090637385728
397430169616785408
397417567322918913
397417039431991296
397416864768614400
397416150465650688
397412769039130624
397408957356335104
397408939006255104
397408913152565249
397408900607401984
397408613356298240
397408556627931136
397395950978621442
397363304059781120
397359293793849344
397349984342790147
397349571027681280
397349558356692992
397349518099755008
397349446561710080
397349425200115712
397349008663797760
397348078048780288
397336135988707328
397335991473958913
397221711214817280
397221579803070464
397173658898034688
397136574003306496
397132351496806401
397132205967032320
397076598727671808
397068529876217856
397068496707653632
397065477673189376
397063770629238785
397062577261260800
397062554335186944
397061034466611200
397060966791512064
397060918255038464
397038275480666112
397032458413428736
397032386988630016
397011849205407744
397004042888437761
397000967797104640
396998257366142976
396997049146560512
396996962945601536
396996898730835969
396847160496361473
396841291444527105
396835517624770560
396835427753422848
396834963544231936
396834951972143104
396834907957116928
396834887660875778
396834875807772673
396834865594650624
396775579719987200
396772354056925184
396751011425320961
396750121590734848
396700434687361024
396699750650884096
396663613869400064
396647628815216641
396638710675959809
396638020029251584
396635557146546176
396634403964989440
396625267440885761
396617325149163520
396617291989000192
396617253728563200
396617213777829888
396617169616003072
396617092147200000
396617041912020992
396616246059614208
396615518775304194
396615494041489410
396615483840925698
396481025137987584
396479976062476288
396435371120001024
396406087941111808
396393436527738880
396393373294407680
396393312653156353
396365397831979008
396352322240249856
396343748595961856
396343698424098816
396335175371853824
396331018023870465
396323475729940481
396323423175319552
396323401012613121
396315621518229504
396314983958843392
396314786281320448
396314725090594816
396314552490795011
396314527794749440
396314369618743296
396314289532710912
396258495281897472
396117303932112896
396117293488304128
396115131915964416
396106739906781184
396105655087427584
396105541769908224
396105484354060288
396105443375714305
396072112714436608
396047908438810624
396044988221374464
396044976896765952
396044454903443456
396043519577833473
396039933577920512
396006524901806080
396006476717637632
395987480799100928
395977771983581184
395977213872316416
395977126480187392
395975038341758977
395974998407798784
395974657759014912
395965766602072065
395965738382819329
395965603644981248
395965109186875392
395964931931389952
395963469931229184
395962630814580736
395957854588649472
395956916478046209
395956674521219072
395956634843107328
395956575917318144
395956456303771648
395955617409421312
395952469962141696
395952458289389568
395952448571203584
395948936168738816
395948490284867584
395948107193937920
395944837822033920
395944176732225536
395944122411806720
395937521269346305
395920576801292288
395920542357680128
395920521507794944
395908062122606592
395899312867381248
395792802678079488
395792418097750017
395766740661309440
395766736202780672
395727719105040384
395727344054591488
395684222343446528
395684202277908482
395675055926947840
395664600483385344
395643190595682304
395642854648721408
395642835921145856
395642798335987712
395642731055181824
395642704714952705
395642629666254848
395642573483544576
395640227886161920
395639706530349057
395639622442967040
395638859310329856
395638665508315136
395638534037860352
395635315563458560
395635245761847296
395588895968342016
395585352108638208
395585330965127169
395585302259331072
395585292453036032
395585282424455168
395585222160691201
395585174630834176
395576246215512064
395575671642398720
395575596161728512
395575537173037056
395552715700305920
395552705730461697
395552697513832448
395544033927237634
395543774488973312
395541231356612608
395533282227408897
395517065643036672
395515179087462400
395515129733058560
395515027685638144
395514988057874432
395514919279276033
395514908474753025
395513947068973056
395392791540686849
395382548835995649
395380742760722432
395380446911266816
395380429269655552
395380410021969920
395380398491828225
395378350736175104
395377095116738561
395377060903780352
395343814555992064
395343789159501824
395336648780947456
395336640786599937
395314083890995200
395306046950211584
395305994680799234
395301345127047168
395300995221454848
395300943941885955
395300914686603264
395295539220463616
395292562119876608
395292512333471745
395290587114381313
395230554733703168
395225882953916417
395213002368360448
395212857047932929
395188094736945152
395185863384367105
395176662939090944
395176649756401664
395170702665715712
395161207998795777
395155925939789824
395155655944044544
395155624344162304
395155587765633024
395155232138600448
395155173552582656
395155095241125888
395151559874461696
395151539095879680
395151484855144448
395011335832219649
394970812966780928
394970362242691072
394970329594220546
394935288364933121
394931922041720832
394896466264612865
394896454977724416
394887488235249664
394887462780018688
394883472101486592
394881718626570240
394881568487251968
394881338588688384
394881309257916416
394865737921073152
394858452809703424
394857692101373952
394857426509234178
394856818285236224
394856721992409088
394856601766854656
394856566077526016
394856354391027712
394856256324009984
394856040493498369
394855917910765568
394855799983726592
394853504092999680
394852800858845184
394841158058520576
394841050675961856
394841013107568640
394835054917976064
394835036362403840
394825328951963648
394817811123826688
394803426800181249
394803348819705856
394803291089289217
394803212915863552
394803176026935296
394799455389511680
394799425391824897
394799407461199874
394622138122272769
394608310826971136
394542198349647872
394532464955502592
394532395762077696
394531963278598145
394469254936166400
394468551240978433
394465840072245248
394465127530913792
394465112494329856
394465065203531778
394318998856536064
394318975875964928
394257936471846912
394257671316320256
394257003159490560
394229230965248000
394229222392086528
394229205799403520
394229186182660096
394229155107074049
394229137239728128
394229089508151296
394229077105999873
394229034080411649
394228937070362624
394228889465409536
394200671266017280
394192961421852672
394159677623513088
394158816457023488
394158767916335104
394137835696955392
394133687266074625
394098926875209728
394098412804898816
394098109997146112
394098047049007104
394097983312363520
393877126052462593
393873759783772160
393873701545857024
393873564488577024
393873507114704897
393809904546643968
393803416381579264
393800619771043840
393779767805112320
393778336964415490
393778317028888576
393778187756240897
393778107766685696
393778019690504192
393777928535699457
393776503894196224
393776494545104896
393776455475154945
393776439545585665
393776338965782528
393776321241055232
393776276319633408
393776253532401665
393776212541075456
393776197299343360
393776122074112000
393766464865697792
393766348410851328
393766136514236417
393741256028733440
393727354230435840
393726178777137152
393722269723144192
393713808587636736
393713768263589888
393713667369619456
393710855977594880
393710736486064128
393710629275435008
393599471814070272
393599299168137216
393599282344759297
393599265462685696
393599252988821504
393598842865602561
393591134938996736
393552098740436992
393551695252578304
393509943489220608
393509814501781504
393506453341732864
393506388715913216
393504818590789633
393504253903245313
393502973642698752
393502054683246593
393489605137162242
393489589077159937
393489549076094976
393489535830474752
393489519661428736
393489510048071680
393489495196049408
393450739206352896
393445635011399682
393437122956259328
393437109433810944
393434117536501760
393427232841953280
393427220909129728
393424638006411264
393416354163724288
393416340960063488
393416332344967168
393416321674657792
393416308127051777
393416293975478272
393416281921056768
393404323818127360
393402914682593281
393397624075591680
393370024993230848
393368477085741056
393355639944003586
393355619257704448
393349307371642880
393349172956790784
393345957460324352
393214317413150720
393214185594556416
393214083832373248
393203313098768384
393190520085680128
393190508916264960
393190498447269888
393137686607040512
393137447301046272
393137196141920256
393136943049232384
393136821162762240
393097620303777792
393096100577423360
393096075990405120
393091100274987009
393091078481383424
393069430285926400
393069421884755968
393067881589915648
393045838164807681
393029638676426752
393027133594804224
393027105698496512
393027087998545920
393027027340918784
393025923517132800
393001359517036544
392994830114385920
392994026867027968
392994006537216001
392993959179341824
392993946109874177
392993925918511104
392993904363978752
392993894444457985
392993881257549824
392972029508747264
392971684682031105
392862337415520256
392829262669307904
392829048650739712
392828806295089152
392749909776285696
392703352116482048
392680464613650432
392677746708467712
392672124286283776
392671830978605056
392666088691208192
392665821668859904
392651193387741184
392651180691554307
392646075724472320
392483309864763392
392483298800197632
392471140624379904
392471129647890432
392471113768251392
392471017672966144
392468482123526144
392468101662793729
392467736565395456
392450315465023488
392446704504418305
392445096085688320
392445067975483392
392445040649601025
392445024371503104
392440013222596608
392382927407185920
392377438216663040
392377414913101824
392377379467067392
392374020600889344
392352584234983424
392352538177318912
392347800731934720
392346399985401856
392346382960713729
392346360382754816
392346324781510656
392346298726486016
392346287926157312
392346277037756416
392346262391234560
392346222729900032
392346127523397632
392346081880973312
392344463684956161
392309865823338496
392296944351326208
392296646580518912
392295399915941888
392278581688426496
392278472317747200
392273759891390464
392273180070379523
392273132209176576
392273102823907328
392273072629112832
392273051649200128
392272995466477568
392269502911483905
392258186499354624
392249100311080960
392136188104286208
392108751245017088
392108380720230401
392061484962181120
392044581551742976
392043957754294272
392039746425589760
392037557556740096
392014607713570817
392013814356779008
392013338345209858
391959034850332672
391958964889321472
391957626784739329
391956186511073280
391952771408474112
391950808884850689
391943238044889088
391943214913290240
391943164501958656
391943135909400576
391943112148271104
391943059237515264
391943031211184128
391941131363438592
391729373541568512
391617338141069313
391569768966545409
391549132747595777
391549067459051520
391546958126780416
391398045776371712
391328673259069440
391323630233473024
391322532873129984
391304524855377921
391303109701824512
391239184926908416
391238540614696960
391232805692125184
391232309237522432
391232236718026752
391232214970544130
391219019845337089
391218947992739840
391218468910940161
391194138344845313
391169176259530752
391169135784501248
391168370898255872
391168341072543744
391034417101029376
391034389754175488
391034368455483392
390982094295666688
390960624596824064
390955213302939648
390952189029408769
390951879644938240
390914038060027904
390895781948837888
390889567920066562
390889460587827201
390889107297402880
390885153620627456
390883387608535041
390875117141897216
390874641008308225
390858225131606017
390858165476024320
390858042574512129
390857995157925890
390857983485173760
390850163105099777
390849725747838976
390828796586123265
390826299797028865
390818352371105792
390803510209441792
390803188036943872
390803106231238656
390803070969724928
390803029156720640
390802983858216961
390802939344076800
390802894381150209
390802730719404032
390802690575716352
390802620946059265
390800957417611264
390642993847623680
390512895907221505
390510152191078400
390508981686636544
390494576240504833
390494535241187328
390486529463697408
390466221420077056
390464878814588928
390464825840517122
390307358305681408
390305338853167104
390232203856080896
390231400793649152
390221883465285633
390193602963705856
389966706636251136
389965508042170368
389965460218728448
389952126232711169
389943363442851840
389943304097652736
389897871560290304
389881478139494400
389880788805623808
389880735743488000
389880633180164096
389854955294953473
389828213704499200
389818849132314624
389761159848792064
389758162859225088
389747964404826112
389589151492104192
389584895787270144
389584482430615552
389553106293645312
389536613371740160
389490986717413376
389485835592417281
389485699667619840
389485652649455616
389485433199292418
389485272586788865
389485145860100097
389485085281755136
389402526367633408
389402397094985728
389401295381331968
389248520710275073
389248404976861184
389247852582813696
389246763359428608
389200244195729409
389134291797811200
389110696971358208
389050979670568960
389043505139830784
389038661222023168
388769503150354432
388764307879890944
388763894564388864
388757089725591552
388745492672544768
388742816425209856
388742721554247680
388741429641502720
388740201574850561
388740127943852032
388739996774973440
388738191991115777
388735775715893248
388717966235164672
388707709111263232
388705226783346690
388704736608018432
388698918361374721
388686260472389633
388676868024852480
388676371532087296
388672242202050560
388671191629979648
388670525712498689
388670360486305792
388648666556137472
388648570347216896
388645701745258496
388643979173978112
388641927706316802
388638585559056384
388638188996001792
388618093716865025
388618046828736512
388616625001226240
388616565232373760
388521751313141760
388437077886767105
388428980002766849
388424613455069184
388423459912839168
388401774262222848
388401739747311616
388401661032808448
388401597581385728
388401452965564416
388397967616798720
388397641371242496
388397582491602944
388397513570791424
388372466877595648
388336717398155265
388323804847816704
388323775445729280
388275641218760704
388269271702573056
388269056085594112
388261773100732416
388260723375108096
388145915099627520
388109792905940992
388078527968735232
388042730665803776
388040954076491776
388039604432932864
388033221705084928
388030982357778432
388030038320611328
388028993229697024
388027587181543425
388017666730246145
388017615240589312
388015741141647360
388014970664808448
388010648397180928
388001552780496897
387992108801724416
387963080874811392
387945565914267648
387945492090339328
387945322137145345
387944617041088512
387942404239917058
387942272115163136
387907706931384320
387902886908145665
387730461759668224
387712421457965056
387678741658611712
387678639640567808
387678609269612544
387643025163157504
387620198175363072
387603681316970496
387592333908520962
387551806790045696
387541148123676672
387540897115947008
387540807060058112
387540711912271872
387359127296425984
387338095517241344
387337800720605185
387302808179183616
387271150960521216
387270975881891841
387268337220452352
387264607191986177
387264587776544768
387252798796357632
387248506312073216
387237660302905344
387234209355825152
387201782424035328
387179177641648129
387027270122356736
386974510769254400
386970368805986304
386967442448068609
386966762467520512
386966429846618113
386964627248009216
386963019710095360
386946638696030208
386939371125239808
386904303862312961
386884110373101569
386817775387545600
386816353211920384
386816315274436608
386673683529760768
386618166287548416
386617931364564993
386617901719252992
386617842151723008
386617651671617536
386617605144190976
386613066613288960
386612842075414529
386562047737348097
386562009065869312
386549925192138752
386538296630722560
386538146881499136
386537179578527746
386520304455270400
386520229536620545
386519971662413825
386519941413093376
386519408387964928
386514288904376320
386505958056534016
386495277542039552
386495233237594112
386494646999728128
386494620525268993
386494490808053762
386493930235498496
386493613854978048
386474478777024513
386465781930024960
386448202876354560
386447827452178432
386338992603410432
386326052827828224
386285930740740096
386284377665466368
386283053636923392
386282454723878912
386265502584434688
386259016323973120
386255645147930625
386228336131072000
386223844845178880
386214913385189376
386210242918641665
386208222883119104
386198488213508096
386196996476141568
386174397016322048
386158151223222272
386151472607416321
386138632664670208
386121928852783104
386121738465316865
386105182397808640
386103719580160000
386103608007475200
386103509680406528
386103396593586176
386103293304639488
385984339357761536
385959893603467264
385919815250345984
385846346403840000
385838600757477376
385838476614463488
385838305612673024
385838182727958528
385837652378791936
385831310985412608
385830995229802496
385830950447226880
385810415097114624
385810383409123328
385810286995070976
385779428951089152
385764721607311360
385759153676750848
385754290083860480
385743518221619200
385743473464180736
385743305473937408
385629586018422784
385628646423027714
385625474224750592
385624295567024128
385624188419313664
385621211998208000
385621182801653761
385619009707986944
385618968289218560
385618919006167040
385617237417017344
385567756042530816
385559220797444096
385535069382660096
385511279374639104
385498519722672128
385484481937018880
385484363854782464
385484216042917889
385477247265931264
385476908387160064
385476759267053569
385469405120827393
385467376013430784
385466087707406336
385447178900365312
385447086646235136
385446964046753792
385446573620346880
385440895211810816
385440624000135168
385435814483984384
385399897052045312
385399872611815424
385394332259610624
385393886577033217
385392662909431808
385390478025175040
385371914102779905
385371551257743360
385371497562267648
385362833736626176
385358143095861248
385358069095743488
385352536019849216
385348307704623104
385255643742863360
385255579402240000
385255100379189248
385254453924069376
385254402896183296
385205214518992896
385204157533392897
385189278529355776
385188904376082432
385188727015759872
385170192579690496
385137614967545856
385137420884512769
385137210213019648
385137158019117056
385135596890378240
385135510160556032
385080512702066689
385079999830560768
385072646184259584
385049859998220288
385048308185841664
385028692340379648
385023759482355712
385023714615910400
385023664514940928
385023640343179264
384867100285992961
384839990770794498
384837649007390720
384805219458367488
384805154488594432
384804860807610368
384804693282914304
384803976052367360
384803966598393856
384583188175409152
384544781138800641
384544760360214528
384541537964916736
384541498744000512
384541454674448384
384536350520659968
384536205343195137
384536143250747392
384372742801203200
384365977749577728
384365934552440832
384305439997173760
384295016321269760
384290516609040384
384289239011459072
384247105902358528
384246072950149120
384245206297899008
384243865580236800
384243665532899328
384229325303996416
384198569713881088
384191453448392704
384186261704933376
384182997500444672
384170009016414208
384169933074362368
383984134726488066
383980820202913792
383980692763185152
383964346562650113
383962240837500928
383957732321394688
383922908076462080
383922856314556416
383922809300586496
383906991359684608
383880765458886656
383861469659799552
383861372662321152
383821767007305728
383811234266501120
383649359512236032
383645532704747520
383645464476008448
383602461770260480
383602431864881152
383581943641952256
383483032336093184
383470261393043457
383466925797699584
383447539233869824
383447450226536448
383447408568713216
383295085531512833
383292264111300608
383290010562084865
383288391493640192
383287830316728321
383287655636926464
383287032526954496
383268184989904896
383268148428173313
383254810624942080
383238302297358336
383237408495370240
383235540658970624
383233160911532032
383232267512217600
383232202399817729
383209129051168768
383155771422162944
383151787567767552
383146845306101760
383106602066534400
383086041571524608
383085057310986240
383084440114962432
383084044243976192
382932836611014656
382932797461377025
382932497975099394
382919894414528512
382918061315338240
382875497598050304
382869681851203585
382852560966545409
382850088281706496
382849220404723712
382846831605977088
382842983717957632
382836605926400000
382836552658743296
382836347959914496
382834657881894912
382833670421106688
382833201452158978
382832812971147264
382823203623936000
382821082920529920
382821070966751232
382820452621496320
382820421294239744
382813647942471680
382781652864602112
382757822779654144
382725997168058368
382725502194044928
382721993398710272
382721660341592065
382721456041238528
382721223894896640
382720934156959744
382720895347077120
382720835209146368
382720748550647808
382720452646699008
382720410628161536
382595967742406656
382595946619875328
382545872573046784
382534426392932352
382534363428442112
382534158175969280
382488700820938752
382488549633060864
382488445077446656
382488292253777920
382446074452926464
382422798574292992
382414633124249600
382376938910019584
382376724471627776
382375766714904576
382372503492259840
382366424918155264
382366347059294208
382366295448367105
382366242042294272
382366162950320128
382364185176182785
382218833056268288
382205036480036864
382204957166161920
382200695145123840
382195790686736384
382194611420422145
382188736291037184
382126288909385729
382111653053366272
382092972558680064
382092739766407170
382092705465380864
382089894396715008
381905369288957952
381902482378883072
381898838346584064
381876654865276928
381856143896637440
381856053593247744
381855482861723648
381854787769081857
381853707307999232
381853559957909505
381853142888894464
381852455778009088
381851808043253760
381851264058798080
381851181007396864
381851120202559488
381851059359981569
381851040762433536
381851020789161984
381850794175107072
381848761162805248
381848024546570240
381847715795070976
381847698413854721
381839582532096001
381838832322510848
381838176098463744
381770066297356288
381620510653550592
381618081497247744
381617894628794368
381551974216245248
381540905703858176
381539161477373952
381538566129471488
381537997230854144
381537898400473088
381537625762299904
381537360749395968
381537101071650816
381537025364480000
381536150319403008
381535759213146112
381533753132072960
381532587040071681
381532409679712257
381529528679415808
381529046636843008
381495224373350400
381494981472440320
381494819752665088
381494793638924288
381494754216660992
381494748587909121
381494323948167168
381494233192235008
381494172865552384
381494030070468608
381493992535248896
381493866387738624
381493239603163137
381492990838968320
381492499472068608
381491960390762496
381491931630407680
381491503001903104
381491274689179648
381491068291665920
381490330631041024
381489333359742977
381486676222431232
381486251045429248
381482882927038464
381482557784612864
381481874289205248
381481055787565057
381474698175205376
381473245158862849
381420360945909761
381413132457230336
381405820694843392
381397039508381696
381393967717548032
381393073210937344
381389679162953728
381316461077471232
381226586714157056
381189394100543488
381160246192132096
381158058690236416
381144589685362688
381136894421397504
381136609602990080
381136578468663296
381135545700593664
380981142406848513
380980963209388032
380946344208519168
380944197643423744
380926082859294720
380905835133956096
380897985284296704
380897078169575424
380897004928651264
380896846878875648
380896593190600704
380896338298568704
380779748181278720
380779698935980032
380745187322261504
380726425961377792
380715364512169984
380708863164817408
380693649748938752
380667406634729472
380644439095390209
380642102406696960
380636107559665664
380555336077156352
380555239260446720
380555121102708736
380555069701517312
380555028379238400
380452533590040576
380452388890742784
380443364124266496
380434681583656960
380434620321648640
380434583428534272
380432982411993088
380402089949532161
380400867683217408
380395729518608384
380353865633120257
380352746496352258
380352270103113729
380351939134775297
380351738105958401
380344389065003009
380344109313318912
380343984817971200
380343324827480064
380343173870264320
380342781438595072
380342602752876544
380342564869914624
380342228163772416
380342028791721985
380341806296489985
380341559629479936
380341297086988288
380341263821979648
380340797658644480
380340614988312576
380340357479038976
380340050141380608
380339847585873920
380339485403512833
380339156779798528
380338950466183168
380338432809381888
380338192991678464
380338161307897857
380337974850113537
380337598281318400
380337499576729600
380337219288170496
380337104792059905
380336913561157632
380333249878585344
380317265142349824
380302197780930560
380302045913567232
380278027814715394
380267302500851712
380267207390789632
380267021247606785
380266814770388992
380265601518022656
380227322030202880
380218597563330560
380186656524886016
380186509111869441
380186438089707520
380186404036177921
380185369448562689
380184421816893440
380183780528775168
380183737558138880
380183630276206592
380023774411620352
380023676948602880
380013323737395201
379997164677922816
379996928991182849
379996120434237440
379994582718906368
379980570442616832
379928428713369601
379855081765871616
379827233525104641
379827103132553218
379827045188243456
379825315956011008
379708086845714432
379705568862408704
379629010164400130
379615433865068544
379611987921342464
379572319519141888
379562847526588416
379560577191788544
379555910642696192
379554520092921856
379554346158936064
379551433600692224
379534222341324800
379533188823261184
379530606658330626
379477314620243968
379463630460182529
379461145729695745
379461094504660992
379460991601623040
379460900253884416
379460848697475072
379460808402808832
379460752283037696
379460676995280896
379291560988270592
379290117275275264
379289558208106496
379279698213101570
379273209951965185
379273123272470528
379270490365239296
379260831864987648
379260775862648832
379259823021649920
379259757301096448
379242815122706433
379161181560528896
379160900919652352
379160574049124352
379160394209984512
379132241194258432
379112369474924544
379112115724099584
378971268059779072
378970293840388096
378970129243320320
378970073660420096
378922707402096640
378921041713971200
378886502706872320
378878764220157952
378878152845840384
378874593987276800
378873899196620801
378872903611457536
378844362786226177
378814211167911936
378769271376973824
378768960138657794
378768617245900800
378768461050023937
378768315725791232
378768174511964160
378767987873828864
378766365563183104
378766308319318016
378748531097346048
378741632180715520
378741430443057152
378741380627300352
378738211507273728
378738186018488320
378543852891537409
378535286273474560
378498319338598400
378481633747566592
378481541153697792
378475628712169472
378461807796826112
378460402264186880
378460263063638016
378458509420937216
378457009575968768
378455496413286400
378454396025049088
378454151862054912
378454060069707776
378453710755463171
378452524144934913
378452456826343424
378451853698023424
378439308296085504
378424155005538304
378413027311116288
378400954594656256
378395013639860224
378394697561296896
378394251018907648
378394020520538112
378228957432528896
378228178910593024
378227260399943680
378225652907786240
378225606904643584
378225518849847296
378225491192578048
378215026298863617
378212279591788545
378212212210290689
378212159206858752
378211318882660352
378206391682756608
378205026457767936
378174106329288704
378172577778130944
378147916378308608
378140976927477761
378140940952932352
378133283374379008
378131599369711616
378102693941616640
378101984882327552
378095741861781505
378093750699839488
378079783604604928
378079060850507776
378079003325657088
378078843430387712
378078702745047040
378077937003941888
378039593217830912
378025261276889088
378025131823869952
378024971370766336
378008642647101440
378006878959067136
378006528877678592
378006417757962240
377989810821935104
377856818514763777
377856135950123008
377813979131031552
377813808573845505
377811097350582272
377809224166047744
377752553607671809
377752466693320705
377747645173084160
377742740861091840
377724181615771648
377724165358632960
377705421282086912
377703772106932224
377702629721128960
377699324861620224
377693282564079616
377693214909952000
377677595447287808
377675119411228672
377669678543302656
377669629771911168
377654786407297024
377654725187211264
377654677430878208
377534983835222016
377534975614398467
377534695019659266
377504324353806336
377503426290388992
377503259524870145
377435675966320640
377419496468013056
377418225228988416
377414165951819776
377414053900980224
377362205614034944
377347044945702914
377346099066851328
377340562463924224
377334833698967552
377333704764313600
377333704575557632
377332734013624320
377331945425760256
377319496295645184
377317129038876672
377295264186646528
377287276960968704
377163778359447552
377158221448089600
377156485291057152
377151753201799168
377151635455086592
377151621639061505
377146724231704576
377145054881529856
377143944494067712
377143789711667200
377117890249388032
377116845683134464
377109184791056385
377101905308446720
377086076680032257
377074067569790976
377074058686263299
377073298263539712
377073190050484224
377067631636779008
377056338024890368
377046745571545088
377045623238705152
376992386611965952
376981787328921600
376964174687272960
376963951315398657
376802771384549376
376800226633195520
376789193868845057
376788183482384384
376787203734900737
376786847831457792
376786706160447488
376783741571829760
376747074911731712
376585935150145536
376585882863931392
376584722467405825
376584427251322881
376460288914370560
376449206745309184
376444007934464000
376442706714578945
376441245565849600
376441225693245440
376440777598984192
376440086705233921
376435734225629184
376405831769550849
376368489935937536
376363103967252480
376346102443692032
376339945549357056
376337531953885184
376323508147453952
376313708533661696
376313687323475968
376313643425464321
376313335299715072
376311921965682688
376300561265471488
376262102937518080
376249782471503872
376239511035842560
376237685905850368
376226207316324352
376224670418468864
376221210063159296
376219846867816449
376219805637824512
376219767058608128
376219705788215297
376092545584881664
376090358980939776
376076620005920768
376076562241957888
376046159036686336
376023520066945024
376023300872634368
376023206391713792
376022995091075072
376022897732902912
376022727985209344
376022496879063041
376020674860826624
376020599849910272
376018887613349888
376014768609296385
376013589041012736
376012882082668544
376012350580461568
376012269504573440
376012159592849408
376011707643994112
375994304935645184
375993584798806016
375993524455358464
375990737680498688
375986861283766272
375961971796877313
375954063076372480
375947448184610817
375945680982130688
375945095306289152
375938305658847234
375923674068824064
375919111173189632
375917856828817408
375916329384935424
375906769697906689
375900204664229888
375869983533719552
375845528619454464
375844998920822784
375844951919435776
375844905937276928
375842639532150784
375842518945894400
375842451329523712
375699086638587904
375698930488844288
375698369844613120
375687281639559168
375659616077488130
375656171283021826
375654015331475456
375653695197048832
375626306060177408
375584254149021696
375581550852984832
375565007888855040
375538677314641921
375505951454797824
375499999335186432
375491013881511936
375479228974006273
375478887243087872
375422682495717376
375422512647389184
375421369984770048
375348067727200257
375347191461974016
375333387713515520
375331491309686784
375325026016583682
375324622696497152
375324298442858497
375266862558642177
375266707990122496
375245315307081728
375245238207410179
375216905839075328
375216098615885824
375183510140497922
375183473658429440
375182847352373248
375182783938703361
375182143996960768
375181589031833601
375174289953406976
375173755926228992
375173709407199232
375173609532424192
375171231320125440
375171212097634304
375171160012759040
375170577776250881
375170560525090816
375134723741609984
375134678304702464
375020046394736640
375019903897448448
375018635795771394
375018581399846912
374898473063038976
374898390661734400
374897875391504384
374897536341131264
374897316576370688
374874344771436544
374874342502330368
374874184280592384
374736082861973504
374695712484630529
374694784167714816
374694651233443840
374694474418376704
374694235561537536
374693421392220160
374692901411762177
374692423345381376
374692378344308737
374692263110393856
374690955968135168
374689515170185216
374689344507768832
374687026882572288
374686041845686273
374686016424013825
374685945376698368
374685896273965057
374685890884292608
374685851273289728
374685787578572800
374685665822130177
374685576630263808
374683595618545665
374682501794758656
374681427733790720
374680269837860864
374679817557667840
374678998405873664
374676698656415744
374676658520739840
374675061514723328
374672056303898626
374669854969581568
374669846736146434
374654069349941249
374653410273816576
374653212847915010
374541590221434880
374224559743832064
374224535316594688
373468348043890690
373092517438558208
373092277734105088
373091024672804864
372354836358238208
372354600202145792
372351833500446721
372351614448701440
372351381815836672
372350982245470208
371354021820633088
371353905349033984
371353843801808896
371353804832522240
371353111597969408
371351110248038401
371291246016204800
371271319985586176
371271222862282753
371270850248331264
371217876193009667
371216162258182144
371099018308251648
371095073313660929
371094391533740033
371093022580039680
371092952220581888
371091159478571009
371080534367031296
371068313675112448
370985773803126784
370983472342794240
370925782127759360
370921246110015489
370906603060731904
370904179918647296
370903982895415299
370902566366105600
370901943670931456
370879058680508416
370858861433212928
370739547560108033
370737783121248256
370737314953048065
370736731772825601
370735878722699264
370735062813540352
370733963457101824
370655484430127104
370649371039121408
370635580754763778
370630256656257024
370600564952145920
370600532685385728
370592349186842625
370590550870990850
370590032588853249
370578454049067008
370526506419625984
370516296305111040
370509147256528896
370507299934441472
370507222616641536
370474568928223232
370474518563012609
370474482353577984
370474175158566912
370365969828298752
370345321878282240
370299479452569600
370278301031358465
370270448363139072
370249667642003456
370249622486138880
370249609446060032
370249029398982656
370247070306693120
370196235782991872
370195489989197825
370184516612001792
370180776417300480
370180251542114305
370180051985498112
370158438955098112
370149393372286976
370141589651206144
370141538317111297
369998417910435841
369998371743731713
369998355994124289
369998053438402560
369978809103425536
369968005884956672
369967973232291840
369954150152691712
369953592473812992
369908001186283520
369894996092407808
369894905818394624
369865069456535552
369822941229223936
369822885826678784
369819945074311169
369808031413833729
369803607400779776
369792034212560896
369783791876714496
369777759767109632
369648833858256896
369645764214943744
369637782022406145
369636931828596736
369633410685222913
369626800303120384
369617038462832640
369613715030552576
369613623141732352
369554010950602752
369553594296434688
369552456411545600
369550297384755200
369543119684911106
369465941328797696
369465281887752192
369465215701630976
369464353428234242
369462301637607424
369459141586059264
369459116722233348
369457744132075520
369387604027797505
369387018469392387
369386907639115776
369386844313489408
369386781478621184
369386707872804864
369385848170479616
369385803761197057
369385786526814208
369385664275439616
369385622416273408
369385414747901952
369265192686727169
369263240431153152
369262461456642048
369262362999537664
369262247698104320
369262074045542401
369260779159031808
369260722099740672
369259906727022592
369259840087932928
369259732147527681
369259600723185665
369258275201507328
369258240070021122
369253777888387073
369252858807336960
369243741942345729
369243634480054272
369243543157485568
369243496630075392
369243286747090944
369117849333555200
369103045889519616
369096904920936449
369087184004861953
369045639134339072
369045592808235009
369028664991563777
368996667330011137
368993090838593536
368871438607859712
368857443817644032
368857023300907008
368848942584172544
368848885948506112
368848363938000896
368831627788423168
368705895091695616
368705608536817664
368705430304088064
368705314797129728
368705267523145728
368704527106834432
368704524732862464
368701584613466112
368701407588663298
368697545650085888
368697299238932480
368697269786513408
368695092334178305
368665338743119872
368639343532859393
368624991987724288
368624952896798720
368619041868349440
368594657350926337
368592224067391489
368592120421961728
368456002628493312
368444433034788864
368438311473270784
368428296993648641
368426233039568896
368424545574584320
368412008560857089
368411542745661440
368411523892256768
368410268054716416
368409452162342912
368407565845032960
368406441549242369
368402970536206336
368400947753402369
368389657794330625
368386924399976449
368386857697955841
368384276665884672
368384229698048000
368383122179506176
368383063757041664
368382424356380673
368380804508164096
368380602640510976
368378343646715904
368362862470631426
368354279058587648
368344649288941568
368344518833090560
368334229416841216
368289424536129536
368273163479572480
368270498242629632
368267936781197312
368267707268882432
368264872406319104
368260347611729921
368259256413585408
368258980122214400
368229649718857729
368227600935567360
368226597943259136
368226560387477504
368226415142920193
368226273606508544
368226102202081280
368225896937046016
368225710890315776
368225495818985472
368225273067872256
368225221440204800
368072518210682880
368072416670789632
368068866108563456
368058610506797057
368037967115194368
368036140471037952
368034791808974849
368008531238060032
368002173566607360
367988351133306880
367961179433758721
367961082700128256
367953978727743488
367911662923567104
367911480274219008
367876391632506881
367875749459410945
367874830458044417
367874458783973377
367870913682751489
367867816185450496
367867758374952960
367867536559181824
367867313439002625
367867144127520768
367866872642818048
367866701938831361
367866148718936064
367866121099431936
367689048770371584
367670368351584257
367669749242527744
367656296087957504
367641955980677120
367638595286224896
367627308149919746
367625228333375488
367622070060199936
367613501885251584
367608690284986368
367608600505503744
367607673774026753
367606020224192515
367601116885692416
367599669511069696
367578263050526721
367577543245041664
367577522533572608
367522176707993600
367516818992553984
367508707736711168
367500737032765441
367500699632140288
367499409056997377
367367323872538624
367366864500195328
367366761026682881
367345030224035840
367330972309942272
367319348039266304
367292955599831040
367286350682144768
367265351769554944
367235051899326464
367144735351111682
367140688963846145
367140623239114752
367140567882670080
367010725434105857
367010395292049408
367009697200476161
366985244542382083
366973567906234368
366973054951231488
366963505737379841
366950112078987267
366937010289655810
366932815272615937
366918260807045124
366912121277124609
366911952162783235
366911534292668416
366911447780966401
366897437249515520
366897344563773440
366894279425134592
366894173099540480
366890883469148161
366889306826084352
366889158532272128
366885136006004736
366875461185310720
366861331091038208
366829738486005762
366823341757173760
366823302217478145
366815802294419456
366815621612191744
366810630558191616
366610935277821954
366516682962911233
366500425966424067
366422287534133250
366422151840006144
366422005744021505
366277613896994817
366277580707463168
366264933807177731
366257199250554880
366252136213905410
366251226687479809
366225055828549634
366222022805696514
366201349924327424
366199770064232450
366179374405390337
366179348027416578
366164686242189312
366157367445958656
366148714571632641
366146105282543617
366113122395762688
366107997195354112
366084718275465218
366084546682298368
366068470636478464
366063989807005696
366058944831041536
366058934483697666
366058420933115904
366055109806919683
366054416849186817
366054188989415425
366051097258889216
365959579214946304
365949191610056705
365834845080920065
365834802554875905
365814074946232321
365780248387796992
365751753980915712
365733877161013248
365726205313433601
365722753824866304
365710553307553792
365708614024962050
365706808746192897
365695874933862400
365695844487409665
365695756885168128
365691993784987650
365566166808276993
365566084528607234
365558088113201154
365558055443775489
365556676478246912
365555462936068096
365553080424607745
365537941285650432
365510624337346562
365502733115080704
365500124031500290
365487008145092610
365483879404015617
365455969360158721
365440166367735810
365438731123048448
365438718011654144
365437519615107072
365435391555284992
365435376627744768
365433046821900288
365431847787835392
365431798076948480
365419224555991040
365419108428292096
365419093425270784
365419030061916160
365418959555657728
365416839498575872
365384500114493440
365384308803911680
365371045458354176
365360181208555520
365347006379589632
365327246090715137
365326480219185152
365322674613919749
365195620207697921
365187399275388928
365187308900728832
365147968661229570
365147869717606400
365147837710872576
365132695505879041
365126506680295425
365116793855033344
365107183765032963
365062771873824769
365057221786222595
365056926159085568
365038773957963777
365026941289496576
365024665023942656
365010060323192832
364996493578473472
364996449064325121
364972680350400512
364966793074319361
364966284145860608
364966080696950786
364959999140704257
364959748564594688
364851334693924864
364850993713782784
364847347160715264
364845495555850240
364844709564268544
364844534057811969
364844456429621248
364843849648062464
364831880035573760
364831774985039872
364831626431180801
364829101460176896
364828953522868228
364828924380839936
364827684439732226
364827181005803520
364825783887339521
364822052831633408
364809186757980164
364808693876928513
364807398776516608
364797067262050304
364786983328952321
364786582865199106
364756523529932800
364747012987564032
364736822569476097
364736560396107777
364736062456729601
364735448922329089
364734930850299906
364734836595888128
364733731249995778
364733436231036930
364732972580093952
364732632480743426
364732484254052352
364732443955175424
364732114261917696
364713589690482688
364713534518607875
364695789248843776
364622277893038081
364622209605570560
364605429176741888
364605300680036354
364605175496847360
364605079057211392
364604968872853504
364604791965491201
364604647828238336
364604232797659138
364604079806222340
364603697336029184
364603521133318145
364601353542189056
364482971530977280
364482056459665408
364481664577470465
364466076375330816
364465858141491200
364465775194963968
364464931355496448
364462948133371904
364456181110419456
364454357498339328
364454147451781120
364453923052335104
364452024399962112
364448661255622656
364428310270324737
364414924787048448
364413468448796672
364393251543187456
364391406942429184
364390226698829824
364384936989425664
364377972003717120
364377175341809664
364377145994248192
364373622070472704
364369663717044224
364366163771265025
364366025178873856
364350560956194816
364350527187845120
364345146856316929
364341735045861376
364332027941617665
364330623105630208
364328736478347264
364318572048166912
364313500350300162
364309010885124096
364308402723233792
364308157478092801
364288180100403200
364265482578165761
364265469164793856
364253569135804416
364253523946385409
364253123139096576
364252701984817152
364252534447546368
364252198932582400
364252080586121216
364251869708685314
364251520009007104
364105110281916416
364104308700098561
364103007618605056
364099548039233536
364096089764270082
364095079587123200
364094717774286848
364092227485569024
364091712043356162
364091586168098820
364091558456332288
364091399169245184
364091273256247297
364091164892200960
364091041172819968
364090848620724224
364090804664401920
364090627534753792
364090331572092928
364090164122886146
364090006115069952
364089427393392643
364089374150901760
364088849820958721
364088789410390016
364088072947773440
364087688502054912
364086591045644288
364086484908781568
364086225507852288
364086108360933377
364085775274487808
364085668181315584
364085494818144257
364085434239819776
364085331202555905
364081708733173762
364057726680178688
364054496538013696
364054426480160768
364038590848065536
364038237154992128
364037512320139266
363956968400359424
363956444351053824
363956235327897600
363941480941240320
363928179729117184
363912790576074752
363912744455905280
363897283307257856
363885389632643073
363885275686383616
363885196807901184
363884631294509056
363756089763823617
363756066527395840
363749327254343680
363738441177370624
363738364039544832
363734287461666816
363725766645006336
363725752363393024
363694096281763840
363694063515889664
363694024105799680
363693988609404928
363686338698412032
363639384861835264
363627815809204224
363626002091474944
363625977013747712
363625963176730624
363625822852087808
363621986561294337
363618849402269698
363589123124109312
363588138548994048
363583614031634432
363561687938777088
363551570451247104
363535573497020417
363535395688296448
363535290243506176
363532461609062400
363406437562998785
363398483350265856
363397554492293120
363397402452951040
363395236254334976
363394908708544512
363394750142885889
363394686398259201
363394339319582721
363393791140843520
363393505722245120
363393468275900416
363393218354085888
363390370832334848
363386457940959232
363378464092852225
363321517309825025
363310159847620608
363310106462531585
363306690130624512
363305251945709569
363301446072020992
363300849507762176
363267954843979777
363266528785227776
363251737798262785
363226824022949888
363171944805306368
363171845123485696
363160999701905410
363156801304281090
363156664465108992
363151544486596608
363148782206464000
363145651292340224
363143853567516673
363135890979557377
363135606601551872
363135375105359872
363135193118281728
363132657992863744
363132550006726656
363027199865012224
363027144235958272
363027051810275330
363020400231317504
363020357600423936
363020316924059648
363012407620550656
363012406379044864
362955269409476609
362955148512862209
362954396780339200
362954305042513921
362931899305426944
362931139930894337
362923963959095296
362918204152094722
362900102953705472
362892507660955648
362872979148902402
362872940649385985
362872651108200448
362871563416125440
362870379682861056
362811528765911040
362797880903335936
362797827019128832
362797662979895297
362654403943084032
362643278983725056
362639473449762816
362636884922470400
362633166961393664
362631968430632961
362630800665092096
362630687683133440
362616879023525888
362616804029370368
362616675624951809
362614325271203840
362612692311224320
362612266941685760
362598856988430336
362586289087840257
362583059368919041
362568258857086976
362560898696626177
362559767199227907
362549910345748483
362546260709871616
362546173594185728
362523227613962241
362518696834506752
362515186944442368
362458707033980928
362452552748498945
362446751799578625
362438360976998401
362436642218328064
362436233525342209
362435993351110657
362435815806214144
362435161847115776
362428211562430464
362280973133557760
362272990961991683
362268955710193664
362268718593617920
362261979747983360
362259839868612611
362259806024773632
362237924407906306
362237846167363584
362237654089211905
362235290594705409
362219731777896448
362219717773115392
362219700417069057
362193430996193280
362193060102279169
362190946370207746
362186689348763648
362185819483684866
362185138047680512
362167726963302400
362166357992816642
362165800540442624
362165774930018305
362164126136541184
362159267878408193
362157915613831169
362109432903114753
362104137007120386
362092705498677248
362077771712823296
362071621667786752
362070994640322560
362070903397429249
362066051854372864
362066004840419329
361880704042270720
361876874529484800
361835901099323392
361834535555571712
361828291998527488
361812547717963776
361812408844558337
361809264374853632
361808974338723840
361808938099933184
361808766070554625
361808001633484800
361782273122635777
361748457062547456
361748448023814144
361730191174799360
361720236933775362
361715979631337474
361708129395810304
361707808628019200
361703655210102785
361703604966539267
361703537845088258
361703437789962241
361594329187360768
361589176602337280
361472625232453632
361471737688375296
361444641867956226
361434262299361280
361434003682766848
361422893067939840
361372876940640256
361357273165074432
361353282519695360
361352969276502016
361241751849152512
361241658848849921
361239159748300802
361238931410386944
361238287333068801
361238010815197184
361237933455446016
361236513482219520
361228736827363331
361210008165298176
361164399383285760
361163182301118464
361163163271569409
361140815344574466
361096722711195648
361062552647639040
361027155242647552
361000744029134848
360998902922608642
360982841384898560
360981316042366977
360870919440306176
360869146835169280
360867840951189504
360866242116075524
360865279699464192
360857327345217536
360838291983048704
360829998942273538
360829925210595328
360829899373686784
360829015470252032
360828148465672192
360825834921132033
360821911015534593
360821900890480640
360819564403101696
360819545000251392
360819487471185920
360788700898131969
360784164443787264
360783316573626369
360760213709656065
360754454984802304
360695276186509313
360682418782486529
360622698541490176
360619186357153794
360619057399087104
360477153059540993
360476976496119808
360476168765452288
360475067068579840
360474945807056896
360466624697991168
360463730192035840
360463390080110592
360434571952664576
360433619807903745
360432835481448449
360432557889818626
360432506169860098
360412888688623617
360399491767087104
360399452445478913
360398602734010368
360397789961789442
360397611385098242
360397424814063616
360395138901622785
360392206151983105
360385041731305472
360363690773594112
360363487370821632
360362064901971969
360356894394683394
360342188309217280
360335349043572736
360278467943731200
360267075270356992
360261849452777472
360261713490227201
360261668778942464
360261572070879232
360261056309886976
360259061675069441
360258962945355777
360258923523084290
360258901700132864
360157493361524737
360154368911216640
360154068406112257
360153933399851008
360153762834296832
360153666419818496
360150686631075840
360146962751815682
360146773802627073
360145067857559552
360142796423839745
360139929780617217
360139850789302273
360138517126459392
360120073408622593
360043123927285761
360043113953243136
360038648189681664
360037859777970176
360037123484680193
360036864561917952
360036621632020480
360036588723519488
360029786812334081
360028230813614080
360027977934831617
360014385109925889
360014306458341377
359999640252329984
359997990376701955
359996635591348224
359965130890543104
359965018076364802
359946250969288706
359941440350076929
359933717210333184
359933649665269760
359924126581919744
359923019453444096
359922919016644608
359922141103271938
359921950614753281
359921915831386112
359921896239804416
359917524852277250
359915702481731584
359911734347182081
359906155486658561
359902356374167552
359867251492528131
359867057023623168
359867002103406593
359866116820058112
359865179074330624
359863953913937921
359863484369993728
359862810949332993
359862771829047296
359861879121788928
359861793264377856
359861041678655492
359860004750245889
359859986878308353
359859654983041024
359859300300107777
359858923349622786
359858596416196609
359858563990044672
359857781337100291
359857182860259328
359857128388837376
359856936100966400
359856579090190337
359856414480539648
359855726514016256
359853302277607425
359849819772166144
359849523884994561
359849296796987393
359849031360446464
359848989664874497
359848942353133568
359848374020739073
359848244190257153
359848208903581697
359846570713296896
359846372146552832
359846095083421697
359843350632857601
359840173913149440
359839885105958912
359838496980074496
359837887375753218
359837599591968768
359834806240018432
359826611043975169
359815359936729089
359798435144151041
359798411098193921
359784867346644992
359783918418923521
359781857937723392
359780156732219392
359777584143273984
359761589383081985
359761382503223296
359757768481181697
359725184850202626
359703086643691521
359694515340185600
359694252046950401
359693174316351488
359679912988254208
359679690971168768
359679144038109187
359679066808389633
359679060869251073
359676567514923008
359676485872787458
359499493424627714
359495618512687104
359462478318534656
359461848577351680
359457642755801089
359457129943408641
359426515626655744
359422819488104448
359422647773298688
359416579408134145
359390296196390912
359389482027454464
359356546783776768
359353680253812737
359328477121495041
359327901893668865
359323430765608960
359322361834651648
359322347041341442
359318821166776322
359318802057543681
359318778447802370
359318713603862528
359317224693047297
359314457472040960
359314240462524416
359312911379865601
359306051662786560
359301430953246720
359301288510496768
359292021283885056
359286377050935296
359286319249244161
359120460249702401
359120328804413441
359119175723139072
359102758386802689
359102409827565569
359101476641447936
359094707785187329
359086684652048386
359061382215376896
359061377165443072
359061370991423488
359047437840695297
359007806252265473
359003533065990145
359003325556994048
359002992931909632
359002805974999043
359002437618647040
359001696594173953
358999961687425025
358998518557442048
358987833240858624
358987758091513859
358987692761022465
358844763417489408
358843173675610114
358839627383582720
358839179968397312
358802287331778564
358800836224237568
358799758510399490
358798611095617537
358798410041667584
358791536303026177
358789564812759040
358783029478555648
358780483682836480
358780409393324033
358780098092089344
358779286662021121
358776309888983040
358772505126768640
358768368154705920
358765579454267392
358763445228797953
358718937510330368
358718872473444354
358645136689229824
358639022542823428
358623301532258304
358622669475823616
358622391250857984
358622184064811008
358620525888675840
358620304014188544
358619991912230912
358618165657350147
358618142223769600
358618111060099072
358595928799723520
358595502289330177
358592887778320386
358583390699663360
358575664074469378
358570117682053120
358464004642967554
358463215539208193
358462984500154370
358462116023373824
358461816055144448
358461610873978880
358461509329879042
358461317503385600
358461255993917440
358460217572327424
358443210151968768
358412196818468864
358411470465286145
358411338843824128
358411210074492928
358410041935671296
358409976806514689
358409897169268737
358359383681409024
358351958198853632
358347749307068418
358346488096636929
358290509736841217
358290447854080000
358290430992986115
358287700228444161
358286774021267456
358285679291154434
358283903351525376
358270424523603968
358268003701366784
358258308462821381
358246249108996097
358246165927571457
358222868397559809
358214864021372929
358211989203464192
358208404046610433
358187229656522753
358087862144602113
358087629977292802
358087588650815490
358086731272167425
358086677434077184
358083437984358400
358081230215979009
358081112998158336
358080990817681408
358080903811043328
358080811892867073
358080695723241473
358080544975753216
358075773514547201
358074833868828673
358071723536556034
358066742657953792
358061619546292225
358061400276475906
358060825421938690
357987891651166209
357963631457087488
357918357342781440
357912572483215360
357912172912844800
357911434862137344
357904288619573248
357902324452179969
357897762722942977
357893880705847297
357892831639126016
357884239737393152
357843750149558273
357841615500484609
357839639316406272
357839048250888192
357837486220775424
357828515632136193
357722148455972864
357718138449707010
357718029712359424
357700423949365249
357656396013121537
357656306036903936
357655985176846337
357637369580617728
357637068840636416
357636119690608641
357628791641735171
357616912336822274
357616855998930944
357616775019499522
357616404985421825
357577148594266112
357573709776683009
357567905371652096
357559563916025856
357558103870418944
357557413404094465
357557004711100417
357544525109018624
357543702253670401
357533160520695809
357532458633273345
357521632518086657
357489916617302016
357488981056819201
357486888233345024
357486595340898304
357478863644803072
357477636953481217
357475778109251584
357470526404440064
357468418569535488
357468368833482753
357362957660864512
357355304435974145
357355266699821058
357342605496946688
357342512161107970
357298118359920640
357270351517982721
357263086937313280
357262922516402177
357261135738712064
357257015946518529
357254979037298688
357204228218949633
357203587941675008
357196979081707520
357188433942298625
357188177041174528
357188122783657984
357187978847731712
357183196145790976
357177793487970305
357175703822811136
357159021783949313
357147399510171648
357127420970680321
357120456907702274
357119984348041218
357066627679916033
357061350188519426
357061089772580865
357060981588897792
357060768727973890
356989218347687937
356985122609827840
356977441933234176
356977379941421056
356977298555150337
356910221232308224
356909855866503168
356891913607053313
356879853485694976
356878353891987456
356841782044143616
356834835223941121
356834758036172800
356831639793438720
356828747770511360
356828552898940928
356826925949390849
356824104814383104
356823976758099970
356795506636234753
356783823175950338
356782950504869889
356782772720910336
356782679112429570
356781169251069952
356779954794545154
356779796757360640
356779586568204290
356777817851179009
356771657802715136
356752058520567808
356687453626699777
356512095187107840
356470603450040320
356411859919831040
356394725063921665
356394624832651264
356384879480553472
356381746863935489
356370431126679552
356370392081907713
356246515397824512
356245787644145664
356219747920117762
356184226699284480
356126401780400128
356126007142514688
356125939584860160
356092168894554112
356091848130961408
356090074624036867
356073526798712832
356073408582258688
356051005177212928
355978300578996224
355969066181214210
355968474834673665
355963466076536833
355921094626123779
355920059509641217
355919947685306368
355905991285538816
355905952475652096
355732164194738177
355687937381384193
355675012348395520
355665169990430721
355645757367394304
355637014718193664
355578255950094337
355578224463450112
355568565966995458
355559925553963009
355546454309347329
355544654369923072
355542077695729664
355541774346883073
355541703609942019
355541645460111360
355541425397579776
