398169656865079296
398160332025503744
398149934345887745
398145842592641024
398145482876542976
398143631611408384
398135901437833216
398085974531395584
398062109592129536
398061871670235137
398060253943984128
398060187812376576
398058601291726848
398029628478349312
398028936632086528
398028751025766400
398020984034557952
398010972428046336
398010253058789376
398009881418272769
398009522411016192
398008344675635200
398002481885884416
398001661505200128
397999537287335936
397999029772374016
397998751325114368
397998315553718272
397993866802237440
397987369380741120
397969990680576001
397969847860346880
397969446608056320
397864653016932352
397853018156445696
397850761675415552
397850050589917184
397847524876517376
397847373692805121
397843445194436608
397801244934541312
397785072776273920
397774429633380352
397774377514971136
397772286591500288
397751873127862272
397751023445753856
397750905766158336
397750712182263808
397748605509201920
397735393850036224
397724343834533888
397723797455118336
397666310144147456
397666232255913984
397665923139928064
397647027468648448
397646928873132032
397646684710117376
397646646864916480
397646613566341120
397644949727875072
397641872169910272
397641725805469697
397641478291210240
397631127776542720
397625843670736896
397619133443239936
397475077492842496
397459611042979840
397459369480425472
397441201164783616
397397038994051072
397385872695238656
397370990008598530
397363151856889858
397359369668395008
397349483228696576
397348913650610176
397347586279215104
397347460122963968
397347386638745600
397345537282043904
397345085064753154
397340947111235584
397297349028229120
397296900074123264
397293807026585600
397293708821159936
397293103331409920
397292335375347712
397292069372182529
397291629675311104
397291370852782080
397289917082247168
397289228637589504
397289194210742272
397255859681894400
397253693521002496
397094815378448384
397070203194191872
397069339809316864
397068721443053569
397067874952810496
397067812751294464
397030916469846016
397029375625150464
397028213949739008
397027872189448192
397027629691580416
397027128342245376
397026017791188992
397025924589572096
397023072664170496
397023046038740992
397021981725687808
397021142093156352
397020249377505280
397020090958626816
397004951614144512
397004807921491968
397003459175940096
397003222340370432
397001849913741313
397001687011180544
397000760472637440
397000149660364801
396999544275496961
396925824043352064
396925358467207168
396801362203516928
396799964149719040
396799306180857856
396798895927599104
396797907393069056
396797357377191936
396795503297691648
396795418887327744
396794564918669312
396794455917092864
396783932525805568
396783685963636736
396775834381729793
396751166002192384
396751104199098368
396736000539762689
396721017454092288
396719191950393344
396704992671064064
396701374194253824
396699588859801601
396697251902652416
396696301787951104
396695840037027840
396673471725715456
396645628417409025
396644840186052608
396644110960181248
396637623487578112
396633426541182977
396630563563798528
396628949696282624
396624324440113152
396618868070027264
396618527219908608
396614487287275520
396608010036187136
396605277187108864
396601643669917696
396601490313596928
396596564346822656
396594587332272128
396587534329073664
396587010808614912
396580664944115712
396577079351066624
396576969133137920
396576539300855808
396576431406583808
396576044758888448
396498830197555200
396380945559068672
396346512240029696
396346235176906752
396287220086493184
396279854909620224
396279506723667968
396276015401824256
396275396158976000
396265422179549184
396265269095432192
396264847484395520
396212257127800832
396210961683464192
396207731872247808
396205938728001536
396199751257169920
396189245896802304
396186560854360064
396185614808129536
396178328820154368
396175824736768000
396169368557862912
396058667524833281
396054970275201024
396054827530461184
396054665349320704
396052283299217408
395997399573069824
395973245541044224
395970921741451264
395970708486242304
395965758226067456
395961480891617280
395961422645313537
395961373735538688
395959677076643840
395956264921886720
395955327436218368
395955275418460160
395945579777650688
395945497648955392
395944763759001600
395944718611546112
395942637058142208
395939210685063168
395895242295349248
395894468043603968
395891791926669313
395885680297246720
395881551957073920
395880983830212608
395878798694309888
395878426646966272
395878336125501441
395873831040319488
395873164632522752
395870574679171072
395868961717633024
395868703759536128
395862931952631808
395862836758724609
395860173056905216
395857403469893632
395857054768041984
395855079322169345
395850372461658113
395850087718723584
395849852447625216
395849783954657280
395849461555269632
395849043387363328
395847158693650432
395846886294577152
395846508266139648
395846400296353792
395846177956306944
395845948712431616
395844934470610944
395843012632129536
395842960413036544
395842877412356097
395842318374158336
395842178624126976
395841790462275584
395831320862937088
395828453892558848
395826606540730369
395826082294669312
395825410748870656
395824820060815360
395824497464311808
395820511839526912
395818518777970688
395817978153144320
395817591044059136
395813419305422848
395807936574140416
395807738699464704
395806659161108481
395679531715276801
395674685620645889
395672870858522624
395669153321066496
395669082466693120
395667204311879680
395667113232596992
395626314369335296
395618508002062336
395473433527857152
395444704554549249
395337843557412864
395277791727738880
395277756592029696
395262826644013056
395246402747772928
395226655746437120
395217451585372160
395215953661014016
395208613280890880
395205007072845825
395182904223207424
395176661681209344
395169359431073793
395160829525770240
395160687405965312
395150608644460544
395141644053676032
395141434413957120
395136947129434112
395124138626785281
395124040912084992
395118649889259520
395118563788615680
395110348153708544
395109934381420544
395106166092484608
395092549993365504
395083407971348480
395083048674676736
395082342811070464
395081159207817216
395081017222238208
395080056378503168
395079125465333760
395069342855204864
394963992927813632
394960906343313408
394960840832462848
394956981116866560
394956533261676544
394951697946402816
394951332211462144
394919753598660608
394917851976695809
394916365423116288
394914426887110656
394914415147225088
394914243679891456
394913847729225728
394913574113775616
394913475727986689
394913264150528000
394911233251762176
394910797773930496
394907424458813441
394907249216589824
394907104521502722
394902387783393280
394901473953579008
394900967176409089
394900707545206784
394900023559094272
394899983972835328
394899892507664384
394898906884341760
394888802193641472
394880702325731328
394880494984519681
394880105291739136
394848811408838657
394848243122597888
394846470777491456
394846245769859072
394845407047458816
394838225350434817
394837048973996032
394836983941300224
394835705756528641
394835589280698368
394835302096711680
394833197009477632
394797884001890305
394790018406821889
394789612029083648
394781401360236544
394764932056883200
394759965724135424
394756364117237760
394756251185598464
394754257272193024
394751046813511680
394749918658985984
394749630044729344
394748821294809088
394748599953010688
394748363465560064
394747726925418496
394747597271101440
394747276079685632
394747228302352384
394737994567286784
394737343149903872
394737135510880256
394736923631427584
394734254003077120
394730514147729408
394726904009592832
394724212361154560
394723752908697600
394723553717026816
394721695250272256
394721571388272640
394718351530135552
394718090447302656
394717707347968000
394591562220711936
394591461607743488
394577102944874496
394570722817101824
394569542623428608
394563714390962177
394563147149090816
394562057141780482
394555572370305024
394544916174761984
394544771399950336
394542676454170625
394524127564161024
394523671660089344
394513268091678720
394512399321288704
394510847835668480
394508677920854016
394505574077186048
394496899929354240
394493058836099073
394492678601469952
394490981477015552
394489227192594432
394471053721751553
394471021215883264
394457749695655937
394457067005542400
394456506277445632
394456347749527552
394456086125617152
394455198661222400
394443327678218242
394443079920664576
394443034353741824
394431969125482496
394431306006036480
394430833031139328
394430443371913216
394415653895294976
394414872865550337
394414631105871872
394413541861916672
394410341683462145
394409824488017922
394409665385492480
394409578827616256
394409021459165185
394408909643214848
394408746623201280
394402591733743617
394399578784817152
394398553982136320
394398412738940928
394391359828033536
394391071624802304
394389452074024960
394380104539070464
394380075673874432
394271041264300032
394267643492179968
394256266400628736
394256176424452097
394242570907570176
394241895146471425
394204806535204864
394201251229229056
394194474769055744
394181958504546304
394181446757548032
394146830516498432
394141553213837312
394134137504006144
394125687227158528
394125292446691328
394125199643533312
394098316176527360
394095939012788224
394089691815112704
394087064872165376
394086220277747712
394075518150377472
394067817106243584
394064740466819072
394063929468801024
394059057981816832
394058688681766912
394057482278289408
394054122191982592
394053796919521280
394053568753582080
394036422111657984
394035353797283841
394027747577970688
393865254641614849
393863283780096000
393863167971184640
393839317598371841
393838786758852608
393838719830327296
393792697921966080
393792663767744512
393790345269760000
393784417325678592
393784392260542464
393784324002430976
393777381993099264
393775507537678338
393743387737985025
393742828268179456
393701461487407104
393634420923449344
393625359104880640
393625010889560064
393624815921553408
393624482637946880
393624370394177536
393623560759296000
393623413497270272
393511717491441664
393511272920383488
393506563941756929
393505048216748032
393504463211614208
393504349034663936
393503902790086656
393494647030710272
393453776671358978
393453019519803392
393432755004272640
393432392356335616
393409996438130688
393409363303751680
393408902337150976
393406333535277056
393367499150196736
393360294405480448
393359886928859136
393349163045638145
393348844605685760
393348290852700161
393335754451349504
393335320403779584
393334674166403072
393334388278439936
393334130601361408
393334007775395840
393333174979530752
393333039763566592
393331122685628416
393331040540180480
393330201863938048
393330149883932672
393329760249868288
393328112685305857
393327804072599552
393327700506865664
393327603127705600
393327422336401408
393325952081862656
393325754022633472
393325415122882560
393324941091024896
393324452924383232
393324103941513216
393321554278612992
393279050258841600
393278761468059648
393278656107130880
393278587190513664
393274859091808256
393274634537140224
393269977320792064
393241295743111168
393105504308056064
393078005913755648
393077688803409920
393048411093860352
393043043340664832
393042747642638336
393042510542815232
393042013400350720
393036937097134080
393034447932915712
393008675314761728
393005701481922560
393005038295334913
393004950185607168
392994405424304128
392992268426424320
392985130706694144
392984134299447296
392983827607736321
392983669876723712
392983116832579584
392981122923372544
392980455286669312
392980204215623681
392940044207800320
392939956857241600
392938161342382080
392936939168337920
392935151191064576
392935066797486080
392933921807024130
392932075524739072
392931943240572928
392929747652468736
392917494929047552
392917303631048704
392917275906686976
392917224190935040
392917138878787584
392917059996516352
392913142621425664
392903116322267137
392902923635949568
392902462732267520
392803651506667520
392803467724881920
392803201520783360
392802725609889792
392802240760913920
392801874237456385
392800125174960129
392791279798865921
392790266404683777
392790138746830849
392789971817758721
392789777231388672
392704573473030144
392700858204708864
392686842254229504
392685971961290752
392666562060374016
392666482402144257
392666078176100352
392658752047833088
392657976861134849
392655674481467393
392654785381269505
392640739047247872
392638756764676097
392637923142545408
392637798059999233
392636923467939840
392636283220021248
392636038985707522
392634409163038720
392629710188187648
392626257948839936
392623480463958016
392622800277872640
392621462844354560
392621074791534592
392618583274307584
392617894485692416
392615264858423296
392584336870223873
392584266796003328
392583815849594880
392579814890418176
392579719809728512
392579614453039104
392561760190087168
392561571802939392
392548575155986435
392547832520908800
392538513339867136
392536894669860864
392533442426322944
392520003112931328
392413783467245569
392398706185891841
392391234071044096
392387259443736578
392387070226100224
392385630610935808
392385534603317248
392383669262118912
392383617797992448
392382820662149120
392382702969974784
392382014458187776
392376687012642816
392375053687730177
392374976109871104
392374922821271552
392374848611442689
392374797180895232
392374748413702144
392374572273901568
392374402677239808
392373394626609152
392372271488450560
392371910476304384
392371564253310976
392370516528750592
392370402238152704
392369294837047296
392367905406717952
392367692403179520
392367598769541120
392364836270923776
392363948651331584
392359506237489152
392358553308385280
392358550942785536
392358422878097408
392356647391490048
392353636304822272
392353518218407936
392353264060366848
392352104222040064
392350956035522560
392350400504147968
392350251048517632
392349005868720128
392329240492138496
392325769567166464
392311738533556224
392306453114912769
392300480594186240
392298806236049408
392286922816512000
392286810417549314
392279486940844032
392277571091824640
392263854279098368
392259594573316096
392234532444708864
392230726621745152
392209929358295040
392209849347739648
392209663217115136
392209651439509504
392209569503772672
392207278625263616
392206421217251328
392206279651127297
392204471948017664
392204351034626048
392204299113353216
392203994606882816
392203948482121728
392203592033398784
392203470222409728
392203048820686848
392202789918900224
392201720585285632
392194589094080512
392182417228042240
391999605514461184
391998656301514752
391998534100459521
391990699941720064
391990414326390784
391990374635671552
391990076387115009
391984156529684480
391929980491681792
391929738111229952
391927995935756288
391926437315608576
391926252334231552
391925793678696448
391924723111960576
391898645614043136
391870978739146752
391863576828588033
391705013581778944
391689624684617729
391687462306996224
391585660743983105
391585329867943936
391584550452985856
391584505435521024
391580530799812608
391579340552814592
391576635243503616
391557251905118209
391555481892040704
391537455033499648
391534018115952640
391529623462612992
391529012897800193
391526826092548096
391507936817971200
391507290232463360
391505932389457920
391505016416374784
391504684252692480
391504278369886209
391349406219632640
391319288948477953
391316063977496576
391315673886253058
391315340887879681
391315280108191744
391315236697153536
391315052747558912
391313872369745920
391275228124704768
391273821166395392
391263873434939392
391259013373235200
391258388757487616
391245160568606720
391244578688630784
391244249884549120
391240568845905920
391240123205292033
391239029414694913
391238784643506176
391238317653893120
391235638823251968
391235133850009600
391232313272860672
391232239927046145
391211587547439104
391205158895775744
391204254079545344
391201023051968512
391199823023861760
391199256738275328
391199157438148608
391173360446500864
391168385557745664
391168371653619712
391168224424771584
391149338053062656
391140987978137600
391140766405636097
391132684665098241
391124055962972160
391123725556281344
391121071770185728
391108577211199488
391095360615358464
391094961414094848
391093827790196736
390969093354184704
390968681045700608
390962759921582080
390961687207362561
390897729443856384
390897706123534336
390895538817613824
390881722122113024
390879061305991168
390771277331324928
390754272398176256
390753322325389312
390753108231352321
390752494592094208
390752404846559232
390751375069433856
390745694794838016
390745610103427072
390745145370365952
390745038759936000
390744916839923712
390713906177392641
390704705841942528
390703291405205504
390701884748873728
390687049658798080
390681755729936384
390679681391165440
390678899098927104
390678618067980289
390678359648534528
390675818311319553
390645260965007360
390643300366942209
390643143248322561
390642631249653760
390642199735451648
390642152163663872
390641750823280640
390641431091507201
390641246051389440
390641106523672576
390640875321040896
390640540456206336
390640354438811648
390639730838102016
390639710604767232
390639431180234752
390639358648131584
390638664633434112
390638392825741312
390638097932644352
390637926540791808
390637581500555264
390635930811244544
390635265909223424
390635010945859584
390634556702724096
390634401249259520
390634349176967168
390632932634685440
390632260698796032
390632114049122304
390630185445253120
390629379014795264
390625778162860032
390625431482675200
390618206479458304
390617809610235904
390614275758096384
390614235476021249
390611239140724736
390608595265413120
390607307538587648
390606543923597312
390605262102360064
390604887362248704
390601774299504640
390599587473268736
390598298391703552
390598217336778752
390598036935565312
390597676045070336
390593981601435648
390593253617061888
390593113422446592
390583946041233408
390583878936571904
390563655042883584
390563479007920129
390562273527615488
390557605464383488
390555295891464192
390554457760493568
390554369810112512
390551119073918976
390530107422412800
390529106040745984
390528107825741825
390519465625939969
390518860815667200
390518398431424512
390518172471660544
390516917116485632
390516738497839105
390511862824972288
390510757453914112
390510711673061377
390481142354157569
390471816390516737
390471642159120385
390471569044041728
390471419751985152
390471292673339394
390350251774980096
390349799993532416
390346368700534784
390345556851044352
390333195537100801
390329097374924800
390328332661035008
390326545623289856
390325705839742976
390324598262493184
390324094698131456
390323653436403713
390323180314718208
390323046629662721
390313704501178368
390309881078902785
390286760690712576
390272864424697856
390271644888879104
390268803667337218
390268065444659200
390267022866522112
390265926806827008
390263977457889280
390263223129083904
390262720320126976
390259656074870785
390259585295990784
390259433227292672
390254381464948736
390244213213786112
390243925878779904
390242696582819840
390242623853563904
390242265811017729
390242045404540928
390241663085338625
390240703785078784
390240478467080193
390240306630639616
390240083418165248
390239492100980737
390238383152193536
390236869180407808
390236411204366336
390235903861329920
390234963204775936
390232622812508160
390232133878288384
390230658468954113
390229952240447488
390229471095054336
390228918189301760
390228792649601024
390225017037799424
390224365079379970
390223225457635328
390222923568398336
390216253538701312
390216108805865473
390215556915154946
390214106487087104
390207088325976065
390206954062106624
390205675160100864
390205648379445248
390204745454858241
390198759054782464
390196117133987840
390193667949871104
390192554399920129
390191718483501056
390188576165474304
390188390571704320
390185988166676481
390185524805124096
390183313945542656
390182877939240960
390182690621636609
390178955631656960
390178476042375168
390178206772244480
390168946952781824
390168781323898880
390168581687607296
390168216712269824
390167591194333184
390164548012879872
390164521735581696
390164381394161664
390164146928369665
390163174491578368
390163022066376704
390161431473057792
390160335350816768
390140809875443712
390140783656841216
390134670840434688
390133902548824064
390132623076380672
390122360163942400
390114846437425152
390112933276950528
390112852083630080
390112837269323776
390112614715367426
390111062604791809
390111008582152192
390108187040301056
390104548317995008
390104413856989184
390103638271467522
390103431903326209
390102798169153536
390102246387494912
390101924336250880
390100070793629696
390099250433896450
390085442810310657
390084254001946624
390082018454671360
390037331052212224
389984967423315968
389984099336613888
389983900627243008
389982886499086336
389978718220718080
389978487060058112
389978419787612160
389978066094530560
389917555550212099
389917406610460673
389912898937430016
389909205198462976
389909092644319232
389901201820512256
389886868608663552
389883251487039488
389882921323999232
389882397589647360
389882285228433408
389862565787881472
389858369353564160
389858266677014528
389854533788377089
389852881270349825
389851289192255488
389848993368670208
389844691178774528
389830594404048896
389814850182213632
389785262420529152
389785244506660865
389751643907969024
389745177406865409
389745059534360576
389740888982708224
389737936154931200
389737318040367104
389737234846326785
389735527907205120
389735331135623168
389590684123942913
389577412813414400
389574880447823872
389530034337107968
389528553668096000
389528498139697152
389520813415624704
389495802822799361
389475560851664896
389474773224665088
389472845778018304
389471733331525632
389455069638172672
389454619018948608
389440778281287680
389437673427173376
389431297170350080
389424113195831296
389413844000337920
389409679542976512
389404342345674752
389404165799022595
389402766868631552
389401763259772928
389401692296314880
389401655986229249
389401590634782723
389401376045821952
389401318009221120
389393323657412608
389393295693991936
389392562689019905
389392359013634050
389391470710366209
389390506146275328
389381157063639040
389377538981494784
389377210156474368
389376825782054912
389312854542651392
389312708618641408
389311115030573057
389306672159535104
389298591065329665
389293460039024641
389292007098556416
389291826370203649
389290316622090240
389288469324771328
389288356212797440
389288046354370560
389287346778030080
389273809406013441
389267704177500160
389259478240985088
389254148849287168
389200352383217665
389200145947963392
389182794821545984
389168541502431232
389164699926794240
389154509718429696
389154467121098752
389154361072287744
389150224079269888
389149866078650369
389146278682050560
389144861536178176
389065651098107905
389059576571494400
389057882999631872
389057778804748288
389039955671928833
389039506361290753
389039453013950464
389039400748736513
389039376455303168
389039333182672896
389039152789868545
389038903895658498
389038820743577602
389037381732818944
388916084495384576
388908471753900032
388908273656930304
388894571218104320
388879216907157504
388878039108816896
388780280783577088
388780219588698112
388714871548035072
388700628111069184
388680633347624960
388674455083315200
388657509063344128
388657215667593217
388648271474077696
388601071759011840
388583501848915968
388583477987508224
388566074628640768
388565663981133824
388565550860750848
388559716625833984
388554453118623744
388553952431980544
388553000903782400
388411596273647616
388394889190596608
388394645610573824
388394035154804736
388376680810962944
388374753947688960
388373624606191617
388362003506790401
388336861636460544
388332509525983232
388331909019074560
388331459398103042
388330902914625536
388325594880307200
388322854321655808
388314920405581825
388313134861398016
388312320218497025
388312216736628736
388305760427724801
388305654957752320
388304591655534592
388303860135362560
388296098114449408
388294241077952512
388294134202904576
388294053751971841
388289467393773568
388289433302495232
388289351115112448
388289309121732608
388289271809196032
388289235922743296
388289210555572224
388289017621807104
388288504272539649
388288406318768129
388288337846763520
388284528542089216
388282015059279872
388280826104119296
388279021454516224
388276740344520704
388272804309008384
388272445662437377
388271624447070208
388270082528641024
388267573797990400
388267518261223425
388266715806978048
388265402213892096
388246797069844480
388246754707382272
388245283941130240
388244082960912384
388243873166016512
388239691000315904
388236059626438656
388235680247447552
388235507848990720
388234929555111936
388232194646605824
388231479450685440
388231323120574464
388231305147990016
388230955900882944
388230396670132224
388227914413928448
388226210033315840
388216197860581376
388215253290323968
388212846888099841
388210042442633216
388203558203842560
388203545465737216
388202739991609344
388194168230907904
388191226966839296
388189392738996224
388173829379727360
388172359947284480
388166297949061120
388162000041549824
388161287941009408
388160748272500737
388076025256898560
388075776475934720
388064794185854976
388060341479178240
388059061562126337
388058866476658688
388058189255950336
388056266830274560
388055999514693632
388055404212932608
388055283345653760
388054937558847488
388054463761887233
388053515266166784
388053471175667712
388053300782071808
388053203889446912
388052977975824385
388051836978339840
388050115245907968
388042167408922624
388003462723932160
388003156942393344
387998934565941248
387998890500562944
387996806828675072
387987992263929856
387975438095482880
387972239712612352
387971913987158016
387969395621756928
387967563314900992
387967522164596736
387958853041946625
387958702910615552
387958634971279360
387956230024867840
387953930967072768
387928367002943488
387928266566533120
387873747254124544
387873057781870592
387862949102387200
387853491269804032
387853301112664064
387851264723521536
387850404832485376
387849534816006144
387842597835636737
387836141262479360
387830042904260608
387828781240836097
387675623818539008
387661501106237442
387660623041265664
387659750345039872
387659514167963648
387659041214066688
387658873651613696
387658481136041984
387657155530457088
387656327704895488
387655262527848448
387653557799124993
387607626630299648
387591079551598592
387566399683428352
387527356593610752
387518000515252224
387511554830499840
387496878352650240
387487612044578816
387481312484786176
387477442065358848
387471502003945472
387471469481295872
387467244076146688
387461875991994368
387460933754179585
387459579245645824
387455629717016576
387455481012580352
387451344174735360
387450938656833536
387450559844065280
387450006917373952
387335623075717120
387335606340444160
387324053041979392
387293148835504129
387273761592213504
387273256455372800
387272097430798336
387271240932921344
387268656394416128
387241110273556480
387241057874087936
387240100511629312
387240066395148288
387239527527743488
387208114027520000
387156533148401664
387155181563289600
387128304295084032
387121562174128128
387089017659211776
386938554871320576
386913731462324224
386908523546021888
386906570443223041
386903578868482048
386903188965949440
386887147992932352
386871135033655296
386860529438162944
386856645089062912
386855589990907904
386850888675258368
386850619606433793
386850561485975552
386830430777147392
386818540063297537
386809401325416448
386799265722691584
386792388003627008
386785749649334272
386785534133407744
386785144650366976
386783945758867456
386783548906405888
386782922688442368
386757263962030081
386726877941215232
386558286629462016
386552756015992832
386551515709980672
386543782231285761
386534642150834176
386533636402847744
386525864764375040
386520734526607360
386516084020752384
386512976918085633
386511576624549888
386502499366354944
386502372908085248
386500747678203904
386499805041922048
386496734794645505
386495178451988481
386494387519500288
386494331194183680
386494143461335041
386493261961236480
386492644312252416
386492486392483840
386429809116872704
386429561753575424
386428727670083584
386428479589580800
386427274972917760
386427059247251456
386426673455198209
386421103037788160
386420880592867328
386417505541312512
386417257733435392
386416373385396224
386415511070081024
386415412965285888
386415282103001088
386414894696116224
386412271637127168
386411023118643200
386407762932289536
386397160931356672
386396396720775168
386395837108346880
386394920678084608
386391801562943489
386388004719579136
386386983217799168
386386843023183872
386374110240342016
386374076199350272
386200520438071296
386182959533150208
386182732080226304
386178788104867840
386177530971316224
386150805684125696
386149772266328064
386097876994383872
386097729149362176
386097500060667904
386097310587191296
386097096258252800
386096851239575552
386096685799464960
386095738549469184
386095195101884416
386095110502772736
386095057629376512
386094904797315072
386094795602817024
386094736811253760
386094675645714432
386094631513247744
386094472171630592
386093847602032640
386093460601982976
386092974696046592
386092693396684800
386092292790308864
386092033037053952
386089812773834752
386089526105755649
386088930871095296
386082286510567424
386080652413915136
386080189111074816
386079868435595264
386079784767594496
386075143430500352
386063604682092544
386063392274137088
386061118076354560
386059794446303233
386059492208963585
386042691525816320
386042351774609408
386040536639209472
386040415876825088
386034714236051456
386034570077822976
386034477253681152
386034321028431872
386026743305629696
386025882194018304
386025221364666368
386025180474392576
386024396395388928
386024272432726016
386024058665857024
386023501523873792
386023389582090240
386023290135142400
386023029496905728
386022908512198656
386022626155823104
386022539707027456
386022413433315328
386022297460801537
386022112823353344
386021493584715776
386020857761792000
386020579545202688
386006159137984512
385903231626665984
385900229079625728
385895442015219712
385894915877519360
385894874983063552
385894391182655488
385893954224279552
385874244799709185
385873266381824001
385870358785454080
385868076291354624
385867291595771904
385867149803139072
385865946029494273
385864635405959168
385857918165590016
385834908960423936
385833142764187649
385833100246515712
385831640553259008
385830719010140160
385830241849344000
385828815723065344
385828643433615360
385800637310836736
385800223949619200
385797214884626432
385773486045925376
385765759592693760
385751838743879680
385750442279710720
385746722091466752
385746338874667008
385746296277303296
385745540031709184
385745354177904640
385744851008258049
385743832958382080
385741691459993600
385741106371375104
385734831210246144
385734247614775296
385730546636038144
385709501933817856
385709468576518144
385709369045708801
385706591938285568
385705409144573954
385703830161088513
385701674485964800
385700057883738112
385697314565672960
385693718004502528
385693040192409600
385692930792386561
385692849120899073
385689544697602048
385689320667226112
385684800746819584
385681125110452224
385679176956932097
385678858466643968
385675276199682048
385650546008272896
385650337362636800
385650080616697856
385649477962321920
385648905402068992
385648691366735872
385624019040362497
385517221403172865
385516201092190208
385516064085258240
385514560867663872
385503840767709184
385485844255354881
385460225748504576
385460202881163264
385459345036963841
385446483631550465
385444767146196992
385441977774649344
385441892168912896
385400816540319745
385387600124473344
385382572097675264
385377162590572545
385375970791653376
385375271253078016
385375035331862528
385341977333874688
385308471048306688
385307030485217280
385306535574118400
385306409757573121
385305606988783616
385305502470901760
385305400310239232
385304234721570816
385302595566575616
385302319237459968
385288060948463616
385168990467018752
385167238158110720
385165963932745728
385165481432588288
385164639166009344
385164200152428544
385163926688002049
385163769628065792
385163677017841664
385163431328104448
385163252797566977
385160600579751936
385160097657536512
385159794270928896
385158648538103808
385156731267190785
385156108899598337
385155967564124160
385155626848251904
385155584431251456
385155488809504768
385155465891815424
385155326695473153
385145758884061184
385145605435424768
385145513810878465
385144081623826432
385143536062320641
385143515044655104
385143406852591616
385143241034977280
385102962454192128
385102549185204224
385101858236563456
385100202421813248
385098358614163456
385098214405586944
385096627788468224
385095629422473216
385095450480873472
385094597145542657
385090389197479936
385086356357386240
385085061286342656
384988131738783744
384985018306924544
384984842938908672
384983940643434496
384983425897463808
384982948367564801
384982037918404608
384978137689620480
384976358642036736
384949068515905536
384948890551590912
384948609617113088
384925498734051328
384920112308178944
384920093698048000
384919881621454848
384915376343355392
384910372979089408
384909513213870080
384813657231605760
384813542353801218
384813502562443265
384813364494360576
384810866832461825
384806714588942336
384806475903692800
384806151604293632
384805263280070657
384803817767718912
384802171289468928
384801499240357888
384800806303563776
384800709822001152
384800601885773824
384800091871002625
384797076137050112
384793167200940032
384789322492157952
384788332158660608
384788080533970944
384788041426300928
384787447680626688
384751202258665472
384744989005467648
384715157710319616
384714099927838720
384705664938811392
384695976767655936
384694382143610880
384694188932988928
384693944618975232
384693745364385793
384693657556635649
384693538132197376
384693482859675648
384693446818013184
384692405770792960
384682752085204993
384681976738762753
384681907922808832
384679049588506624
384669664363560960
384626234430222336
384616877583917056
384616341149208577
384616150786527232
384615788629356544
384613269622640640
384613049019023360
384605498202284033
384600239421652992
384595530593992704
384594688767848448
384592650243805184
384588738342703104
384587235439693824
384581608738533376
384579327523704832
384569800837443584
384568190572851201
384568104656715776
384568053079371776
384566532891627520
384566422682103808
384566069425225728
384565963720388609
384565886352232450
384565011693060096
384562335706124288
384559085141901313
384558898386321408
384558570341425152
384558362329100288
384558240669118464
384558020392673280
384557497258102784
384554490470612992
384423400338620416
384399157722902528
384398483849236480
384395395323158528
384394418863996928
384394252434014208
384393516107190272
384393453607849984
384392123480809472
384392035559821312
384388852896792576
384388241572761600
384387485163585537
384387011362435072
384386599284662272
384386382871134208
384371073548320768
384370943856234496
384273343471681536
384272836984336384
384272184925237248
384272060824182784
384258100473372672
384251528162574336
384249287087259648
384249224197844992
384191599963828224
384190753796534272
384190466583171072
384184048668930048
384183781227507712
384181124035268608
384176384387862528
384174762442100736
383962451919650816
383962102504763394
383961190902153220
383955880649048064
383940349791465472
383929330390142976
383925450256289793
383915421855805440
383913394136289282
383911567483342848
383901561094545408
383895722388512768
383894053709815808
383870785372160000
383870673359106048
383869470357204993
383867338686095360
383864196129361920
383740604670177280
383736192182673409
383736044849336320
383735152603455489
383734544051875840
383734441606017025
383733849282195456
383733815341883392
383733458838630400
383733132521791489
383732757957844992
383732531234742272
383729575219318784
383728331918561280
383727819567546369
383725736260956160
383719761529409536
383719712930025472
383719681162346496
383715899519164416
383715518173442048
383704317946904577
383702210141356033
383702086883352576
383701890443141120
383626740859273217
383616130633314305
383613217143922688
383610372319477761
383609704506617859
383607111512387584
383581204236099585
383581044760252416
383580588596154368
383579881948184576
383579081104580608
383574250885357568
383571474176434176
383569357067919361
383569030658785280
383568956226691073
383557909134974976
383557753941528576
383557472516313088
383556518849048577
383533073532739584
383520903373807616
383519884740927488
383518743512776704
383510015849418752
383508763728044032
383508711412490240
383507775138979840
383507507122950144
383507445680586752
383507358153842688
383501237322133504
383500971990454272
383499573097795584
383422991775719424
383411347956183040
383394713292005376
383393628724678656
383360102188589056
383360050258923521
383358428241879041
383358164680204288
383275168220467200
383274918835531776
383271099745574912
383264321326682112
383256625709998080
383255614060642304
383246905234296833
383246844295266304
383245142800343043
383244588657299457
383240231748521985
383239796790808576
383239607497682944
383237661588062208
383230731083722752
383212143199256576
383210847977218048
383209911863107585
383209755704963072
383209526742106112
383209120951586816
383206901116178433
383206700804603904
383206469639745537
383206368619945984
383206249430401024
383206010392829952
383205660004847617
383201011432554496
383196737537449985
383195405766242305
383195292851388416
383195156029005824
383194802474348544
383193881958830080
383192723773079552
383192430792540160
383191723733573632
383186098534354944
383183440809455616
383168579656376320
383168424970448896
383161309698605056
383161199988195328
383156324823228416
383154947883544576
383153556523847680
383107384043782144
383106587360890880
383105895606939648
383105592195178496
383105471944486912
383075835982254082
383072979678023681
383072588097806336
383013484717281280
383011598169677824
383006301799714816
383001545597394944
382998083799224320
382997782287507456
382994431269281792
382986362678292480
382985116701556736
382981657663254528
382980927715958785
382976009676419072
382974476503093248
382974449844105217
382974382491983872
382869384349237248
382867252086710274
382865941081505793
382863785825812481
382861867669913600
382859851124076544
382859727333359616
382858496846204928
382856342873976832
382854778734125056
382854500114907137
382854437472972800
382854392900108288
382854329620631554
382840161194635264
382839098555113472
382837864699940864
382837832709967872
382837784165113857
382837454408916992
382823934820769792
382822407297171456
382822380185190400
382821793372725249
382764922511556608
382706932781711360
382691175326420992
382680154947870720
382628420229681152
382609911382679552
382606377538965504
382503806891614209
382503495686832128
382503270796644352
382498957290524674
382457581803175936
382433432477122561
382422605296189440
382421761465536512
382421552458776577
382421355125145600
382421042502717440
382420993332891649
382420666294620160
382406873854787585
382324996028522496
382263916937506816
382263866962358272
382262961974149121
382262733111951360
382262034319953920
382136403112361984
382133410564546560
382125930958692352
382122226356482048
382121270470397952
382120987132559362
382117779588911104
382115769296764929
382115295143284738
382109639506001921
382109608392683520
382109526633095169
382092927188877312
382092857169166336
382080843218305024
382080797894664192
382080657708425217
382077638514200576
382077530062073856
382077504967569408
382077459182534656
382077249983242240
382077203564855296
382077008018022401
382076638210437120
382070898464800768
382061727220654080
382058919406759938
382058420154531840
382011803372249089
382011357609984000
382011159626256384
382011038402498562
382010900732850176
382006466820849664
382006162591215616
382000331082956800
381919459201396737
381909493946142720
381883054077140994
381882934107443201
381882022639046656
381880331399200768
381880241188118528
381879902292545537
381878809328242688
381878136536723456
381876701384286208
381754279226142720
381748978057900032
381747900402769920
381742934753677313
381737515847135232
381726976996028416
381667979483959296
381650634493415424
381639154016075776
381575086915866624
381573878088081409
381570416096968704
381567447566151680
381537241400492033
381536796045090816
381536589672771584
381536042118967296
381526743183396864
381510396026187778
381509977682083840
381508825180024832
381500360843489280
381499604229181440
381369756663562240
381369697599365121
381369285513203712
381369041715077123
381368273305993217
381367655149494272
381364850657480705
381364397559394304
381364091115155456
381363904208576514
381363790429712385
381362921533489152
381362221571252225
381361699506245632
381361549232713728
381361317820379136
381361125205344256
381360864013479936
381360712351625217
381360536878731264
381360428745379840
381356976594112512
381355995705790464
381355712053399552
381355626867085312
381349814484492288
381346736863580160
381346665933729792
381346582404153344
381346479962476544
381346265252237312
381146511805251584
381143933721772032
381143911542296576
381143742201462784
381143482045583360
381143382653149184
381143273152471040
381143162351538176
381143044965548032
381138886874779649
381135171195371520
381135061145243649
381132836637786112
381132786381627392
381132635558645760
381129405311250432
381128696087998464
381127370692108288
381127279537295360
381125157693427712
381124826964197376
381124684768890881
381124566011359232
381123840904294400
381123521495445504
381122986214191104
381121542241128448
381120584496971776
381119625221918720
381119219808862208
381118072213753856
381117626640240640
381116352029007872
381115943621230592
381115834581929984
381114968516857856
381112655391776768
381100374645813248
381100220702261249
381084694563278848
381081950813179904
381081031392382976
381080843185582080
381080706707120129
381062341921873920
381061824692912128
381061607155306496
381054042136662016
381048551079682049
381047414775627776
381047242700111872
381041014720712704
381040513971146752
381038919200309248
381038417955790848
381036714611212288
381033134823051264
381032326601646080
381031714908553216
381031281041375232
381028808624988160
381028529879916544
381024324360359938
381023466511949825
381002798944776192
381001625865043969
381001437872128000
381000864359800832
380999244825759744
380999061643743232
380998944891076608
380998332484943872
380997945593966592
380996899291283456
380995194638049280
380992088764334080
380991765479956481
380991637117493248
380991527172202496
380991144743952384
380991089286860800
380991010979205120
380979854726135808
380957386510303232
380955434795806720
380947622426841088
380942433057402880
380935542923616256
380930502536212480
380930324357971968
380827346325864448
380825324868481024
380822451644403712
380822305112199168
380822153127415808
380821830908407808
380821701950324736
380821656995766272
380809490939260928
380808487670120448
380807936303726592
380807608606941184
380806929150660608
380806610530369536
380799441940541440
380799137337573376
380799093129613312
380792507288006656
380792444591570944
380792214643040256
380792082476314624
380791967145533440
380791597669318656
380777672055738368
380777629697441792
380773102810320897
380773050729627648
380754692466565120
380754364098707456
380753804331069441
380753162703212545
380753061876338688
380750841592176640
380750695315808256
380748837813747712
380748732448641025
380748648940052481
380747504561979392
380739941053267968
380730404967178240
380723951359787008
380702313062879232
380694495513563137
380665339862081536
380664344981540864
380618826913951744
380595249061453824
380595198079676416
380592966676393984
380592891527036928
380592686773719040
380592455881478144
380592204965634048
380589088962654208
380586365731082240
380581991483068416
380581953407184897
380580824284151808
380580206505099264
380580152004337664
380579103281512448
380579035639984128
380579017172459520
380578523574190080
380578165070254080
380577841152532480
380577670041714688
380386126688972800
380383217758785537
380370618740645888
380359419806363648
380354758860877824
380297392379424768
380277866736660480
380253370931752960
380253157773041664
380253092601950208
380240396892524544
380226569593053185
380211551564988416
380211089847648256
380210972998500352
380210153670602752
380210042785787904
380209957976965121
380093786875252736
380093479814443008
380093263010869248
380093018520702976
380092117873590272
380092076190609408
380091919449456640
380091044987428864
380090719635255297
380090542715330560
380090435722805249
380090239559417856
380088092155461633
380087952543854592
380082217378385920
380081641030680576
380081302164488192
380080066065354752
380047336246091776
380046166517628928
380045296656715776
380045103169294336
380044270356692992
380043860648685569
380042513400471552
380042261134057472
380041837870059521
380040982060101632
380040619806429184
380040345083736064
380039599965626368
380038960816607232
380037809840865280
380028675938586624
380019167711461376
379988310971523072
379977650820767744
379977577604988928
379967725818245120
379965033452548096
379962129370976256
379961754404405249
379961712335548416
379961673668259840
379961425034108928
379961188630556672
379961130283593728
379954611991232512
379953548638711808
379950997864337408
379948325467746304
379945404957478912
379941985664380928
379941843259359232
379940790795264000
379939722996764672
379915302311456768
379905862246346752
379905415544569857
379904509319077888
379903435422048256
379901491441840128
379888503657869312
379888319288856576
379877425733459968
379877317826592768
379875395434459136
379874944861339648
379874624408137728
379871042610532352
379860733749895168
379857626613694464
379856912558587904
379854933723742208
379852391090520064
379851698183098368
379850905291878400
379850871032774656
379848191036121088
379833767890014208
379826138790760448
379707822436810752
379706011768336384
379702830975942656
379701893356089344
379701321978621952
379697954476818433
379670855372267520
379668178529714176
379667975143694336
379660774505193473
379642446894096384
379621742542860289
379595459943092224
379595205524992000
379588338509815810
379587021234139137
379586519742152704
379584337437810688
379584324070559745
379579166150369282
379579120063377408
379577098564030464
379551923890036736
379524914866556928
379506212422688771
379503964322279424
379491757504749568
379491035799650304
379490379726589952
379488950555250688
379488695088586752
379389830381457408
379365688030146560
379337626546753536
379333602691276800
379332230281461760
379332057367085056
379328380912816129
379327486615891968
379326949862428672
379326883596619776
379316885982306304
379302729434550272
379279235799474177
379279180921184256
379269943365079040
379211035854774272
379209919838580736
379179342699724801
379179253541400576
379178930445750272
379178771972390913
379163200820117504
379162078986387456
379161905145081856
379159383084912641
379158315449978880
378969186724511744
378969113160601600
378967500501041152
378967227728683008
378965796447592448
378939210230935552
378937205559156736
378932092392202240
378929455697506304
378927650993348608
378916507406712832
378896874478268416
378894805889470464
378892027343405056
378882019348201472
378881947734646784
378873679687737344
378865925472387072
378865766407606272
378857776279461890
378857592904486912
378857405905637376
378851695130066944
378848675696758784
378848554431037440
378844924168658945
378844613777559552
378830152295514112
378827634240929793
378826977597460480
378824024497094656
378823941038800896
378820135530004481
378817306010607616
378817243951677440
378814757228511232
378814091261116416
378811709718540288
378810797302226944
378810678297255936
378808643782967296
378803986469761024
378803760631672832
378803481496551424
378802774848598016
378801017724633088
378793685762461696
378793489456455680
378793327581466624
378793118348611584
378792657524654080
378792106913181696
378791797029609472
378789165691052032
378716221862342656
378715619518337024
378601858895728641
378599007683371008
378596672332636160
378596572600500224
378591532435378176
378587418028691456
378587003853746176
378586914670260224
378586609308139520
378585668261511168
378584268349657088
378581583667949568
378581419607736320
378580426220371968
378580234159001600
378578267189833728
378578074201116673
378574868708851712
378573629745025024
378573045826584576
378572868994748416
378572398129590272
378572228180606977
378571766677118977
378571710448291841
378571670354952192
378571604206579712
378571481565106176
378569652928249856
378569558296379393
378569517263499264
378548669320278017
378547473595498496
378545256389935104
378544996351508480
378544721251291136
378542683893280768
378502161170444288
378493783836749824
378493329417465857
378492748720259072
378476637551353856
378476527656386560
378476423234977792
378456815820099584
378418255645663232
378413313266548736
378406998184034304
378406881322348544
378406809096429568
378402689123897344
378402338085818368
378402170003292160
378401968064303104
378401865949806592
378401751743078400
378401284938006528
378396350695895040
378294841379020800
378274509650137088
378273887030878208
378265951994937344
378256129027219456
378249253824385024
378245485842010112
378245141825208320
378232790460145664
378208890783277056
378207346025320448
378206770197704704
378204032437071873
378181999158374400
378177449693282305
378176877141426176
378174424710934528
378161131774550016
378160918469017600
378158704572772352
378157033008402432
378138544004669440
378109449921392640
378109339548266496
378107357009817600
378107224729862144
378087416416182272
378085946778193920
378062345937113088
378061406161371136
378061152837980160
378061091475316736
378057664833806337
378020022775738368
378018587090624512
377960469329637376
377949991148322816
377948172276215808
377941863031795712
377921100291649536
377920259878948864
377919911537807360
377919561334415360
377882989067530240
377880550331408384
377877910889451520
377873342759718912
377871563624038400
377871420589871104
377870350761332736
377870310252773377
377870164454572032
377869704431673344
377869420485672961
377869178281406464
377868909682360321
377868797669298177
377868742547742720
377868686398595072
377868636238929920
377867393894457344
377867130869669888
377866934551052288
377860792684912640
377843937438085120
377842256742731777
377838052724715520
377817453721817088
377816537710989312
377815403244040192
377814878867947520
377814730318295040
377814699129466880
377814647262674945
377813700729905153
377803356427014144
377797836420947969
377797688362024960
377794436975325184
377773673601855489
377750901110611969
377741931737911296
377740906209619968
377722346750349313
377703359224229888
377701920787693568
377689192865595392
377683145098657792
377683065490771968
377681846881882112
377680149153873920
377679551352295425
377657440260861953
377656724720996352
377571190367608832
377570893557669888
377569587258458112
377567550848368640
377567023930556416
377561159257174017
377557207736279040
377548591495397376
377532769649577984
377528078127607808
377526715356282880
377525280132562944
377517438671544320
377516884918566912
377515315091218432
377514390389817345
377514145027223554
377513958682677249
377512563724263424
377510957393932288
377505478827577344
377505246664470529
377486921829974016
377485491693977600
377484829644062720
377484505051058176
377483686922711040
377461748301049856
377416156262719488
377413980878565376
377412756687052800
377399525310095360
377397955239899137
377393254503022592
377387818429210624
377386977504808960
377386386074001408
377385199635824640
377382945780432896
377382672806735873
377374223150637057
377373245768740864
377367775993667584
377249552824549376
377249124758089728
377248261452865537
377246442790088705
377243500678754305
377243182347866113
377240988655570944
377240087974903809
377236713590239232
377226811413110784
377221443471560704
377221255503810560
377183532009148416
377166424328126464
377152804395433984
377152749265514496
377150097232236544
377125380207173633
377121869771857921
377120609819697152
377119206170710016
377118621908348928
377117487525289984
377102268174458880
377096909585793024
377049577678848000
377028695506313216
377028290441396224
377025652517777409
377025463891533824
377025376612286464
377025295955816448
377024951318241280
377024680257126400
377024501084463104
377022159191044097
377021410449051648
377021325904453632
376889504038404096
376844717197365248
376843854496141312
376843324864610304
376839988593586176
376839452163067905
376839227570667520
376838635687280640
376836569984147456
376817134024019968
376773267564281856
376772874339901440
376769639768154112
376753578247200768
376753118866079744
376742011686383616
376740764652691456
376740491536384000
376738166684008448
376736806571892736
376735596737478656
376735449555165184
376734549189099520
376731860552122368
376728399567663104
376727880702889984
376726580565114880
376725476024541184
376715892606128128
376713635982491648
376704688756125696
376694896864026624
376691071918813184
376518099916570624
376504711941488640
376501587973513216
376487239561138176
376477305964888064
376474500902432768
376463989674618880
376446627277717504
376444441760104448
376439902847901696
376427121914413056
376409652231417857
376402495456948224
376396564610420736
376385095353237505
376384971554185216
376384434813284352
376384392568254464
376384244505145344
376383926639804416
376380552091561984
376376129319620608
376356417235857409
376343800740061184
376342078663696384
376340252254019584
376339535707512832
376337499037392896
376337471703113728
376335558861402112
376335525344706560
376334529411436544
376333591305019392
376333438737207296
376332661285216256
376331125398208512
376227534951940096
376168082248851456
376085829439213568
376082975290839040
376078346368843776
376078095528497153
376077949629628416
376076224449490944
376075277459542016
376061017908084736
376047252617564160
376046428793364480
376045994263470080
376044493298204672
376044396254625793
376033147445841920
376022681625567232
376022567540523008
376021688531836928
376021386265112576
376016678192431104
376014917910134784
376014516263604224
376012414745337856
376012194426929152
376011861353066496
376011168894447616
376006958203289600
376006887164366848
376006757392609281
375999390566981632
375998869466669056
375998070753738752
375997896451047424
375997776712048640
375988764818276352
375988349041139712
375982038207459328
375981936789188608
375981746690736129
375980021086953472
375975023724744704
375974812268908544
375974691359707136
375964359023153152
375963950284046336
375963123414753280
375960334810767361
375958704270880768
375947281289445376
375947149324058624
375945173160980480
375738613499457536
375737531335450624
375737295967903744
375735861465600000
375735460473368576
375733732201996288
375694877549690880
375694813947248640
375683844852428800
375682402573893632
375559019467141121
375558542973214720
375558533800267776
375543374033739776
375539519748972545
375539009990045696
375535511278215168
375530589576634368
375528157086236672
375527824675065856
375527002566320128
375526880818257920
375520368599269376
375520210461405184
375518396143902720
375517431399464960
375512678594129920
375494634514169856
375494552112857088
375490480332890112
375487061706690560
375329367624515584
375317552584724480
375316698926436352
375316323683033088
375315361350299648
375315100124848128
375314048059195392
375313863908274176
375310974703906816
375310708118142976
375309808272146432
375309686956105728
375300191794237440
375288496669597696
375288335054667776
375287975569260545
375287653656440832
375287078927757312
375285456923279360
375285146976792576
375282644340473856
375281494908207104
375280510857408512
375280425541046272
375278118094639104
375275511314120705
375274250510561280
375274159204761600
375272450990559232
375272408699375616
375269088282816512
375224186534629376
375221784737763328
375218440719454208
375203502882308096
375196035670605824
375183753221791744
375163927832711168
375163843686576128
375149659775180801
375145947040591872
375145344126181376
375145232863854592
375143964321792000
375142711721869312
375136937834975232
375136777973288960
375023715081547776
375003753512173568
374995713778020352
374986715418861568
374981702139265024
374965220458123264
374964452158078978
374963928910290944
374944259168026624
374943946973380608
374923369189507072
374906834978865152
374906229602410496
374863461622509568
374863347298365440
374863003503841280
374847547065769985
374826515445604352
374807942413172736
374806141878161408
374796927181029376
374796802043965440
374786109055569920
374786013891026944
374779354716192768
374777401001000960
374777285947047936
374777261708148737
374776215959130112
374775429363953665
374775233640931328
374775185721012225
374772137544130560
374771560022048768
374770299763720193
374658217021669376
374646851909087233
374642517519921152
374641581443121153
374630235293372416
374623158764326912
374600600174231553
374599681873309696
374598729980215296
374598209060208640
374597518296104960
374596957706387456
374596817931223040
374596562573598720
374596524963291136
374595905988857856
374565854547292160
374565625655754752
374558670484697088
374558329747812352
374491095561826304
374491061130776576
374470460958068736
374458080731619328
374432113824894976
374430743659040768
374418879571066880
374417824355475456
374416193786220545
374415273585287168
374414281363963904
374413275213361153
374412414949019649
374412255645163520
374322533597593600
374216520806973440
374216413587992576
374211873111302144
374190801536167936
374189539067441152
374187482541469697
374187370251554816
374187245454241792
374166084045529088
374165558746685440
374165368082006016
374115790083354624
373986807039688704
373974887129698304
373946614244986880
373923499687284736
373903270018039808
373893977965350913
373891506542620672
373891410161725440
373883483607023617
373874889650098176
373870251030880256
373863749792579584
373862248134868992
373848403676917760
373846796445159424
373830466660343808
373827383779794945
373825784420380673
373820209154367488
373819000452816896
373815837347442688
373778190344663040
373775686655541248
373775601142079488
373775428886208512
373762594194358272
373751932374241280
373745931554152448
373745835533950976
373734315085266944
373734170927058944
373733860707950592
373729527857680384
373729258457550848
373729045646946304
373728887790125056
373726300483371008
373726122087030784
373484571834478592
373483890620788736
373483775537467393
373482697303535616
373482358894497792
373459823599575040
373455301212913664
373452455163731968
373442245980348416
373440937038716928
373440688798855168
373436523842371584
373420137225150464
373392851897688064
373367123978252288
373365545120571393
373362532343640064
373362074258534400
373361908818395136
373361646858936320
373360133520519168
373359834051399680
373355685050060800
373352479632928768
373345139961643008
373344925964054528
373341392141291520
373322820207788032
373321037485981696
373316191697506304
373313804450660352
373308751945949184
373165248775487489
373165146275082240
373163500342083584
373156641925259264
373156545095557120
373151356657623041
373146167175294977
373139976634269696
373139935349735424
373137766642905088
373134502824267776
373106072464412672
373098513422643201
373098433680535552
373042331068678145
373027454014988289
373025320427089920
373025183868944384
373012809334161408
373012549660573696
373011248105127936
373011054911320064
373006288109961216
373006207520608256
373005356286627840
373004934801031168
372984734999408640
372984633417547776
372983862806474752
372980387569754113
372980348109725696
372976229823299584
372966670991892481
372881775959486464
372874443548545024
372860372963037185
372809633813241856
372798318340239360
372798240074498048
372778529383256065
372707016516841472
372702288919678977
372702014821916673
372701554346041345
372700091175677952
372696949851709440
372694007337746433
372693997296578560
372692874653347840
372692197000622080
372692125303201793
372691121237164032
372688554486693888
372685303116742656
372668591315111936
372667657197477889
372662832292446209
372661939371278336
372661589771825152
372661087428411392
372659361203912704
372659247190118400
372640973463248896
372640853204172800
372635141384200192
372634211699949568
372633546755952641
372632971209371648
372632936346288128
372632612889976832
372632503598993408
372632332605599744
372629840182378496
372628207683768321
372627602642829312
372627105143848960
372502772291502080
372478057174806528
372477980976881664
372474781263990784
372427304204787712
372426768713809921
372426618826129408
372426527755218944
372425965198385152
372425342612680704
372425233640476672
372425103885471744
372422788470304768
372421593861222400
372421288469741568
372395148350849024
372381510223294465
372369861563146240
372369780675981312
372368787250892802
372367212495265792
372367105863479296
372365973896314880
372365713077698561
372364292114640896
372363661605883904
372363652260986880
372362640817147904
372362492191985664
372362021129707520
372359693987233792
372359568820805632
372358121181958144
372357373576634369
372357093443268608
372353572492824576
372353511230832640
372312483807375361
372310426333511680
372309735653265408
372309601452306432
372309414273110016
372309328990306305
372309180256104448
372309104603463681
372309046541680640
372308936738996224
372308811295780864
372308660296617984
372308539425181696
372308261531561984
372308140307775488
372307977392623617
372307890964815872
372307391888760832
372306933019340800
372306632380022784
372306470073028609
