398084185463603201
397736176989126657
397736121653657600
396344124569583616
396206913903669248
396206746743898112
396033963053318144
395477083964858368
395320989263097856
394962688037883904
394744398254456832
394446807205683200
393751745341698048
393751425219833856
392956985882443776
392326319373316097
391878057277284352
391871792698372096
391661370569420800
391234922801037312
390981431293673472
390858516141203456
390830093922500608
390468894127054849
390441283896242176
390440998155059200
390440965183643651
390163266175250432
389926908626210816
389902546003058688
389856198843187200
389122855923113984
389060607603126272
389060407039889408
388744039690170368
388348054707126272
387525061298892800
386133094748930049
385885782801932288
385885367897190400
385765979474915329
385764843602837504
385763994373734400
385762802398662656
385751738600673280
385713863645466624
385671280319799296
385668588843335680
385668556807241728
385511618769321984
385123130190340096
385077375350099968
385077228822069248
385013993041313792
384788089107124224
384720550222102529
384388976242851840
384347621126832128
384153804381237248
384153464076386306
384153389744939008
384125251870674945
383476220207181825
383033289188966400
382319613830103040
382228922240204801
382228671492153345
382206665874866176
382180660296708098
382179687981522944
381968443190173697
381968370855206912
381968143070928896
381958859989872640
381954663286718464
381954607695425538
381954185618399234
381929379204317184
381920152909922305
381912879697387520
381846139466551296
381845504239230977
381844951501242368
381586806958870528
381586483720630272
381586352094982144
381224531072798720
381224425632190464
381072729903869952
381072671267508224
380647997425860611
380389289978503168
379154162753503232
379152544205115392
378856620820033536
378841243834662912
378571457896669184
378545859627339776
378151582871060480
377399590599020544
376849722310664193
376715468318707712
376714746730663936
376140699890356224
376125297126805504
376125012693889024
375998573672136705
375411740634542080
375410800166715392
375397844079091712
375100165323255808
375032520884359168
374245055277457409
374225881293524993
374202762621231104
373163067661500417
372898458723565569
372515439655399425
372492127650861056
372491695394271233
372490344975179776
372380570635890689
371963096468062208
370819192955891712
370529778514030592
370505981442420736
369898965606891520
369898463389298688
369895203769159680
369858740767698944
369848014133035008
369722909730025472
369557423658639360
369557288581099520
369385270388736000
368995469600755712
368802477917097984
368719304990408704
368684033934249984
368668569888108544
368617673724145664
368421761937080320
368033942148239360
368030247356469248
368029988345626624
368029728537862144
367922915226169344
367565057695416320
367410599405576192
367258298393067520
367022721479479296
366952329557188608
366948945622085635
366889712570466305
366866465044971520
366866229828386818
366605375371362304
366506931721998336
366289429297508353
366283057906454528
366213556523380738
366212467568812032
366192675730358272
366192503608713217
366152009822388226
366151700454703104
366128771562094592
366128665735610368
366108674101481472
366108150572658688
365888279188475905
365888169708752897
365812415377588224
365797507885838338
365796944989257728
365796829482336257
365771935021408256
365771398074998786
365769878386376704
365769676111888386
365768695219367936
365768588776308736
365768519029235712
365768378507472896
365768332164612096
365753661927854080
365570728990482433
365503188780068864
365455388809760769
365454996898189313
365434673981169664
365415392346259456
365415118898601985
365415065823870977
365413031406088192
365412937013280770
365411498127921153
365404871135997952
365404174042664960
365396126251229184
365394234188115968
365369734750941185
365223677773615104
365223302895108098
365223156228698114
365220560625610752
365206866231443457
365187649579278336
365187585372467200
365187447996809216
365187413981032448
365187081636958208
365157320730624000
365157132150513664
365157060755070976
365156541328261120
365150615410053120
365149992782422016
365149861953695744
365147743133892608
365091146260684800
365090668454350848
365089604296114176
365081263050211329
365068331591942145
365051008470102016
365034060034625536
365025945561731072
364857621947629568
364854865794965504
364728437585362945
364704229270622208
364688755992440832
364688429319065601
364688089714671616
364687563745153024
364673373097721856
364661204880326656
364660703518396417
364659917094793216
364658000277274624
364656832083529729
364514569932529664
364507080075784192
364405127236812800
364373221560168448
364368430025424896
364328405732704256
364321308504768512
364320611411439616
364318727934066689
364305364613095424
364090097614221312
363686885325287424
363612668588208128
363611993808568320
363609389610958848
363608421297164288
363246941527740417
363244654403534848
363230395971538944
363225456880791553
362895298185953280
362894700551733250
362687103643418624
362686684820815873
362479154949652480
362475895258230784
362475068346994688
362128633462132736
362128430055178240
361889206999584768
361773163660574721
361577269757620225
361554907997798403
361520171350884353
361518312519237632
361429021571035137
361406916989161473
361388975002361856
361058993277378561
361058582961209344
361057971112906752
361029813349257216
361029322124951552
361018274416308225
360827098136461312
360722938590281728
360713628997009408
360661875765153792
360650515379523585
360491375399149569
360448713744859137
360448638238998528
360412139602714625
360410926702272512
360410597109669888
360410181198282752
360408662054940675
360152164628316162
360150269989892096
360149942821597185
360066441413787651
360066264909090816
360065583955451904
360065551495733249
360064976532148226
360064922132037636
360049563576446977
360048734505152514
360048609204518914
360048436499857408
360035568672980992
360035411864715264
360035183111569408
360034901837365248
360033544036286464
360033500474253313
360032452020277248
359993417096372224
359989577496264704
359987829989842948
359987533926510593
359986853685891073
359908449594777601
359908199450677250
359734703764406272
359721145269895170
359689280987209728
359566323044454400
359564733927530496
359564438682075136
359560686034104323
359560501484720129
359216624085516288
359216574143545344
358847074210951168
358483271652347904
358478356687228929
358477659795243010
358477294064508928
358138660795211776
357877702403305472
357871957238226944
357846865238573056
357846196234510336
357775622757548032
357595349055463424
357590361004593152
357465703412023299
357465009246318592
357390784850427904
357389634046656514
357131641853972483
357130930948812802
356762160602423296
356761511588409347
356312617779859456
356311421010718720
356311311447097344
356310561157419008
356310279950315520
355698851119763457
355698037881962497
355632308239339521
355287977540325378
355287411200229377
355083208666259458
355083133621776385
355058115198201857
354910358235910144
354909954857115648
354909380514291713
354622757411094528
354551729116807170
354281923151007744
354196892575465473
354196483253350400
354189148485197825
353990043687321600
353933862046416898
353913563804479488
353844020167979009
353843832707756033
353840167355809793
353835428870246400
353813837545345025
353667232049541121
353658711752974336
353658170947809281
353519203199885313
353432972311007232
353178529103495168
353178416993943552
353136988058165250
353091219817119744
353088184172818432
353086600198111234
353085892476416001
353085753670123520
352913374075555840
352912344956936194
352826853196693506
352790177183301633
352766970833289216
352765853453910016
352765457687781376
352749272069971968
352744534700064770
352738849492963328
352486001513476097
352404774492192768
352403443408830464
352401991701495808
352384136436133888
352179678221578240
352029547199332352
352029149503823872
352020763588571138
352020273748377600
352019786739363841
351666698027401216
351651183020085248
351607170908946432
351269055975534592
351268492567248897
350923711865561088
350922976692158464
350922167808040964
350911218636165120
350910373639110656
350719925549146113
350717846961131522
350688680471568385
350660500884963328
350613105006493699
350610125884620802
350609018479316993
350608564957614080
350607835522007041
350600783030517760
350596932542021635
350543035219705858
350351482043891713
350351234613510145
350325065679773697
350313060377956353
350209264083668992
350199680803684352
350198834707693568
350198593791074305
350191065774571520
350143540640223233
349962813223104512
349543976975609858
349542391822290944
349104539313524736
349101327713984512
348891839509692417
348888103450193920
348885470182256641
348880459939323904
348880136764014592
348851625714135042
348740158906068992
348556165510213632
348525000384450561
348464741125074944
348464167109394432
348386726932262912
348368688233185280
348028035238334464
347671134587731968
347622713252270080
347373755854618624
347280261630787585
346997180248231936
346940826556964865
346649855977996289
346640709350207491
346627628222013440
346619820168577026
346537976009981952
346320044260728834
346286103780814849
346216706332557313
346004805069705216
346003585458376704
345896984802103296
345896139347865600
345895966152466432
345895864268623872
345527818245009408
345451359023280128
345439227355463681
345292420877017088
345290852777721856
345235921119096832
345228746946646016
345118736660959232
345117841848164352
344946808570650624
344946196902723585
344888688804773889
344881143230902276
344814475968409600
344803522124070913
344606363663605760
344592676374593536
344591177598791680
344560510987030528
344532223170576384
344532173216432128
344325229008531456
344300878565613568
344300170801975296
344210028011597827
343780772982947842
343526040129396736
343413027145666560
343407978780688384
343361464108720128
343105830222184450
343053898799513601
343053210883334146
343053078523674625
342440096110346241
342440071682719744
342078162861178881
342058088058191872
341919437173170176
341911985610444801
341766512375394304
341633232942546944
340857501912289281
340855221389504514
340783405119725568
340775783851249666
340767269909049344
340199047128293376
340190120189767680
340184081163755520
340183734416445440
339717218587791361
338780088579526656
338725788956381184
338725014562037760
338723497331290113
338722840973033473
338397530259865601
337462643369582592
337330852738498562
337227676760805378
337121877984178176
337121625042452480
337121258116366336
336769542418202624
336539591895048192
336538701603667968
336171672279330817
336033130307809280
335829551001239554
335829513567088642
335673141412118528
335672858304987136
335435199150161921
335343276276195328
335333202577207296
335302966011641857
335173668806197248
335124202048847872
335110315220025344
335110256487170048
335109673650900992
335109234763128832
334711818964570112
334711066976215040
334679060724727809
334586295462535169
334585699334504448
334585692061577216
334585547307761664
334585231787040768
334585170311131136
334585086789955585
334585049175437314
334584883307483136
334581425347108864
334580319636316160
334304931601334274
334277035025379329
334218813157552128
334006717044121600
333927721140891648
333859150842953729
333719398093291521
333702833780162560
333636102168653824
333596434253348865
333306109928550400
333155720130330628
332918812938743808
332918640544464896
332790240265781248
332552121188745216
332445462827253761
332420712826556416
332420434572226560
332419579903111168
332216963206086656
332171149997907969
332126838799347712
332056191511429121
332040850475458561
331852883119194112
331691290372747264
331688434152390656
331686353173639169
331519522324496384
331488954933186561
331443844820385793
331170483728969728
331157525447725058
331115849748455424
331091807763046400
331086747641446400
330364285769355264
329898717429760000
329844693204627456
329680534752083968
329265612473913344
329234262131875842
329143388827971584
329138806412427264
328937388975992833
328876744532692992
328547217759670272
328519218549108736
328518469169582082
328451527415042049
327489280295448577
327420707325739009
327340107768135680
327333613127483392
327332772555415552
327332412210163712
326716578508992512
326429724337381378
326410189152595968
326374208307335169
326296241770221568
326086264518488065
326023943708352512
326001511303901186
325678011515019264
325677553853530112
325677482692980736
325285765632360448
325230968434728961
325189988855713792
324788899882881024
324650491642515456
324554853944791040
324554393175326720
324414884815175680
324274976385552384
324205691042684928
324205558133567488
323894303871094784
323864182170714112
323864161341820928
323733723981959168
323720113763262465
323532136562970625
323532109325139968
323251707230429184
323000925625135106
322882864410664960
322882625947709440
322881507477839872
322881320579633152
322881281933332482
322715637275303937
322560711014375424
322256906603360256
322241237165961217
321974531696758784
321952281006333952
321950924438372352
321950894134550528
321651541306126336
321573364898623489
321256246105739265
320431162600325120
320431145017831424
320431112478404608
320430965384163330
320430932685365249
320430911852277760
320430851324248064
320430319448776704
320430261470904320
320430218064039936
320430020256485376
320429025602453504
320428955805032448
320428808463347712
320428719934164993
320378271378317313
320378054457323520
320374823895330816
320374131034058753
320373978495598592
320372769130950656
319989654256496640
319988722789646336
319801644588072960
319468989619245060
319465852107882496
319463703340806144
319463464559050752
319379725346824192
319375871809032192
318686482560847872
318291395393761280
317574077021835264
317232990948306944
316642421805031426
316628960568045570
316617985143996416
316604331572998144
316563614431580160
316134168608268288
316132953619054592
315655438811164672
315655408012378113
315652868378087424
315611714605428737
315610686074011648
315456256208928768
314363719650000898
314173103917891585
314158976315035648
314154490192351232
314154411846934529
313673359391084544
313658326447702016
313655022216962048
313654629223243776
313372280308760576
313296305537548288
312911505697939456
312911256573050880
312737673490096128
312737124921266178
312660194616283136
312560510862241792
312224929829486592
311889490652299266
311885442561736705
311589508263059456
310911573994635264
310910732147507200
310910671510450176
310910634562813952
310833863553343488
310704611734478848
310068960701841408
310067199400366080
309617090183192576
309617028703084544
309425201358204928
309354176897486848
309068467649253376
309003972784558080
309003105733865472
308991167540912129
308988929678381056
308972255529037824
308918630526095361
308917657023959040
308917410361114626
308914393704452096
308892719860813824
308873864937603072
308503796236050433
308307408067899393
308255020749553667
308252853250711552
308249110006337536
308248915176747008
308245856392466432
307850359110529024
307850023897559040
307849428549656577
307824961895161856
307678600658829312
307315860794662912
306881820471992323
306507423156428800
306277411664846849
306208932202954752
305689689032097793
305677746326097921
305533613963882496
305532740328120320
305503338995273728
305488709451673600
305433087200858112
304730844998823936
304480128426201088
304023808803762179
303108808807432192
303107011783057408
303106764969226240
302721015509831681
302511789143388160
302370733965856768
302370305639317504
302352206781362176
302000850107248640
301819090169888768
301777329540198401
301436016886153216
300948621392764930
300063202564263936
299594144760864768
299587148041056256
299335052838440961
299334639468818433
299015955978280960
298289923532943361
298276691330093060
298276159353942017
298256523052859392
298252300772851713
298249496733818882
298249191300407296
298249024182550528
298246681428885504
298245946788171778
298240079665709056
298232605550186496
298217429648154625
298063376679067649
297885520346890240
297673452486287360
297672673146834944
297391375803113472
296073110812241921
295731097982074880
295730431473631232
295729096598634498
295729077346791425
295292030169513984
295250529536331776
295249820757676032
293374871369572353
291044683222745088
290701624907816960
290476488631930880
290472893920448512
289006864543387649
288726888610926593
288671866409852929
288671533348573185
288375664678154240
288359241142661120
287931174846877696
287931128504004608
287268994426236928
287133725131677696
286483885141938177
286033379340713984
285513977776205824
285469806277296128
284259875943501825
284259325566939136
283861582084198401
283526174402031616
283179647884214273
283148933847474176
283148885508120576
282509922405580800
282438185957588992
282438088637153280
282218591665938434
282218576977477633
282206353857073152
282206254745653250
282204133010849792
282204050060103680
282202930885578753
281895253269676032
281369358792540162
279367572619665408
279342210594525187
279278906383683584
279120775263428609
278935909347504128
278796616624918528
278796204115099648
278630497230397441
278492567941828608
277880877239914497
277523047513198593
277386492496707584
277195341323964416
277194483861434368
277161479864717312
276776214876811265
276731026896740353
276730398065692672
274017869690437632
273910510087442432
273909851783053312
272038720935440385
272034464094375937
272032577848754178
272031575363944448
271902220142923776
271613225819312129
271578921370259456
270812257468964864
270570893019840512
269781356815458304
269775874159677441
269759175570120704
269521549239910400
269140548332425216
269087622566125569
269087488994316288
269027863930470400
269027317840490497
269026851106729985
268752410913169408
268751870409973761
268650546838261760
268371180891828224
268352014503776256
267948628042194946
267947999508959234
267702672017219585
267702534225920001
267606635655081984
267566955819581440
267563336114262017
267207063392890880
266480065326505984
266100742828470272
266056677952995328
266056486197788673
266054497728598016
266052021688360960
266051712534585345
266051477661970433
266046988653568000
266043410710945795
266037660617932801
266037281301856256
266037064414408706
266033448215511041
266032877123293186
266031957492781056
266031109870071808
266030356904435712
266029943702573056
266011068080467968
266010588801536000
266002174125936640
265999642083344384
265997059646173185
265993577706946561
265983177145856000
265975013566447616
265970522687430656
265947879548538880
265938616210030592
265937853073215489
265935081376456704
265934834692673537
265934446123958272
265928683817168899
265907749592907777
265811313882693632
265801782528204800
265801175293632513
265800928408506369
265799918042632193
265614234682007552
265603445225029632
265592187071365120
265478765281435648
265476755538722816
265476457575358465
265452428491632640
265452220676448258
264703710532349953
263556578907656192
263196339142283264
262946903384260608
262943098823380992
262680022601572352
262549583714979841
262523425883574272
262489449991127041
262485989656784896
262297954201776128
262259887629803520
262257334653440000
262232221832843264
262197150165921793
262145404580290560
262135683676770304
261864839629135872
261857835565056000
261787237946122240
261769335507402752
261402556444573696
261401165403672576
261152366231965697
261150273597227008
261023232746987521
260872858039894016
260496229576880129
260439872475639809
260433372059422720
260433279495311360
260390837442211840
260110989356306432
260008714076037120
259979489461809152
259966239441555456
259965212986314752
259963773203398656
259963385939120128
259963215637798913
259962976663113728
259962616712151041
259962307239628800
259962171658760192
259774974867419136
259676063205044224
259591007690174464
259582098225131521
259582068260999168
259581679671320576
259543857102991360
259326994720899072
259324324278829057
259323683594702849
259271685381955584
259239797636362240
259214183474810880
258938710001856512
258867235999850496
258826806776451072
258593631366156288
258220710944727040
258220535081750530
258220002199613440
257571293942149121
257570592390279168
257569195724771329
257495938921271297
257304258309914624
257246202821746690
257224885175214081
257213509174173697
257181424401137664
257170478148489216
257042910921490432
257041826014445568
257041741927030784
256891018882998272
256841451277807616
256555978739302401
256431820227362816
256421787745779712
256304887397228544
256190505749188608
256031476737531904
255936431472652288
255916970862600192
255914303088123904
255706095987851264
255685341250478080
255579007486148608
255571798396137473
255571366986805248
255532674343636992
255344687949414400
255211044941729792
255006409123577857
255006338671865856
254575955731939328
254553628944261120
254512746098462720
254512460755791873
254499225260417024
254495269725564928
254492821740998656
254490195360100352
254342155508805633
254339448081362944
253972976507158528
253838730870284288
253838327067848705
253815127063801856
253814297044598785
253813827802652672
253807167608590336
253502967209144322
253493722921189376
253457683385053184
253415180896202752
253090869291401216
253059254133587968
253024950439530497
252847336072572929
252751299462983680
252738386132103169
252674835128406016
252508715935219713
252506596486287360
252411761892933633
252356108927254528
252093496943579137
252076370685988865
252015958821052416
252006422978637825
251999241751388160
251993248837537792
251967175139672064
251812399949164544
251720671242121216
251720028670541824
251720001537581056
251719649807454209
251671664633470977
251669947321827328
251626001384230912
251602068933050368
251595896268148736
251343804911742977
251320423675994113
250948331256295424
250662252049485824
250293772963966976
250248902710788097
250248728907243520
250132954146287616
250132688906899456
250132386136862720
250074250512314368
250051835786821632
249980281380024321
249980141860696065
249965046896136192
249963227881013248
249605431067041792
249562800031166464
249561665526460416
249559821798498304
249558979452235776
249557472690466817
249288658375548929
249286899691319296
249285930530267137
249285461007290368
249160752852787202
248195661449793536
248163090640801792
248147241737547776
248019197848862721
248018875566944256
248014911316320258
247763325885247489
247762891531497474
247613545099960320
247592648251162624
247393517331169285
247392764784963585
247248254914404352
247239921935478784
246980901072941056
246900506348371968
246600636802670594
246583816163045376
246583221482057730
246582609474375680
246582235979976705
246581324935204864
246581129090572288
246578603477843968
246577555438706688
246576598822817793
246573434186919937
246565542943678466
246543814163042304
246538355062501376
246231363257237505
246220459996237824
246220216785326081
245943159295705088
245911743480606720
245891025221083136
245890814121762818
245888665887318016
245864389327073281
245807625244123136
245592111943127041
245587587962638336
245563594413047808
245500952625414144
245480096943714305
245448476639502336
245433660050903041
245430586934702080
245166226559623169
245126719336497153
245125759071551488
244820331024498688
244751513199722497
244548614683258880
244546885862436865
244531021469601792
244530885205045249
244477053833986049
244388522495188992
244386945491402752
244384758870732800
244384563151921152
244167712278970368
244103899777232898
244060890943598592
244033351260983296
243819198143422464
243774708854689794
243716888314662912
243685556289142784
243685209646714880
243684473034645504
243684198077054976
243683787639250946
243683552519135232
243683392330293249
243683223169814528
243682886371381249
243661639096889344
243263745147686912
243030414275526657
243024133791825920
243007102266793984
242985925519486976
242972585879564288
242910298254749696
242910118063255552
242889273953628160
242726924055617536
242700300178292736
242700158163369984
242626507154026497
242548199884197888
242537744394514433
242525979086553088
242381455764910080
242330172647428096
242251981450784768
242207988109168640
242002156041949184
241806847487651840
241658085016494082
241657635559059457
241656328177721345
241617943409065984
241572793706246146
241571461062606848
241570887625740288
241491725657440256
241091628100644864
240742939649794048
240455055331975169
240210572103274496
240155009776500738
239452404448362496
239148848675684352
238975351764692994
238692498032177152
238424843090006016
238261856182083584
238255860357402624
237897002472574976
237533077239390208
237532760154202112
237523852358479873
236120452739788800
236103000127594496
235754820189962240
235736545989120000
235120755434745856
234989742398267393
234984681609773056
234705665128558592
234386803971461120
234385388276416512
233998127395401728
233852020715577345
233510466335436800
233466859100446720
233137196813660160
232584243497275392
232442004221599744
232419132006625280
232416954198159360
232387517977075712
232078958210977792
232077961245904896
232075664210141185
232073691184394240
232073478319247360
231864520077873152
231861518617165824
231856081066938368
231812896911396865
231811109919784961
231803774568628224
231799011236007936
231788372618801152
231783604114579458
231768229683552257
231768157533110272
231766930523041793
231739369445273600
231717936782528512
231680477923262466
231319159391264768
230418394137104384
230407285053214720
230200658500919296
229971628933648384
229765030218969089
229677057972527105
229676177260961792
229158565410123779
229147805539774464
229131383304511488
229130442178179073
229130265644134400
229130109163024384
229102930052128769
228918015415177217
228858384290574336
228844553187258368
228839834255495168
228838418510147584
228838328932380672
228596920795426816
228585200504950785
228584764003733504
228584060929310720
228542346327883776
228251404161138688
228244344799367168
228241065071767553
228070373877489664
228069910616604672
228068489540292609
228036187561013249
228035766977167361
228033817133334528
227836262697033729
227793665999908865
227714945159159808
227687428222226432
227686783310249984
227665501353021440
227432075052068864
227431872425259008
227431818394218496
227318765015162881
226403099932246017
226400703868989440
226397972383023104
226396530746200064
226396055166660608
226394726704771072
225946904314392577
225943477748379648
225676221852311552
225675505687474177
225162494228963331
225155667026132992
225142971383812096
224954832035909632
224911601042587648
224886891684696064
224760158826397696
224450870551646208
224191981826486272
224067184513646592
223760173280407553
223706282572513280
223515955345637377
223314447756832768
223028610376794113
223004618651734017
223003987937460224
222979884987854848
222962754514984961
222587825915314178
222300435741024256
222288515818467328
222288274838925312
222273109397487616
222270310106406914
222239059689484288
222035774076493824
221934324524658688
220930857777643521
220784783075180546
220566461943525376
220525864641757184
220433793390100480
220425660814991361
220425066901540864
220424785094643712
220201693399363584
220115735547088896
220075440059064320
219820335015542784
219814639633051649
219801392112615426
219781278566846465
219517762178002944
219499493031292931
219499078105563138
219478014277324800
219442625177075712
219424168050032642
219423677123534848
219026074212904961
218649735215591424
218638005093666816
218630646065664000
218584579538300928
218424967468023811
218424454647255040
218417667927842816
218281373369237505
217890209872883713
217726069380354048
217695150460248064
217582823291359232
217578141651181568
217544034246328320
217382640305717249
217270123277459456
217163467487059968
216842604162195456
216254496412672000
216187587386277888
216155996693872642
216142909907550208
216117161838649346
216104056337350657
216086126308503552
216077897016934400
216077886690562048
216075535221141504
216049464601886720
215805729083371520
215796635874246656
215772972529623040
215752611494768641
215705377763897344
215393122434297857
215381143015530496
215357236585832450
214999931096797184
214997968892338177
214766577529274368
214766290773086211
214756245486321665
214752985350291458
214727308018327552
214723229242236928
214710810319126528
214685835172397056
214648497683701761
214644303543287809
214329923140190208
214289513097338880
214285548859305984
214284978865963008
214274489545015296
214104530957250561
214050101092564992
214044612212424707
213975303054307328
213913284049506304
213912242117287936
213908357248069632
213907725233561602
213903401845669888
213899368892342272
213896443780534274
213767297519714304
213763333847912449
213763172157505536
213762321611374592
213556182412050432
213247980181004288
213197339635093504
213028446425710593
212965672999845890
212926930318667777
212923889930608640
212835444050767872
212834971902156801
212816311540137984
212807189012807680
212805051603886080
212804396998856704
212575570528178176
212459076007899136
212309267204673537
212107423903780864
211939682517393409
211919860966502400
211919205098983424
211918885618847744
211918063229091840
211916020393316353
211880463839670272
211847776890392577
211786377132650499
211761757876797440
211005626598424577
210846391285710848
210807627930808321
210452935052771328
210452171337105408
210392910112362497
210390775555559424
210381472169861120
210376295245287424
210304397392089088
210279233283559426
210071833272270848
210000895394590720
209993447946457088
209930548154601472
209757187487178752
209668475667480576
209375955863617538
209374607847849984
209360089000312833
208993228098244609
208936516972593153
208865423503003648
208592266254745602
208488159430967296
208474973734572033
208259139162476545
208100979244150784
208099108995608576
208093850588295168
207761579842875392
207739564691947520
207730473206681600
207447083509231617
207434082362204160
207360034349400065
207358439842787328
207346550219870208
207346214549733376
207345290175451136
207145415626342401
207144341788041216
207129203206922240
207129021203496962
207128253733933056
206843235681828864
206840426882277376
206704699905290240
206704537598312448
206693119603916800
206396342245933056
206048421994430466
205632882696388609
205624207269302272
205261906213216257
204960214674448385
204951232324972546
204929620095664128
204919152924831744
204530658591256577
204324277829382144
204277853687250944
204258244171018241
204257860828405760
204127058023030784
203763385911877633
203511143879294976
203493187157901312
203476900629331970
203476316522156032
203457466263015424
203423361626415104
203148650552111104
203040474754318336
202877274503122946
202770562857189376
202726363046756352
202646636554498048
202317394939609088
202104622104580097
201960091937804288
201948697964195840
201927093712470016
201742007629119488
201705458413735937
201704759286185985
201427617277165568
201390558260895745
201333790264672256
201333354681995264
201318180164087808
201007830810112000
201007789919838208
201003915527979008
200950438483333123
200914976523821057
200908512149245952
200907898837139456
200850886078119936
200834127564517377
200628197149249536
200522672382283776
200461151639842818
200460207481028608
200317087632199682
200113030732853248
199870076571230209
199525767292534784
199257427785424897
199205353156640768
199054910493442048
199052009700196352
198771066519293953
198424214427025408
198002041975611392
197820387025891328
197740707828613120
197682224387211264
197645584419651586
197409719101562880
197328186546204672
197065919086854145
196970062211584001
196954123885744128
196953969749270528
196945817981034497
196939156323176449
196917668480155650
196881752747290624
196685125243768832
196684879780524032
196579643862687744
196326955501617153
196212771489185792
196207265869602817
196206291792822272
196188813494722561
195891349625634816
195778817783115777
195760316049670144
195541417358147584
195539642169303041
195483997248307200
195431825961787393
195426833993441280
195206026272845824
195204734381068288
195099190622298112
195057052807217152
195050669424640000
195050088509353986
195032557862133760
194922234190643200
194796520061669377
194764483837698048
194413354792652802
194412953427120128
194389460937490434
194341280434761728
194334678679945216
194334604390449153
194334412136136704
194333857284239360
194331138133733377
194171916750307330
194109683768893440
194081577012178944
194077705346613249
194042864710336512
194042718748540928
194038617885257728
194019269640597505
194014937675337728
194009913771556864
194008640762548224
194007499794427904
194006374152273920
194003567391145985
193992782078148609
193816048385015809
193791904268304384
193779083451187200
193771048234258433
193755802383822848
193666875811577857
193666663974043649
193401407175524352
193290069258420224
193091988730548225
192900862526488576
192899265759166464
192679102023614465
192675757774995459
192675150813081601
192656620084396032
192656181762867200
192594448641818624
192572784700964864
192545506612887552
192537476349435904
192293053690683392
192292674131333121
192283981272727552
192179784414007296
192006159241199617
191971033002151938
191955240218660865
191937449910480896
191642452325711872
191639195847098368
191548260203241472
191547142605766656
191529312975978498
191528976706048001
191528172821561346
191168723971883008
191168488134549505
191168406068797440
191167895483580416
191167358231003138
191167206749511680
191167027023581185
191166983872585728
191166552823955456
191165694694526979
191165472148959233
191165424149336065
191165108439879680
191164955150647297
191164323756916736
191163799355654144
191163710507712513
191163162836480000
191162541819437056
191162163132514305
191161549644238848
190867540757581824
190839405907423233
190728605460987904
190599315893403649
190599096829091840
190598951324487680
190293860075847680
190202092793769984
189919295101341698
189919279318171650
189919242395725824
189919030633705473
189919018415689728
189918997226065921
189816130670559233
189815272448868352
189695027776200706
189546283395059712
189299221487304704
189275900376907777
189275165882982401
189274356831100928
189273975384322048
188923009136996352
188548660915744768
188224879714238464
188201878121754626
188201305821548544
188179980138725376
188023977938124800
187933199828140032
187932341539323904
187932091982430208
187904245234806785
187806295615741952
187286724181897216
187258836191682562
187253341036875779
187245871455408128
187206456590876672
187197623919321088
187133755692023810
187127180684300289
186794918788866048
186731838021181441
186703710783672321
186537348941623297
186483718876168192
186384390790713344
186384119201140736
186383079747747840
186382120879529984
186012521143074816
185698503710875648
185631691493228544
185101517089538051
185101467462549507
185020217343225856
184730432389136387
184614852759785473
184599109137739776
184204378033496064
183954649282392064
183532519386386432
183528761264848896
183109732041637888
183091344556822528
182464985224585216
182181963724111874
182032280968118272
182023068766584832
181861262433583105
181287159817441280
180981934443347969
180585422148222976
180583550083547136
180286781139329024
180286603896426497
180286218070790144
180285920388464640
180242465536741376
179980086970294273
179542105956433922
179501793921867777
179499637164621824
179484210988466177
179483100336766976
179125864745811970
178881831096168449
178792101239201792
178782491602206721
178545985583194113
178480897400647680
178450505683566593
177712647519731712
177709680460705792
177709427489652736
177518442709131267
177310924191956992
176677519855071233
176431267561213953
176384786909237248
176337188106149888
176283135166779392
176282115300786176
175149007063101440
174612816614002688
174405654541369344
174031252196835328
173845598204739584
173350478682390528
173045647526739968
172999745852293120
172454655685693442
171894341353213952
171673824432099328
171607970239619073
171506787856547842
171279133945503744
170908328422154241
170907456933871616
170906896952336384
170906689816629249
170885351357947905
170816833354604544
170813976588992513
170813360152133632
170534715965714435
170108481251180544
169844370751750145
169689826847764480
168984341131689984
167929944222081025
167865509189140480
166930616305197056
166930154050957313
166804483333033984
166099061273919488
165899292333182976
165761134622806016
165439649328803840
165343878478696448
165049173861863425
164723657447440384
164627430651330560
163925546974187520
163752309875163136
163710137339617280
162622395721596929
162099629272481792
161100702217805824
161023265047982080
160764769039679488
159957457790185472
159565507681468416
159183225779007488
159182638450614273
157920512817889280
157849701906001920
157844284031254531
157844005487513601
157567372176269312
157032684651159552
156011886029176834
155955209825296384
155300330433806336
154897747537960960
154647391243476992
154493158443585536
154244858503110656
154161499420626945
154144358646546432
154144225276071936
153970231239380992
153818901518618625
153799206707011584
153795768057217024
153762897116409856
153403395720495104
153260522685468672
153152720969269249
153055575473782784
152889970074468352
152836893468401665
152678614096285696
152548344294686720
152450449658740736
152450233723392000
152435913593585664
152168547508953088
152158233627328514
151950929166475265
151748280282386433
151583505548181504
151251392294682624
151251187243556864
151251010952761344
151016543000600576
150891365272784896
150608478178779137
150505332362313728
150277882848096256
150273582897958912
150189359826608128
150159177971531776
149825062432804866
149650316906856450
148797530610733057
148678736215158784
147838902441484288
147594908847448064
147303042985893888
147115107451797504
146673365216792578
146636504679194624
146605539026157569
146548818740117504
146548649613197312
146543719481487360
146541380775329792
146519241959546881
146255328047149056
146127780059430912
145888965633904641
145808935520182272
145808773297086464
145786857089802240
145205597418164225
145205279179538433
145195662764539904
145186418849878016
145183531788804096
145183308005900288
145182169705353218
145180038969561088
145169961768325120
145168569406205952
145167226771746817
144852052894420992
144848979635613696
144418059644448769
144176074639675392
144096840479031297
144053014980857857
144051332934942720
143751329607729153
143423459966464002
143331278098407424
143096103443771393
143095821137743872
143057147176030209
143056467623288832
143055329117220864
142946209030602753
141890558581936128
141666885195415552
141131942631448576
141122119248515072
141109959625678849
141106093609861120
140829922699649025
140061136920907776
140010886055206913
139853523927048192
139760326601211905
139616402695913472
139350848642883584
138995484529397760
138993710171029504
138991317421260801
137880549925715968
137690439292682240
137690276243316736
137690237546672128
137602870315974656
136209172680294400
135422934272573440
135345069719949312
135139483657052160
134715972580945920
134661128226742272
134641571420319745
134615101864026113
134614968204132355
133980219160793088
133933851830517760
133866149174706176
133859700604280832
133857631638007808
133840542030233600
133569478012313601
133562875955527680
132985785828909056
132670770672435200
132467449659531265
132096811786706945
132064174976143361
131799070648971264
131780748624658432
131780021760167936
130799818913234944
130781418308644864
129877632039927808
129170760085409793
127906369725669377
127906043647889409
127323148872990720
127109811518181376
126731668366176256
126730510352392193
126615856326258688
126615288446844928
126587730422542337
126410827912843264
126410712229748737
126410593220562944
126383151965683712
126372162318770176
126371530694336512
126333778938441729
126332610224988161
126315784262795265
126312698467205120
126309896638578690
125868037114052608
125857225100111872
125851792746618883
125850381497548801
125848420702355457
125589080682676224
125517818862120961
125517322768224256
125305244019212288
125253210372980737
124934670843527168
124832855405764608
124507493220106240
124164754930540544
124117476412887040
123866661261557760
123538208167444480
123359401275953152
123091379504164866
122887784921956354
122155734770270208
122010968564830209
121620019225440256
121557183929389056
121556937144926208
121412766773936128
121404074427031553
121197838129569792
120240927301304320
120208821753872384
120118866507595776
120117038839631872
120113973394817024
119412625418354689
119376384555630592
119374066451873792
119262086403600385
119261582869004288
119260720981483521
119259959048417281
119003441422016512
118728995251552256
118716260015030272
118660069553483777
118404207501000704
118301815409348608
118301337803952128
118300750483959808
118300452076007424
118299480469676032
118299153418817536
118299081226465280
117667242031841280
117651261830086656
117650800859291648
117649267568541696
117579619904925697
117533264796860416
116840131289296896
116839908609495040
116837608750972928
116777871493709824
116554853102264321
116147141151428608
116146248104415233
116139989280104448
116139814545408000
115773601839456256
115770847637143552
115493937648631808
115492718305738752
114700934822629376
114474199099252736
113992757802057728
113761866949464064
113640839833587712
113639962473275392
113639661406134274
113637829715832834
113637474881912832
113636784503668736
113636226673815553
113630171772358656
113609330380648448
113257440786657280
113252932333481984
113251000160231424
113250117062107136
113247817576890368
113245807653830656
113220039322247168
113167836297445376
113166165693579264
112554272012517378
112102692209438720
112067061253017600
111752497210720257
111459422131322880
111386675409723392
111373778918973440
111100866722922497
111099363207548928
111098769403154432
111094061577928705
111092576215506945
111073754670575616
110969379017076736
110960990178381825
110826429633146880
110762051923755008
110734343651078144
110703295844196353
110426862093729792
110404954765791233
110395899003404288
110369862127333376
110369792204087298
110353270454763520
110050640956366848
109624995835154432
108560267880833024
108396346523910145
107867063816699905
107853516978130944
107853388926033921
107417737692848129
107413614587150336
107396216488345601
107395091064295424
107036957913255937
106654719803527169
106316971980750848
106271481864011776
106022183108751363
105781259518750720
105408353072717825
105401970222833665
105398375838527489
105395741152919552
105390279170859008
105387620959391744
105383122174095361
105382979219619840
105378808458256384
105378546570100736
104947035693793280
104842388844982272
104612162026209280
104466760119496704
103586105131143169
103582690690863104
103578156442714112
103538129222377472
103105304367075328
102645675321327617
101996593682726914
101119287833542657
100900565718011904
100741558197944320
100538672033710080
100171516158803969
99986068748775425
99436994324729856
97988119558750208
97015420770451457
97005535718674432
97001079140651008
96976985636605953
96976657117745152
96976316229890048
96976183794741248
96613918130184192
96607907713515520
96574476438863872
96541993928359936
96541216488960000
96540319138590720
96529093088120833
95825037579386880
95818411640229888
95773629429727233
95769189788299264
94358979043540993
94342469185056769
94336871831830529
94333532759015424
93934017837150208
93933240448065537
93395896271773696
93349619781738496
93338216173797376
93328768453709824
93327701343076353
93326720232472577
93319668319793153
93318757715410946
93317694220283904
93080794184163328
93006332306800640
92715655392002050
92679832948846592
92628170502705153
92624906507915264
92622963769217024
92621876790169600
92533831466364928
92533401562779648
92532990260936704
92510365325336576
92269307807023104
92188399909343232
92185013776433152
91989917080616960
91883520376582144
91851550573604864
91851193055326208
91795611946463233
91569699539787776
91552102513520642
91498737733611520
91475876637708289
91475279654043648
91475122858377218
91474895254458369
91474862308212736
91471306792517632
91456260305727488
91431334429474816
91155563567792128
91140663206359041
91115768481193984
91068444736364545
90828564651446272
90665875962732544
90495190510481409
90493728401264640
90485432399298560
90452019768344577
90435990493216768
90433389840183298
90430090588069888
90423481052831744
90419899519864832
90400530857336832
90394865510264832
90382056676278272
90381712307134465
90331954452496384
90331477547560960
90326009202753538
89969225602580480
89691850214080514
89641834338467840
89398055153057792
89387364589379584
89257652273676289
89257604521525248
89257299159420928
89227947818491904
89095621889376258
89093873229500416
89093267597172736
89086643780337664
89079561752543232
89030651684192256
89020267468308480
89009893218062336
89009139656835073
89008992373850112
88998946101407745
88997704058929153
88997211786055680
88683830139039744
88623931333939200
88610004810211329
88609869325811712
88568909430665216
88547998262505472
88546067590811649
88537449562779648
88535414113173504
88534713169489920
88529414945644544
88515089979813888
88504458694234112
88503611289640960
88502727059062784
88372178059411456
88366524515098627
88363624430698496
88360636811198464
88353268027244544
88339700154249216
88310928919113728
88304643855237120
88283133610426368
88242385661870080
88216248034394114
88180864772612096
87904066440658944
87899264126173184
87864333018742784
87777652315930624
87196822178770944
87122008701272064
86818840729755650
86132808199847936
86088193665007616
85985690147500033
85842105611722752
85810087364530176
85809877028585472
85809774008074241
85809288680972289
85644071120539649
85591400556675072
85450644193935360
85382945472393217
85328716045103104
85053679031435264
84585022081871872
84311800505569280
84287633643143168
83525617559142401
83517320957407232
83509870954954752
83476641241776128
83188229049815041
83178354655768577
83173890548961280
82744343827451904
81694923690217473
81684036250124288
81350977327874048
81311750649167873
81305802341744641
81297771847622656
80752416395497472
80748042541727745
80395660498706432
80388120226447361
80384553428074496
80193052513288192
79852158899593216
79543315162337282
79496748178997248
79480071022321664
79475593187557376
79117526373646338
79117040450945024
79116895080546304
79115354751762432
79114925221478400
79114279244148736
79113144760410112
79086066291838976
78779623432921088
78778168504360960
78423560984596480
78102842090594304
78102619230445568
78102540918595585
78102268263661569
78102114185908224
78070880999182336
77991490135146497
77374588887117826
77344586493726722
77343247038550017
77333703319240704
76676532306853888
76673408431169536
76608461420503040
76398997446737920
76398139392786432
76370541602283520
76277516045791232
76244089997238272
75985903654420480
75939911001309184
75939048836968448
75854948855853056
75854507841556480
75847473016475648
75836588826963968
75612397531955200
75477008351633408
75313277344813057
74772685179191297
74771425013141504
74406274019762177
74177100839526400
74175544895356929
74083613435625472
74073445968785408
74065655401418752
74012672223485952
73779498356715520
73669136475095041
73387567533408257
73350478011973632
73340503646670848
73327967002050560
73327741142958080
73011191538139136
73006414292987905
73005814759170048
73002456895852544
73002268001173504
73002213773021184
72999387969748992
72987432563380224
72764270575763456
72670103019327488
72661759743361024
72653076145766400
72591966398988288
72567999906840576
72330771565772800
72324652944457730
72268001465995264
72247680855834625
72234084801331200
71966314889097216
71965942682361856
71896657826033665
71586635363516416
71583743638380544
71509751833427969
71328101170282496
70894061535498240
70555169573699584
70484316903317504
70426642966773762
70426454336352256
70202816160997376
70118113206738944
69780807660736512
69660400781754369
68994816104607744
68690381776228353
68690142986117120
68393134643625984
68219853231751168
67893048973066241
67870372036481024
67860078048444416
67857796946853888
67688846703337472
67545105334153217
67488069460299777
66565043994624000
66561506938060800
66555461066960897
66451041813676033
66398443542806528
66266227315707904
66207583085666304
66166705893810176
66048760811241472
65918551214665728
65905076589436928
65882719216861184
65871532005654528
65864234134814720
65853365581656064
65853259180552194
65745861858164736
65708380349665280
65683273141071872
65531142056583168
65530799268704256
65457254513655808
65375349353095168
65337484611035136
65336827028045824
65324019288772608
65321578963013632
65171435357880321
65170770241929216
65156510317166592
65126410745954305
65126348477317120
65124340378779648
65123664022081536
65120316665503745
65115343290511360
65115008551493632
64822770923606016
64743176862318592
64651918038933504
64613659095220224
64389015213842432
64372504793333761
64263219153346560
63929915648643072
63929906924503041
63884798254514176
63876963529539587
63710119355088896
63610530362953728
63607733617831937
63606394443673600
63605491045109760
63186759688794112
63139689544159232
63138823705600000
62996262840049664
62976216394772480
62966735669698560
62922394465087488
62806199132884992
62585157760200705
62254679463170048
62072550112501760
61432947785465857
61105230074490880
61103666869968897
61036453848821760
60994882998775808
60992016636579840
60751140052152320
60066460105576448
60065900467982336
59540386976247808
59540021916598272
58996313160826880
58897812066279424
58483617902510081
58474831301189632
58423531695915008
58175980153479168
58171402607525888
58102882980990976
58101090863947776
58094207415492608
58061417223438336
57904108169994240
57765190783082496
57414950364250112
57412300570759168
57387967160918016
57369594083553280
57087456243220480
57029677344235520
56679818426712064
56411463794950145
56409187940438016
56404269854752768
55709104483729408
55602369743958016
55568592552468481
55568439632347137
55218712759894017
55215860306034688
55215196154773504
55215029611532288
55214963198935040
55214184627052544
54858670521073664
54856519988150272
54855299667992576
54854764126679040
54303721131212800
54274767930408960
54274673843765248
54211737288851456
54145909595975680
54145403116982272
54145362746806272
54141599147491328
54107481248514048
53829410972909569
53807540961689600
53748776346718209
53567746503491584
53565148845182976
53564655670538240
53562985179922432
53562414817488896
53560928968523776
53560348820783105
53558734273781762
53555883887689728
53555516890292224
53382804993609728
53359650833313792
53356070453776384
52644749299023872
52129231173459968
51214335942467584
51214029628256256
51211638338101248
51210326204616704
51209680231473153
51208921108582400
51207955743387648
51201353267159040
51201162145308672
51198827776049152
51195107927531520
51193819290550272
51191429053153280
50840787604348928
50494530633474048
50489989225660416
50230026808999936
49248996006445056
49199883781025793
49058926825709568
48834513597497344
48821491265048576
48806231976050688
48798414523211776
48792083888214016
48791506127040513
48789761858609153
48784830271459328
48778376592371712
48769771658936320
48757216077025280
48755980971941889
48753731067592705
48751311121952768
48746504931905536
48723482367897600
48714696517369856
48708633369919488
48692726081921024
48683414869651456
48674348571172864
48671180084871168
48670482253352960
48668413605851136
48531928617459712
48529532973613058
48529355923652608
48525042077802496
48525016698073089
48524714448142336
48523027578748929
48520664214282241
48520057369804800
48519043795259393
48517344808534016
48517036732719105
48516456018747392
48515489185538048
48512137060036608
48511330390523904
48511241068625921
48511013452136448
48510273425915904
48509950070239232
48509393016336384
48508479886991360
48506701279801344
48493194597498880
48478394073100288
48478282869522432
48473246244405248
48472648228933632
48471563841961984
48468411021402112
48459311231414272
48458296390193152
48414936254251009
48412856475066368
48412530191761408
48412169389359104
48409940842381313
48403820987953153
48403423560863745
48383345121431552
48380911695310848
48350437392384000
48337181219106816
48329412436967424
48309183115833344
48307258672689152
48305838783336448
48304947938328576
48302305220636672
48103812984090625
47987032185769984
47986518245113856
47985801019146240
47945804421414912
47809506180206592
47809042600558592
47808994974236673
47805178874839041
47692025063149568
47687361269731329
47686677778538497
47686351491039232
47673051353059328
47646721735532545
47597503738159104
47596834373382145
47419708898672640
47417579425374208
47410906795212800
47410557195788289
47362741278748672
47315966832549888
47312003299164160
47308234511491072
47262684147744768
47261851440001024
47259907342340096
47257125558304768
47256840542756864
47256363377758209
47251361406001153
47249751506305024
47248103828496385
47239349661736961
47209853554409472
47205772916035584
47034912414511104
47034628049084417
47032515927613440
47026416591699969
46948241090154496
46947350098362368
46921432097226752
46677738928607232
46561116146507776
46541322286411776
46323255874813953
46262751953305600
46222384608448512
46193368291753984
46168998353702913
46152360732524544
45868519589556224
45797616495230976
45762091520503808
45759364589563904
45757988102881280
45565152497643521
45564982619942912
45550518340300800
45547630100611072
45547246237925376
45543696569073664
45523645862395904
45519059940413440
45517577174257664
45517476477419521
45516115425763328
45514699802017792
45513784726528000
45509791958827008
45399556371918848
45397621166178304
45252007635845120
45061253399461888
45037819810430976
45033184475365376
44807902489346048
44555897585930242
44369035160330241
44189301315092480
43854126051893248
43786190033391617
43650951822843904
43643817831833600
43643481524146176
43287506447380480
42222875842846720
41918271175397376
41475237384175616
41474968139206656
41195788017217536
41137088418025472
41136433720729600
41127743714377728
41127127348809728
41124636288745472
40904876502421504
40882059627077632
40841336462508032
40833475435184128
40805683049938944
40774999107317760
40752526261223424
40747374926249984
40588722827296768
40549400791105536
40131884952465408
40103563627732992
40034381665927168
40023621917356032
39714132580249600
39713973846810624
39713815150989312
39687790987968512
39684579543490560
39344881533059072
39344596169261056
39305329753866240
39302873481347072
38595336679202816
38576284351201280
38450471827935232
38450237899161600
38242304548544512
38073024607555584
37871532160057344
37863839454343168
37564342039740416
37563671244836864
37563479716147200
37561848463237120
37560764579450880
37558912957943808
37558670426509312
37558513102233600
37505125815689216
37494471264305152
37181617013260289
37181508657610752
37173927071449088
37153848078376960
36753017600475136
36741990917873664
36734787968307200
36084175953985537
36034503961092096
35997657008709632
35713149093023744
35673726162829312
35622368093143040
35607574808240128
35083492903755776
35040283527749632
35006866048155648
35004027364184065
35003282497732609
35000725360607232
34997832993742848
34993474864422912
34982677459374080
34919282181668864
34912398301200384
34542034597453824
34335234598113281
34198274550267904
33978609051901952
33977573033779200
33976735133343744
33963478767112192
33957664182509568
33956350241280000
33953135282102272
33943433097781249
33851395249545216
33849387834671104
33482224955424768
33480374801661952
33161602949713920
32965430276526080
32961173024415744
32174321602404353
32155450849886208
32075060982321153
31829717841608704
31102442443640832
30985638773792768
30638374662443008
30614397063798784
30614148853276672
30447750592077825
30304423393624065
30304219512705024
30256995084795906
30254597159256064
29894105119064065
29888868425666560
28771719124623360
28762373657464832
28476451032403968
28470265520328706
28416939885858816
28044376546484224
27021218783694848
26994718655119360
26992301469335553
25855681139576833
25853732021342208
25851158606118912
25127190265860096
24758523338424320
24737350961594368
24397742344245248
24380382786879488
23508562642731008
23448953160736768
23365755210825728
23027008267091968
23011073430921217
22789497175416832
22636682889138176
22636038992171008
22594849089785856
22592546844704768
22563488404606976
21707130432135168
21706704454422528
21179156020596736
20934724662857728
18671287706591232
18273257497034752
18270358142459904
18270010011029504
18269750308118528
17926970239090688
17912518995345408
17912238278967296
17911981310746624
17904973287268352
17903704824872960
17901991992758272
17876521712623616
17680054012092416
17668910845263872
17604472758861824
17593228240883714
17568728556249089
17568320240754688
17565479463817216
17533152952061952
17525486087311360
17294593095630848
17274722202947584
17209092758044672
16852863133163520
16676591094468608
16673170677309440
16669069759488000
16663864728879104
16621459254284289
16561359684632576
15668667349991424
15667601745121280
15457058761482241
15346984877559808
14943613431582720
14517766585323520
14497633506689024
13324197463859200
13205614381502464
12890943594172417
12062395723681792
12059979875876864
11838831833645056
11768882511482880
11038739631443968
10654289391255552
10652678489116673
10652360959328257
10650925320372224
10631214620741633
10313781611593728
9996659815620608
9245427589193729
8950736750649344
8923969306497024
8914642793402369
8496424337543168
8495683002699776
8443080071970816
8121153990168576
8084835335675904
7865600726536192
7435544573255680
7054777947004929
6786549131780098
6769388648669186
6613712437776384
6306415413043200
6140194973548544
6015066528808962
6011019532959744
5928081445355521
5916043708989440
5686017491210240
5577880360718337
5573058676924416
5552017690861569
5367505656745984
5366479553826816
5313682623963136
5309115555381248
5228976544944128
4510792938430464
4506322619858944
4500551840563200
4493118732771328
4288720056352768
4286800306642944
4131611922669568
3736592065757184
3504054407790592
3449221290135552
3392542699687936
3392301325877248
3204227211988992
3061146424709120
3053226018471936
3046702470668288
3045881414688768
3045715236364288
3029492926779392
3025356298657792
2862836460027904
2763157793669120
2717585502117888
2695645622173696
2673957656334336
2664989013843968
2636840578326529
2620630247673856
2484143363461120
2445403974803456
2406363384778752
2403502978498560
2322024923922433
2071650501660673
2049035200372736
2029991055331328
2020322115067905
2019238751510528
2014084765585408
1990135147134976
1675736192651264
1668532215480320
1586717207302144
1290252035563520
1232990348775424
1229782620577792
898821290725376
586654192508929
586230945288192
574644289536000
530130535456768
478260563542016
29691127489
29685959334
29685843789
29669011420
29659515900
29658889267
29658781046
29651698187
29552574578
29474370985
29467652454
29463198603
29454482393
29415884156
29411802921
29403568149
29308349983
29303705800
29192825828
29192558008
