397844225536307201
397716237129887744
397286291785936897
396751148398690305
396731590036176896
396707209171972096
396704791512248320
396276874969894912
396027161314074624
395289530892558336
395288907652530176
394950504188772352
394945686971887616
394944995926753281
394833444964147200
394565214961545216
394563629754118144
394553597171474432
392549924174561280
391997611743666176
391990160533225472
391990016077201408
391881517191798785
391880581610737665
391539451908079616
391508288124489728
389863979553927168
389478816844095488
388990477066055680
388988983944171520
387848772241592320
387682737349730304
387680655590821888
387676512016941056
387672149563297792
387670643741052928
387661910721961984
387661405014753280
387253885582458880
386937041554268160
386821300293238784
386248682653618176
386247792634896384
386244132169342976
385891352367874048
385858907404779521
385524365477306368
385523280457007104
385132108139999232
384335775158263809
383968521157623808
382853961155637248
381896762933665792
381777114137374720
381130090102652928
380745347079110656
380362469518368768
380313218130149376
379929263602171905
379925059714179073
379894394700443648
379210586057629696
379000928852246528
378584530413948929
377900622512947200
377871368219820032
377863716030914560
377863560803930112
377863455992467457
377535240233037825
377410399597232128
377102590150205440
376970591896866816
375981245626585088
375369293112029184
375368882883940352
375364297406554113
375358860577751040
375178986781179904
374967144813174784
374902136246927360
374648834045255680
374607761017143296
374545343670915072
374457632964497408
374455150351749120
374164361159639040
373744353753440256
373743907500462081
373743843176615936
373560158120861696
373559036551393280
373362736140656640
373179718969069568
373179460188925952
372298293201862656
371934151873953792
371727765554593792
371726913376886784
371726774549622784
371726613932941312
371658586209808384
371406141508812800
371371420934492160
371308530273628160
371273599132647424
370853425451634688
370844919881285632
370843071455707136
370582264851480576
370567784931274752
370557711009996800
370529739888685056
370478894333583360
370475071305170944
370467134193041408
370239470039474177
370119794127040512
370117014389817344
369813152974000128
369797216040656897
369555416369627136
369512436992184320
369486161179201536
369212247601455104
369211210555600897
369200351007629312
369197040976154624
369196619964481536
369194976120303617
369193479538106368
369192861473853441
369191448597372929
369187767550369793
369185757165916160
369184002319470594
369182282638049280
369180235196923904
369179346566516736
369082541547864065
368461469010395136
368461183978061824
368460414394589184
368459988483969024
368459469665341440
368458916692516864
368458766158954496
368458452181712896
368458201093914624
368458115467210752
368020016975081472
367946393430028288
367945788913360896
366956649128280064
366862189363081216
366852702526898177
366850086665330688
366669715373953024
366668398458966016
366664926619648000
366662790192185344
366662510738284545
366658333039542273
366658137379438592
366656654000918529
366654763477106688
366653802838888450
366653085197680641
366652948266225664
366652682708058114
366650774782095360
366650504455012352
366649698381070336
366593779119046656
366590968159404032
366588574499475458
366587523750834179
366585215461752832
366540153868656640
366296863516790784
366294250792566785
366188389290082305
366147866936352768
365830280914796544
365806205630816256
365409079826452480
364748520378474496
364355267267690496
364148741873627136
363714261027389440
363710481862623233
363669472172716033
363615959367421952
363615131550236672
363322645095653376
363322070123683840
362960322405343232
362960283163447296
362932587368419330
362931852689936384
362922648650924032
362499333888815105
361048537150136323
359426121940885504
358953648082006016
358953229897302018
358156796017377280
357630555447242753
357629858731405313
356920611521560576
356347294091706368
356347117616377858
356105033533763584
355640512079867905
355640075637370880
355465804013256704
355420911752577025
355419969955184640
355070837621129218
355070701952180225
354882393489940480
354739199229960192
354729212134948864
354729043389710336
354704505444630528
354654617893744640
354637401961930752
354637381388877825
354635904972881920
354635788299931650
354597565360111617
354586366643937280
354585923192758272
354585768926248960
354585474322546688
354548499070717953
354527010053300224
354273809701941248
354188683013922817
354140972793344000
354139759637053440
354138890560487424
353609186069848066
353509870315651072
353189676925992961
353186667533844480
353144732014223362
352918438953500674
352907998835900416
352907866539180033
352906281767550979
352904407018516480
352887907276697600
352839908391522304
352525513488728065
352525380420251649
352525296215404544
352504174044393472
352487752899624961
352487561186377728
352334977284841472
352334755871727616
352155552807264257
351737390508933120
351647650560483328
351465452968476672
351465328619945984
351465004622553088
351464624115286019
351402116159520769
351400509564919809
351361091202322434
350944677043773440
349971149687488512
349967028330835970
349938522641276928
348987809585041408
348880879902392320
348843226033188864
348843006713004032
348842824856391681
348842113930235906
348842045416288258
348806502359912449
346961378843701249
346948058380120064
346897082600280064
346689182653091840
346411911061049344
346411596215627777
346403967418388480
346371723412787200
346350257132695552
346350017310752771
346348967262564352
346346961491869696
346346719958671360
346346592963555328
346345651363258368
346345165918715904
346344319336198144
346344260985028609
346334966789062656
346334645182410752
346330914760040448
346223467554824192
346222148802711553
346216064146894848
346003655977234432
346001264020176896
345962052768124928
345948809542639616
345420751635107840
345412209972740096
345237279582846976
344489394092253185
344488012119416832
344052186575151104
344051905770684416
343838355227815936
343832213521059842
343831941197463553
343831659084390400
343830683069853698
343830408598798337
343828030579412992
343826869663174658
343820857128415232
343809913811763200
343806344974987264
343803194595487744
343803010683641856
343799444979986434
343797444523483136
343791722930769920
343784850165211139
343751985620721665
343721621594443776
343698690092982272
343698062205677568
343695324478582784
343682273750687744
343359206004498432
343353674308915201
343345072806445057
343333921448132610
343327813291614208
343322537075302401
343321697417560064
343321300464439296
343319984480591872
343317432242421760
343316710490783744
343121738604879873
342922599279505408
342739976892588034
342659424374108160
342606629025480705
342561051507834881
342380222320091138
342269415628349440
342268533020950528
342202460204580864
342189520810278912
341982676225503233
341982501532737537
341817926896189440
341275408609710082
341268732980625410
341268188199256065
341268158348398593
341268027314159617
341267773701361664
341263950790397952
341263358634369024
341262769062019072
341258686091624448
341257575569977344
341257532439920642
341256676130824192
341255735625281536
341255413850836992
341255137538494464
341253007356350464
341239118115782657
341239085723160576
341233874191388672
341206245019107328
341204049368055808
340624894675021824
340565034893709313
340564144057102336
340563811922759681
340553498200514560
340552699181408256
340199343422328834
340136142743695361
339824995729555456
339032352770633729
338679054553198593
335220181460721664
334762841007599617
334668610721165312
334300410112258048
334018843796180992
334018640200482816
333904086569193472
333704530158043136
333679772360114179
333679295912366081
333670759446765569
333284721264062465
333284387410038784
332968261719306240
332472374597402627
332406241462714368
332246880266371072
331858257335439360
331524582542557185
330775921290248192
330371439339401216
330356941526278144
329861605284261888
329616019607928833
329336641233772545
329286004232056835
328766407464587265
328437959818874880
328111916385964032
328106371889381380
327878050089930752
327838950662217729
327490978061619200
326676862304665600
325894830536417280
325603768022466561
324565891339649024
324555050317910016
324549092174884864
324531456854609920
324530065935323137
324529800112918528
324219220621684738
324211220477513728
320918496374579200
320619110415360000
319218212829032449
319146590382215169
318818929076211713
318818342834155520
318801189397487616
318799934419779584
318788481746890752
318750814413934593
318672309093285890
318656807264477184
318651676129099777
318650389442478080
318649791607369728
318484384971898880
318456757728968704
318450675484872705
318450115079720960
318446201055883264
318446192172363776
318437880617906176
318437734412853248
318333604247785472
318333341977935873
318303425517477888
318287830654803968
318287416601497600
318287286032822272
318287190289432576
318104489557098496
318099896710340610
318099736454377474
318076338974109696
318054876682784768
318026582327427073
317976757678526465
317941883873669121
317941182976102400
317940744960737280
317940489154334720
317940296379940865
317939357132652545
317939264912506880
317779185177358336
317757195674611712
317755746731311104
317754753796935680
317728772470231041
317728032242675712
317726580732461056
317726465124859904
317701652704550912
317645225361305600
317605999634690049
317601025655726080
317600966310506497
317598495324381184
317598416253378560
317597459612319744
317597044632088576
317596842185605120
317595728430108674
317595344265416705
317583880636989440
317392433803583489
317295959954575362
317295778966163456
317292492984823809
317258166809272321
317257503085838336
317254449007587328
317198514721525761
317161458532220929
315915835069829120
315915548506615808
315915350585794560
315779074003959808
315565383069347841
315558033503703041
315473563505262592
314382105616478208
314381854822244352
313930958841708544
313930869431746560
313669543438479360
313625194277261314
313624916895354880
313250169447661568
311093307864412160
311048862301298689
311017131485564928
309803687285497856
309802980088098816
307951392067293184
303994943804944384
301710420681572352
301241422089187328
299430515239419904
298564739687137280
297848469501120512
297693020613144576
297390852504948736
297389688182947841
297072877247815680
295659978826592256
295139203975634944
295139040032870400
294952427168346112
294949329880358912
294948515484934144
294553077812432896
293712818161713153
291312083084132353
290532523975516160
290531368079851521
290521575894175745
288777829980708864
288766832930869250
287178377364897793
286222443490729984
286218048803835905
286075709867302914
285898592248541188
285811987714277376
285369437434040320
283909389184794624
283908533622280193
283512861676937217
282959114915688448
282957839859855361
281827922380197888
281079353767518208
281043060199157760
280702415324475392
280347145066917888
279665346443636738
279664598750212096
279194499153014784
279194473651634176
279015535537180673
278966006448283650
278965783651049472
278963472635666432
278962224800874496
278953633792552960
278952852506939392
278940481533120513
278876983738384384
278843660802592768
278842758272266241
278842316863700992
278842045450289152
278838092264243200
278837013925486593
278836494423179266
278628053964443648
278604443203813380
278603125567389697
278600087880466432
278599537772351488
278598918810521601
278598175785365504
278597169441820672
278591303875440640
278591053664247809
278581370392031232
278475836980604929
278439892827123712
278439718746726400
278439191111692288
278439065504866304
278439024144809984
278244115571937280
278243837326024705
278243587685220353
278227694389432321
278212118434697216
278203433729794048
278142608721707008
278078892009463808
278078655744335872
278078076091523072
278077946172944384
278077871141056513
277902357956816896
277901989331992576
277900789165477889
277899378855931904
277888434260033536
277884295576690688
277874374588108800
277874137022746624
277866513116037121
277865887321694208
277818433301774336
277727708887261185
277715044198924288
277714887302586368
277714617667563521
277714391359684609
277714314050281472
277714224703234050
277531121892327424
277510214134153216
277509870947794944
277509640722464770
277503085704773632
277502825918001153
277448188154224640
277367334178529280
277354985732321280
277352742761140225
277352056820490240
277351922065874944
277351820945391616
277163458905137152
277157272608722944
277153316222410752
277153136848818176
277140450626924544
276993142455169025
276992843061526530
276991104140857344
276990968111181825
276990901153329152
276791067943264258
276790644666671104
276789865012666368
276789534535065602
276778425291792385
276778059372326913
276628492437815297
276628137608089601
276627832279543808
276627559561715712
276627402891882496
276627209081483264
276624770349547520
276457619110109185
276453892491980801
276452920726261762
276452685551656960
276450464504090624
276450097645092864
276449642269515776
276449367332892672
276438889403658240
276435052764741632
276433117571584000
276416058393501696
276415704478150657
276344526296190977
276292358868447232
276275721809326082
276266336575967233
276266151770722304
276265740900909056
276265483727147009
276264957652389888
276264765364518912
276264674402656256
276067585278218240
276065426096676865
276064790466662400
276064415785308160
276053274984083456
275920187461611520
275919701597630464
275919441928261632
275903648335273984
275903224404406272
275903000336293888
275902848187916288
275902574459228161
275901124450611200
275700993398820866
275697512201998336
275696875787649024
275690881057685504
275664053433692160
275661419578527744
275606207018979328
275543805753700352
275542881157144576
275541731716497409
275541091552460800
275540493801246720
275540422166720512
275540094415421440
275353337468162049
275353145104793600
275337694534569985
275328577879289856
275316665821044737
275290297829830656
275244349158219776
275178949502459906
275178432575442944
275178187695214592
275177826175561728
275177545165590529
275177323551154176
275174039155273728
274978820522663936
274978752704958465
274978032006086656
274977629550026753
274966709897682944
274966263460159488
274959664364539904
274939520774971393
274879761086554112
274879272479502336
274832709946335232
274831987334864896
274827139604430848
274818949592514560
274818743140507648
274818331696066560
274818133775245312
274818054385455104
274817195345838080
274816631610425344
274816472348495872
274816355600039937
274816209113997312
274816015362322433
274815250396749825
274641275939061761
274555964680720384
274530006640783360
274451068144988160
274212302352429056
274097110784303104
273833711823360000
273555315063156737
273554587624030209
273554341045075969
273554106621239298
273553244947619840
273552783431581697
273551922911387649
273551294143287296
273535108026347520
273507713177231360
273482701267423232
273337180544462848
273091042314694656
272822831677599744
272822081396297728
272432713124966402
272345227627491328
272344300292042752
272091426731470851
271956972155322368
271955849705041920
271693057261445121
271589989253513218
271186534743547904
270952218847506433
270937219823448064
270936113663860736
270579758335655936
269583746070634496
269583542839812096
269582373862129666
269556059306344448
269555985306222592
269542465650950145
268675209433870336
268130481252495361
267755225400627202
267623766564159490
267619650056097793
267612834974797824
267610861923860480
267603716750860288
267602726958014465
265514244798287872
265105225222868992
265104538132946944
265095601039998976
264452238024536065
264418291664162816
264376580783091712
263126596712554496
262665688425050112
262662867550076928
262662231261577216
262181972451926016
260409804646912000
260141142224539648
260131641924648960
259761003640791040
259220072466350080
258964197453492224
258652511634870272
258652298325155840
258617319180337152
258587848062668802
258126858472812544
258125305217179648
258124968284536832
258124055620775936
257887670670352385
257777127427018752
257601260197400576
257547264929705984
257546887362641920
257530191428079616
257525994171297792
257524509698060289
257522250754965504
256829280246452224
256828725432287233
256768972656087041
256501541115138049
256427659289051136
256047326827782145
255955123199692800
255797848585674754
255795540342734848
255794743060074497
255792786559889408
255789121103077377
255788508197838848
255785438340595713
255785180504154112
255782506996047872
255782179483840512
255781271849009152
255780228281020416
255775943765921793
255774885794697216
255771429176500224
255771038653239296
255768209800695808
255656326783447043
255655449590906880
255255303803777024
254903351446208512
254902924294094848
254899486692868097
254883608970539008
254353730177232896
254352889701609472
254351758749478912
254341046371233792
254340790694862848
254302233775177729
254300221473947648
253593997438775296
253592284006850560
253541952392404992
253536194858725377
253520473843957760
253271806310494208
253268633319510016
253268227679981571
253267107037446145
253266966519898113
253266462037377024
253264982643445760
253264574722240512
253263188366348288
253262298251157505
253260831251386368
253259657018220544
253256777926332417
253256382369894400
253244124583559170
253049722556792832
253040360132055040
252850919199350785
252783268162846720
252537317972127744
252535745527570432
252526052109340672
252525871406141440
252395315091603457
252192937277018113
252187073107341312
252033413526196227
252020996436000769
251791726593843200
251767077554233344
251760179824181248
251377735203713024
251375138254245888
251353165780365314
251331510303604738
251069099252281344
251068333682720769
251067594088542209
251067450081288192
251053599906488321
251053324365885440
251047741436874753
251047286736568320
251032174185308160
251030874009776128
251026627046277120
250937496102383616
250925725547364354
250347298943541251
250324295539101696
250314239284236288
250311952792961025
249980791482904576
249979299489280000
249978822840176641
249977898298118144
249971217291956225
249969979099865088
249969359928311808
249968799661572096
249967957059465216
249963933140664320
249963527417262080
249963446345539584
249962946791354368
249954538755330048
249941752763527168
249848665282318336
249817397459054592
249798921218568192
249625070786449408
249624702811779072
249580487046221824
249485122443816960
249249145574002688
249076480137625601
248827566142664704
248827329487450112
248826996891713536
248800329737584640
248789979218714624
248785992922824706
248785852770168832
248785447994662912
248785117202505729
248747250187128832
248737973305221121
248737585982238720
248737199217053697
248737148470165507
248737084641275905
248737040462643200
248736904017764352
248736779795046402
248677627307630592
248171792919838722
248155652952846337
247966979758120960
247444947131846656
247434062795530240
247392033277349888
247366502708305920
247343861872078848
246635860475400192
246521052354719744
246519714669535232
246351032618192897
246339673075613697
246323203163713536
246323013656641536
245431007027793921
245430015272034304
245427374135574528
245425089745653760
245058410666672128
244914375134167040
244912302057484289
244911803400859648
244911565315387392
244909837920649216
244904491068047361
244904241024618499
244904089387933696
244899111218860032
244896138325549057
244896026366980096
244726310256123904
244407010060283904
244174004989095936
244167678728761344
244141817505931265
243099331199127552
242929529331539969
242597903774924800
242597708140011521
242597399707652096
242597362504175617
242350948704464896
241682141434503168
241674929165172736
241482377698897920
241466581614460928
241215789745704961
240797584527081472
240781014262239232
240780057088499712
240777260183998464
240723795005022208
240723776218742784
240208890745208832
240208251252269057
240064848413724673
239726960157274113
239463680205520897
239387871759433730
239310015658348544
238937534254678016
238773985893023744
238641213157285888
238612454580580355
238607257691099136
238585576398413824
238581200179036160
238581098911780864
238578946168459266
238578667511488512
238578580349677569
238578515610595328
238577409505501184
238576192716947457
238571439912009728
238571331212431361
238570635469664256
238569477955022848
238337208770252801
238330198385381376
238238171803054081
237923086190665728
237922525936488448
237147867679178752
237109534034894848
236886722221338624
236417333684482048
236107592831750145
236089815240671233
236089551892918272
236086234873724928
236028448462757888
236018614317223936
234730931758444544
234730870861332482
234653590176808961
234575877621563392
233530476474818561
232489892184215552
231885353315864576
231884886800207874
231884538060619777
229572025570717696
229155003703631873
229153912115056641
228941061400174593
228940127899090944
228595987755716608
227505771326357506
227505140364632064
227058524105089024
226983569225048064
226643702091751426
226331838346571777
226331331943079936
226088774642302976
226067281451573248
226066768270077952
226066317617291264
226062640580005888
226045724951977987
226028940853141504
226027068272566272
226026729284714496
225871185173442560
225867516960964608
225867093151739904
225865595147649024
225865227856642048
225347011040378880
225262397353492480
224858973529063426
224598570408480768
224270046338351107
224262020004982784
224254247150166017
224221134835552256
224220921341288449
224220196888510464
222461664052772864
222276283709669376
222015857897910272
221302674279239680
220909585769312257
220846465633886209
220254025327714304
220253776932651010
219737994167468034
219718583750627329
219532442598514689
219531142519472131
219522584495128577
219481633710030848
219419116581289984
219415629650857986
219412347918356482
219373952655572992
219373601088999425
219192637431873536
219086671252164609
219073105186914304
219072717285101568
219034038030172160
219026189384286209
219025555641741312
219006980537319424
218815668978589696
218795247285710848
218795062883139584
218785436598931456
218770321820483586
218728236237078529
218454083869216768
218119719893479424
217955957085450241
217902942638977024
217877106212868097
217704803202121728
217687947393253376
217687475223674881
217664922300067840
217660568893521920
217652571286929409
217652441871695872
217617614615224321
217615538938052610
217613163896643585
217017334051770368
217012197463822338
217011614325538817
217006854797135874
217006184283111424
217003866363920387
216994684415909888
216948503174332416
215505927309246464
215347061674094593
215201093498576898
215187628574769152
215187339830509569
215146810644234240
215146574983077889
215146329079427073
215108011167977473
215107521302626304
215107486590570496
215065444690829312
215051495245221889
215050261226455041
213959227952205824
213958763063939073
213735832664817666
213732364155760643
213728255801425921
213728151518453761
213711881393815552
213376330966896640
213310735764307968
213215100247605248
212885502976720896
212848439040544769
212583112855658498
212572687707549696
212562969282883584
212466079979675649
212465854653284352
212464072569004032
212090193187045376
212086244975460353
212085617327210498
212069652581462016
211399710005673984
211391092413829120
211390857050456065
210448073191735296
210361571430498305
210083088896761856
209978734747451393
209756842002358273
209579040686874624
209404994665971714
209369397469528064
209343607012990976
209019626238119936
209018833405612032
209017818962862080
209017682194989056
209002236557279232
208949691939962880
208585901746565120
208294986842779648
208285981319761920
208271609293848577
207943184372862976
207871227761655808
207856706967969792
207842823431651328
207838756793892865
207746110423445504
207526486217990144
207524963601760258
206714767778381824
206117218910601216
205429471405289474
205403669938700288
205402929123958784
205343565205864450
205343080646328320
203962013553143808
203960683702923268
203945813364314113
203945694304804864
203944607623544834
203899447413977088
203836877478969345
203816472257114112
203816442565636096
203531459343040513
203147164422119424
203138691210817536
202867421265141760
202866147866062849
202865660219494400
202860838237900802
202860217568985089
202860000165625856
202820327477223425
202739821607780352
202709510161301505
202709333472063489
202309863487971328
202146986131070976
202146288224047104
201747743176273921
201420434548330496
201418827622395904
201418263580778497
201415624298209281
201395008618770434
201391166866980865
201346521441116161
201346361524883456
201337978742784000
200973086567301120
200664036487073794
200663506096357378
200344024236826625
200342668797157376
200340844895682562
200268084383186944
200153868301123584
199901984868941824
199784144413265920
199784062792110080
199782525059612673
199782131977814016
199780928199999488
199778196722425856
199775621268774912
199765975988576256
198862652544528384
198853914987216896
198853181575401472
198342503550828544
198341463434731520
197979165843132416
197640232122847232
197636866869166080
197611484870750208
197608795541733378
197436465691639809
196257392164487169
195948786068094976
195929996773179393
195864685604646912
195641589157212160
195640498243903488
195435062584545281
195412970682068992
195236496566009856
194889352793436161
194875531953577984
194316865571532800
194089849857376256
194087695344082945
193989411732602881
193753693873643521
193752841435873281
193752446223388673
193231792722030592
193057307335204866
192887729149841409
192884879585837056
192019283130327040
192018302153928704
191589522671280128
188998974953361410
188919286633480195
188888096920707072
188887365731893249
188270414676500480
187820626684280832
187816293976641536
187290349352394752
187285790328487936
187274231871062017
187095333585690624
186833007326412801
186449602940125185
186449259632136193
186448876809633792
186436924842577921
186405365519368192
186403706051379200
186186446237990912
186051635011796992
185811630779670529
185742634269163522
185454169925230592
185422142568009728
185286155426738176
185012094821867520
184681285510373376
184581691434741760
183974769144770560
183640014830313472
183312322448736256
182852838962118659
182761873119260673
182022202143670272
181486217534251008
181465806612348928
181432078586494976
181341989239922688
181341459277025281
181341183304400896
181341062122586112
181340989171052544
181314753535287296
181119959286554625
181104638664257536
181102267955548162
180300998210883584
179895777370456064
179895463305162753
179868001988915200
179857237475459072
179702686621507586
179577315032973313
179575737932718080
179168932744273920
178982034465759232
178979923124432896
178604789024833536
178604553359466496
178432556159606786
177835948556550144
177709478899220480
177709252234838017
177503362722443265
177173718097862656
177172189924163584
177171867147304960
177022439736360960
177022132130299904
176740557253652481
176396423837908994
176321410145320960
176312512533377024
175984443872378880
175906564195090432
175901640690368512
175610169982590976
174955557235605504
174590815715344384
174588498978947072
174577314196234240
174576894161846272
174566088795897856
174519626523361280
174185359121448961
173865501376790530
173415287318786048
173365484320858112
173364122568757249
173363838383689729
172659587420393474
172318693345333248
172250540573605888
172007628434714624
171959399554891776
170972730408177664
170530622937374723
170519755277602816
170216706139107328
170210957136629761
170198780380053504
170198348928790528
170195861924626432
170185993696186369
169721993023852544
169696564611264513
169492450623229952
168616900371292160
168616375668064256
168419368705867777
168097289926225921
168095539144044544
167973609904680961
167950535461322754
167950219756056576
167611153592229888
167608261686730752
167535037598801920
167533970131656705
167158121737883648
167157451928514560
166909483346432000
166908806960390144
166849021774807040
166604337190146048
166507308636057601
166223757013286913
166161019285143552
166160491167752193
166127228722233345
165929717386588160
165929536012288000
165919803893219328
165918737034264576
165918517760237568
165897644072382464
165875214222233601
165756668725051392
165574205700710400
165565230288609281
165563601887821824
165433602602049537
165146027496710144
165009838441627648
165009204959129600
164722411781099521
164648397444349952
164372811798953984
164352053198602242
164351816476274688
164289632840859648
164108369127415809
164005226171482112
163980307341639681
163915332627607554
163711632365723648
163705584548450305
163683503773454338
163630039127179264
163574300383784961
163320838932795392
163319292572602368
163273549010845696
163273014543265793
163265074193104898
163070248248033280
163069907683131393
162964527384764416
162959014966210560
162840594517991424
162839499573968896
162838578194423808
162837997207826432
162831758025433089
162616608576126976
162615021157883905
162610529133805568
162610300787499008
162601020176859136
162553849503154176
162553364339625984
162552312768892929
162293061571969024
162267927721152512
162256850660765696
162247455793094656
162242190347735041
162239714311671808
162235827567603713
162167730466848769
162160962613420032
162117629996302338
162116900590071809
162115710552768513
161930958998749184
161879393290031104
161878332995149824
161877985312522240
161877143087890432
161867057808416768
161866396018540544
161817543294713856
161788179568013312
161754715376459776
161751749923844096
161751594961080320
161527519680532480
161527156822913025
161526596539396097
161526217164599296
161525831015997440
161442463205163008
161390483292160000
161390364152967169
161389960954523648
161389111549243392
161388928832770048
161388728126939136
161388586690805760
161385543412891648
161170109774315521
161103502939131904
161102789777432576
160839982179815424
160839473846951937
160826855186898946
160825395862700033
160657789360934912
160482864708845568
160427528589283329
160349703152746496
160335888252010496
160335863128133632
160335828667727873
160323035428159490
160299459136323584
160282084806639616
160281499466350592
160280403016552448
160088939263311872
159917939900952576
159559792527020032
159558727333187584
159558462299308032
159358932664586240
159354959748546561
159306087990951937
159234655177019393
158942148455182338
158837305069678592
158642333309599746
158511063648829440
158321459645784065
158305588131020800
158303731383926784
158302761954451456
158283504680054784
158181612155183106
158127861457358849
157790255859249152
157756415069523968
157756024416239616
157755936235192320
157592167177650176
157591651269877760
157520137119997952
157519847260028928
157438716774858753
157181949063069697
157155807509753857
157052625039278080
157052417693851648
157051266688753664
157050785123930113
157032785062805504
156805817356660736
156697189169627136
156467086590357504
156466287298609153
156465736750084096
156339813140799489
156339591517970432
156091149830983682
156053134689570818
156013902784757760
155800063975755776
155797604834349059
155608086516740096
155580818968936448
155420820456488960
155323645823172608
155318824705601537
155317875102597122
155314532485570560
155307555806130176
155233968592130049
154943982647001088
154492559912222720
154301796834213888
154266174652301312
154117038196015104
154116334865760256
154115611151183872
153923608811548673
153867382111207424
153867323684569088
153437266457526272
153267645523832832
153158551492243457
153024101550784512
152379543913644032
152164553482960896
152164221717716993
152153513084981248
151623802864943104
151606179058040832
151417517817081857
151416164818493441
151415319234224128
151310282440978434
151310125737582592
151013142569304064
150735202447142912
150631218583576576
150630843403087873
150559165830529024
150549423812911104
150183081012232192
150169765942530048
149864527838715905
149573011979247616
149537792781860864
149163049452969984
149162951809568768
149157757612859392
149156807137431552
148793941507055616
148792235390021634
148439008723214336
148434917527793666
148418268045127680
148169905949249537
148114151305248768
148101410418999296
148086082280497152
147656461936377856
147389088411025409
147072214452289536
146944511090753536
146619412638728193
146346243424129025
146330300262256641
146329594499317760
146328284421033984
146320697793314816
146318950899253249
146295182822875136
146236480568819712
146235264958861313
146231929073700864
146231249151852545
146231070126387200
146229977862516737
146229692582735872
146228776458649600
146228534711549954
145983948193923072
145983167298412544
145982280526082050
145962807488299008
145962712017551361
145944537494335488
145867366524403713
145866963875397633
145866547406188544
145866204450529280
145866106249297920
145865432505659395
145843400804012032
145842174779592706
145624249841885184
145617364304662529
145616666628341760
145594128636448768
145514245612781568
145508363877355521
145507285391781889
145506482404859904
145504949449670657
145504253094539265
145504099113242625
145503963813388288
145503774004346880
145266824852942849
145265061835968514
145264366625890304
145231642376667136
145231431105392640
145209959192334336
145149812973649921
145101123181740032
145087952802955265
145083928234037248
145082907600490496
145082737781510144
145082512241209344
145082338383106048
145080855457562624
145080557213188096
145080286709952512
144896128767361025
144893484896231424
144892793066754048
144892599407362048
144892294640840705
144891470028079107
144869133127925760
144868728385966080
144850866279686145
144850093625978880
144823896531673088
144804762955694080
144787743829012480
144783436677251072
144779300829270016
144745170276061185
144731722385330176
144731137820987392
144722608053698560
144720477410177025
144719175590477825
144718948997414912
144718069602852864
144717888639606785
144703584343302145
144537686533877761
144535976520318976
144534638533152768
144517837942308865
144507416778780672
144506917027446784
144485107233865728
144471218903457794
144449934165417984
144449647778344960
144449372632002561
144424985241464833
144408369745231874
144356953924182016
144356505074933760
144356395519721472
144355865418407936
144355750003740672
144355632328355840
144355480679104512
144344363596660736
144342891907653632
144342706729132032
144342163776475136
144339566550192128
144180006984237057
144168267857133570
144168024889499648
144167314055630848
144158515001430018
144158456587366400
144158401658748928
144156810931220480
144145107661238272
144144471536304128
144123661270523904
144057193451360256
144037007751004161
143999235124244480
143998808467058688
143995286266712064
143994787647856640
143994336638550016
143994163950657536
143993811331330048
143993441611825152
143993150254481408
143800492441600000
143800298962550784
143798829731418113
143797605204373504
143797469409587202
143796436847427586
143793115118043137
143787772375871488
143781776442146816
143779509764759556
143773424395878400
143769328221827073
143759876932370432
143753139655413760
143738673349931008
143705703117373440
143638746561122304
143636476033368064
143634801717547008
143634094591447040
143633371669594113
143632575263539201
143631628860796928
143631477794537473
143630754977550336
143452083394314240
143450878152687616
143450423142006784
143449144743297024
143440589743063040
143436022322184192
143435982149132288
143435631035559938
143434116015206400
143429536695074816
143420331577708544
143419321253765120
143401694976409602
143376179196473345
143367112965103616
143324028554317824
143274293256663040
143274078160162817
143271879677968384
143270882926792704
143270414142025728
143270121350250496
143269395312033792
143269225232990209
143268778707390464
143097013465137152
143077762381529089
143077691762020352
143076453356023808
143073036147503104
143060749978308608
143059612101386240
143057078116810752
143054326921838594
143050325765525504
143049507247112193
143039773752303616
143007568606937088
142968447586938880
142935770808856576
142928428360925184
142924641885892608
142918368482181120
142917401607020545
142917103010332672
142916878036242432
142916513869996032
142914983146164224
142914845765935105
142914023384555521
142913905285541888
142913154874220544
142911676725989377
142911582215733248
142757235913793536
142750262069698561
142729799960510464
142721797253632000
142720441239347202
142711004940353536
142695060348211200
142678314048438272
142666438413529088
142655337420423168
142653765315596289
142627003496017920
142552702486978561
142552359397101568
142551664539344897
142549893205082112
142549644176662528
142547032387756032
142545157202518016
142545015346958336
142544804839030785
142544454761451520
142387257473630208
142385507173797888
142354769451827200
142353308693184512
142334344931979268
142333196007243777
142332169812066304
142301213067714560
142280346933805056
142198763572830209
142192802015617024
142192277224300544
142188397472120832
142187524658446336
142185270064857088
142184773824159744
142184536724340736
142182885271666688
142182672838561792
142182479422431232
142181859210706944
142181309861732352
142175632753831936
142027112595980290
141970808774995968
141970649152364544
141965911937662976
141944731885244417
141939917914767362
141626062445608961
141596149948760064
141595838576214016
141595436581531648
141595194524049408
141588358924210177
141540745097129985
141489637859405824
141436038609510400
141258104212959232
141249970329235456
141154433978470400
141139148743507971
140913961683001344
140893038087118848
140892208076296193
140890307385499648
140860077144944640
140847940053909504
140805293864001536
140768746066292736
140486058344316929
140485586451562496
140406575536930816
140405103504007171
140188595200864256
140138186956480512
140137753496137728
140016613016604672
140014576451330049
139850464920481793
139849854103986176
139849019177435137
139848816248619008
139845657765744640
139844846654455808
139844531582545922
139753866785861633
139631192252235776
139630300199256064
139630184348385282
139595637124628480
139437279264522240
139403741521645569
139403278646640640
139366156833263617
139232111533105152
139226786952257536
139073264990429184
139072841558671360
138894061259067394
138559595886018560
138559450981208065
138544587458351104
138355857497931776
138310998732963840
138310197935476738
138239282644127744
137881474857828353
137879088848314368
137838747025805313
137650753295745025
137649256025694210
137646635328077826
137639819131109376
137576491939663872
137546253243387904
137518671944892417
137518606673117184
137305556888207360
137302469238722561
137302119559602177
137299207286566912
137254353965826050
137252544836677632
137251913182879744
137239680663044096
136898024940118016
136777205362593792
136750547440119808
136745492477509632
136744694855106560
136525198647246848
136472409162264576
136413757114040320
136155495839973377
136146907151073280
136114150710583297
136028542424203264
135778667962970113
135777286795444224
135777227378933760
135764182061682689
135753093643124738
135687260245991424
135672326447575040
135481288990801920
135460664041934848
135428434255028224
135427756535201792
135424092860973056
135421818742910976
135420764320038912
135420429681700865
135420284583952384
135391008987947008
135360331659739136
135304917249306624
135303440082542592
135301418327343105
135131339732172800
135093563787706368
135039274323152898
134998407604473856
134994089706913793
134960803085426689
134938133056851968
134931121673732096
134930281571434496
134787032760328193
134706829228900353
134685519966769152
134651358107279360
134649729421283328
134649220702543872
134649035100397569
134644338088091648
134602440505962496
134545730441461760
134544226775089153
134401851415216128
134399473718788096
134398391768727553
134397722731085824
134394034973184000
134393425003937792
134392586319310848
134391978954735616
134391622690537472
134384031851741184
134374775345782784
134372474652606466
134370963419709442
134370828967084032
134353911103496192
134353663991885824
134353296923181057
134342221238501376
134328363895635968
134312965875838978
134265449843134465
134222080882384896
134219189312425985
134218892078882816
134218641876074496
134218578542067712
134218469821526016
134215226831806466
134214640354852864
134213786100957184
134036970333675521
133980278044635136
133980063040405505
133964824018300929
133868812637442048
133841086455099392
133655570698866688
133627428907139073
133626043008434176
133610024164524033
133593352561111040
133593287297744896
133477854599061504
133474984818507776
133244193723256832
133131912909819904
132955022509092864
132947408089915392
132946305851990017
132907343078883330
132625787441528832
132624316599779328
132621857844236289
132620861768347648
132617976565350400
132578457275203584
132571159899283457
132413607467155456
132413511623118848
132396953798586368
132395101438742528
132213653075279872
132212426782420993
132130624587825153
132019816612642816
132010092617936896
131808724712030211
131801867004035073
131756986244149249
131661198516162560
131463686236807169
131462846713298946
131359232816721920
131318350855942144
131304674639880192
131303700038819840
131300304883945473
131298258881490944
131296792833830912
131078771850743809
130989415211339776
130738792352055296
130731573292175360
130648452114825217
130622701692919808
130622444443664385
130613061450076160
130612676551385088
130576205689786368
130400601120055296
130238237838028800
130237824816525312
130236424766226432
130235679643934720
130235488794722304
130234921926131712
130233933035094016
130233096980271106
130232590484512768
130231073111150592
130230737642336256
130230494976671744
130229997033107457
130229472434728960
130229392797474816
130229146520535040
130228778092871680
130228438610096129
130228097747386368
129999475434455041
129945320133099522
129945050300952576
129635027871989761
129581324506906625
129525813929459712
129487090714021889
129276594530418688
128935339749408768
128934929781374976
128797197746716673
128765758544154624
128469294618128384
128393726505648128
128180961534935040
127712503772884992
127690160765796352
127689389517180928
127683905359851520
127437431803871233
127095165360934912
127060243199959041
126968997483782144
126686284482752512
126659804017070080
126655999510724610
126655454947442690
126654439401603072
126654104096358400
126651138593394689
126650479882141696
126345118847471616
126343861927809024
125980587340210178
125974915395502080
125971658338078720
125541445712101377
125361443607543810
125139692390854657
125130722456502272
124969398166499330
124868527663497216
124857416193015810
124527755806248960
124521613579399168
124519174771974144
124419275791409152
124418819660857344
124261662617374720
124132689866539008
124127823039447040
123859857089626113
123768872116551680
123768015153139712
123766509418971136
123765888930418688
123710912115900416
123709113342509056
123704543543427072
123704017602871296
123703797469028352
123700909753638912
123700683672268800
123700342197202946
123699449859026944
123695163188056064
123693039498698752
123679544866652160
123677820961566720
123665433621565440
123320635425439746
123318961180913664
123152584763654144
123129963678416896
123066464591822848
123057568049414144
122974176301690880
122973340842459136
122612827683962880
122610594124808192
122608117073707008
122604225611055104
122593983250694144
122588674620788736
122588455615209472
122587853040533504
122436973356007424
122373964180893696
122373858534752256
122356869070204928
122356372984705024
122294975819030528
122292272887902208
122287082042425345
122261249378627584
122256818964672512
122245644617396224
122013096230400000
121847421469851648
121689523670355968
121313042855235585
121218592040689664
120907856210952192
120835212509843456
120834645544800256
120832869399670784
120203542446354433
119810381454655488
119407781940965377
119405448590921730
119405294454452224
119404204510031872
119403157347500032
119402764181835778
119076369429831681
119045228475850753
119017673240756224
119005603308912640
118976809059614720
118976177145786369
118974390594584576
118973193838010368
118719261794504704
118591503756050432
118591384298061824
118585290972598273
118428662776348672
118428421666775042
118347113074663424
118024861925912577
117963532649242624
117604973109444609
117567888730234880
117564922514243584
117564082546147328
117563072159293441
117563020246396928
117530101205303298
117528808818610177
117322530217406464
117306289129918464
117289998654504960
117264847024046082
117264775070760961
117254556991242240
117253962037604352
117247213763182593
117182387170967554
117181363957927936
116983285531426817
116979815604682752
116973134665617408
116972706154561536
116957691997466626
116953828611473408
116952682966679552
116902027023491073
116881294322966529
116879349243846656
116878319756124160
116877836207394816
116877748470939648
116874475823312897
116874225939251200
116873477692194817
116873306665271298
116873231947931648
116872815440969728
116846300074483712
116830236737409024
116814176428621824
116785869351960576
116589032615591936
116580148811280384
116579332780081153
116555469421690880
116256207488036865
115829156503224320
115506907854286849
114754612556337152
114539612906602498
114441973804449792
113737344695275520
113676365798195200
113622598889385984
113339232310923264
113315845396111360
113302888821956609
113267352870731776
113140915052355584
113111945565057024
112903413150392320
112822380291817472
112528583175581696
112528471519002624
112528191838621697
112477193900273664
112476875548393472
112168274564890624
112097183716749312
112097092561940480
111779205280309248
111762473132109824
111724589289185280
111458002082594816
111100301846654976
111063102191173632
111052768378236928
111014430455758848
111012850549530624
111012288349208576
111011094172155904
111010732593786880
111009620251770880
111009258463698944
110827411528089601
110806900051947521
110726947331510272
110722453323513856
110697140644347904
110479298820964352
110451421702389760
110444350483333120
110443464835088384
110436650907217920
110436136660373504
110426920461680640
110414509595836418
110304551835406336
110303030615871488
110301563611918336
110114854353907712
110113294550966272
110112012062830592
110111150858973185
110110246286012417
110109560408244224
110106602505388032
109989063007809537
109969948125827073
109966027240116224
109965542487638016
109965247682584576
109938475289165824
109936411897114624
109743715450486784
109290099426078720
109258941988483073
109004228709724160
108577301930852354
108533179463380993
108483125188902912
108122525468344320
108119623991443456
107816182446428160
107814044756475904
107810979361996800
107809082454446080
107430607910477824
107107059325091841
107057179504291841
107056723298222080
107052041834201088
107051591651164161
106867962945875968
106815879198679040
106813243019894784
106685316110364672
106683341511737344
106680477083123712
106462061596393472
106378765764005888
106378340436426752
106354278846840834
106353397069914112
106351200747782144
106348467496038401
106322013794217984
106283969087152129
106037721251852288
105656377741021184
105650692072542209
105646948089987074
105618555231420416
105568748538302464
105567334193823744
105259140565311488
104982419861544960
104981187554066433
104949334956703745
104555493049106433
104263197179121664
104105011662950400
104104781882212352
103919285952462848
103887264379174912
103886031568379904
103484984517607424
103484570908901377
103484412301283328
103132557108985856
103130537736142849
103025744959123456
102845458958909440
102837944515170304
102833763821694976
102831427783098368
102831101764042752
102829694793170945
102829303087116288
102828868855021568
102828291655868416
102740369975947264
102685104463286272
102445526150152194
102034864466964480
101357767687815170
101322885330776064
101250580110000128
100560503058874370
100538942117511168
100535620111314944
100535361582804992
100497820355805184
100497672154259456
100497529891852288
100497310085160960
100494287963291648
100164911849668608
100160112395685889
100159662296530944
100158079936630785
100156407160119296
100156237768953858
100155463169093632
100155002978435072
100153414893322240
100152981059682304
100125115701932033
99887082180321280
99387567492960256
99387013203116032
99212426846814209
99163276792954880
98457816880263169
98111146820771841
97780242634113025
97779761673289728
97773038313017344
97758406760345600
97758083761180672
97754154264571904
97753314615242752
97740728024829952
97737029420462080
97736766534066176
97736339721691138
97380214258143232
97379944430190592
97324320560381952
97322338659467265
97320687127105536
97315653379301376
97294698477137922
97004148016418817
96500613541662720
96498686015713281
96497758000787456
96332100852129792
96165621053652993
96162036765040640
95555963897122816
95555126051348480
95478194857193472
95425199524167681
95237542198263808
95190807837020160
94811719997722624
94718990928195584
94714612783656960
94504308908883968
94468296115634176
94467819235840000
94467507439669248
94434815817940993
94429362396479488
94360737660665857
94356122290503680
94343815837646848
94332239155953664
94331582168576001
94128193165991937
94094377995079680
93770195960725505
93604508961218560
93404089270013952
93019501989343233
92715248225751040
92712960685899776
92708108106862592
92707140627738624
92699027338035200
92698642468712448
92698430312427522
92697804958470144
92576102878425088
92196206641545216
91984212135129088
91980757379194881
91978039440846848
91976787277520896
91970780069507072
91942138690019329
91893985206996993
91638207225143296
91634483543015425
91625194426339329
91622027034767360
91620399170850816
91619919346667520
91619344559255553
91618880765693952
91441459475136512
91270576987062273
91231494990856192
91229847866716160
91229513576488960
91228735025577984
91227724449972224
91227554735857664
91225158370603008
90879293860749312
90710201577115648
90516283757563905
90451343629746176
90383877809508352
90154466686410752
90153854913613824
89828287416778753
89825212123713536
89768899121393664
89446505613762561
89432898842800130
89336961680146432
89325328861896705
89115941237043200
89089552844718081
88940166194016257
88882068020400128
88875937319489536
88873954521006081
88733063886020608
88713129021804544
88711572175859713
88709762149122048
88662171764015105
88661842737627137
88655601860739072
88655241691676672
88203224959557632
88202776181620736
88154870078644225
87929171694714880
87875869921652736
87548001245077505
87539296868900864
87529732157083649
87513891264929792
87498147038904320
87123267638411264
86770815395315712
86769722972061696
86767861271498752
86766221520945152
86487181899743232
86331821285056512
86021559252291584
86019927412178944
85768753467506688
85629359385354240
85628495799128064
85430412226203648
84933671773159424
84931761620000768
84913154630496256
84644877803073538
84584238049001472
84583328845529088
84582364482777089
84579409641742336
84553247074951168
84361396577501184
84346833161293824
83612665934651392
83530485728415744
83469544076738560
83437770726580224
83271244350369792
83257318745178112
82532287429869568
82516946196766720
82503665595846657
82154087210172416
82033328613625856
81680111438528515
81419527514103808
80765037509226497
80763381396684800
80762213941526528
80760704826736640
80760142517387264
80724565176750081
80714946610073602
80311197550903297
79997114838556672
79989848152342528
79872631943344128
79871902495158272
79502696280899584
79288186328727553
78590732734173184
78588221948313600
78585746830802944
78580852749123584
78517156320526336
78372683368247296
78372354299924481
78234086384209921
78225466481315841
78224901441462272
78025745066237952
77802850801033217
77714802809647104
77714155423010817
77384213959163904
77297933430689792
76965672399290368
76689471562719233
76689184949145601
76247516575825920
76243220102787072
76243108664315904
76215228660068352
76196210167382016
76195414008791040
75947244683132929
75603007936544768
74911643456380928
74884394954919937
74852999612211200
74493878320889856
74493165968691200
74492996258766848
74480390890455040
74480197361078272
73897707806277632
73897157601673216
73895586901921792
73856362349727745
73475818378100736
73468922644537344
73401518728028160
73156791378247681
73154600592609280
73153282599698432
72780379760754689
72748015735160832
72747625107038209
72746927694950400
72742718064955392
72581441254469632
72578762662887424
72366530758848512
72333330732949504
72015838072422400
72015363461754880
72014652900524032
72006562293624832
71998662380756992
71996386777903105
71995177656528896
71993714465193984
71975996500348928
71927109563596800
71886235286777856
71885564793729024
71876334263083009
71874065417256960
71551540091027457
70627782450884608
70624601884983296
70623554382733312
70622948427444224
70622718130790400
70621017587978240
70591300558270466
70591232711196672
70389182291390464
70227262842208256
70226927738290177
69831963745325056
69819536572026881
69779389948239874
69774945315586048
69774316136431616
69774006877814784
69772275427192832
69770149590347776
69528816443330561
69522935253176320
69511180695257088
69498134228770816
69418423553245184
69413797772795904
69404533373140992
69404277503832065
69034012492038144
68703946457350144
68622908263636992
68404236353937408
68070128364945408
67876221484138496
67497223033847808
67496730840662016
67295748420673536
67286391381426176
67285736382152705
67210949412667393
67149392867622912
66818929095475200
66617973623881728
66604582054273024
66560645939728384
66443093146206208
66415875514843136
66415319945711616
66413955286958081
66256434173714433
66050431461228544
66049214299381761
65881636243390464
65880897316077568
65872536356913152
65871896855576576
65871757688586240
65857249897218049
65850384719155200
65520959175667712
65512758917079040
65368047766081537
65352171390107648
65162656893513728
65000477338775552
64996939355267072
64994916815740928
64994695201304577
64994462467756032
64991346536095744
64989464719654912
64988280529223680
64988115231719424
64655401395818496
64655234504466432
64655123779039232
64623680810008576
64278423324999680
63914054883872769
63910150280445952
63894313117024256
63597070807863296
63594218546925568
63292547019186176
63184695885697024
62465824006483968
62465554518253568
62464750205931520
62463887676674048
62463325929353217
62105813292027904
61448775679475712
61445677326147584
61435050088083456
61434955884003329
60731182094106624
60725226673156096
60721511895543808
60721266285490176
60720822595223553
59676590191296513
59638311156850688
59332437251076097
59332156111069184
59325095558131712
58894794629464064
57875873403125760
57819601169424386
57605768718991360
57603692043579392
57590259973763072
57485863977881602
57455371857559552
57074015562498048
56236948188184576
56141454665465856
56113615153004544
56112241224843265
56098948343017472
56062769090412544
55367599663497216
55353078207090688
55352828813778944
55350998465646592
55350094815436800
55349369607684096
55334637634985984
55333953539805184
55333567894536193
55332717058998272
55332339093487616
55331558156025856
54926056263655424
54778539467218944
54562949506924544
54562039598813184
54552341013217280
54232747530665984
54113860176719872
53926160249266176
53890379862376448
53888585660764162
53887910843387905
53878437189914625
53877215502413824
53851034086416384
53777707259011072
53777196245979136
53774967472529408
53773752890171392
53744969843879936
53730364765650944
53729184450740224
53727025755734017
53579882025861120
53548347155423233
53475170882551808
53463709204484097
53463416127492096
53151485789356032
53065294138183680
53047547706613760
52840274392662016
52836457982861312
52828740966825984
52828065608384512
52826176909099008
52764533130924032
52749733608955904
52749602599878656
52748523996856320
52747767356985344
52661777716088832
52661547406868480
52649757914570752
52648308644134912
52648249437339648
52646335647723520
52645706774740992
52644880459120640
52634766889074688
52634108869877760
52633804057219072
52442550866415616
52426162160406528
52424938514165760
52414822586912768
52365395390238720
52359799408558081
52339614660300800
52339423030939648
52339383956811776
52339367611604992
52338400065372160
51783656091549697
51760094488178688
51675923744964608
51349908954947584
50993207378591744
50888422214221824
50836177590288384
50832513639268352
50687502947856385
50633150631657472
50537797555204096
50524380354199552
50175478044164096
50167702584688641
50165616639885312
50138181605130240
49947830521040896
49829667691175936
49758442805673984
49501908347518976
49486944782139392
49452307938680833
49419600928051200
49418060142096384
49081301063565312
49081147904372736
49080546386657280
49080493114802177
49080374160130048
49080177858330624
48824752437084162
48822804216418304
48817653644660736
48817031289638912
48816122178445312
48806849104982016
48806704615391232
48804732017446912
48804378643152896
48804093984129024
48803813951422464
48803699417550848
48769026373066752
48702425313456128
48699308807172096
48671295210143744
48653961716170752
48465587181072384
48336015303249920
48332598958755840
48332394809405440
48328962237153280
48090227394359297
48086009010864129
48017580442664960
48014960982368256
48014029708464128
48012890325794816
47689503804100608
47207938208702464
46931624545361920
46693174508400640
46686910130814980
46673889706774528
46663190519619584
46607106694053888
46588214357659648
46534332394913792
46533669321576448
46532798978326529
46286263308918784
45905468912173057
45606314566619136
45518516639629312
45509777618513920
45504626128199680
45503472078036992
45502536219754496
45499332639719424
45498992104189952
43756923690024960
43607635756457984
43378931885281281
43227989428813824
43227358332858368
43082998597431296
43081311321210880
43073952045731841
43069607275274240
43068759392522240
43067110481608704
43067037462953984
43041213519118336
43020704597282816
42883971515826176
42880032867229696
42877948600139776
42652494765105152
42535614201081857
42530937615024129
42530566184255489
42186450745307136
42159320908955648
41966939433734144
41966250401730560
41966022022012928
41065179848384512
40418959022891008
40082345100845056
40082105329258496
38381667508953088
38331223260663808
38242416381132800
37949782270017536
37867623693828097
37628457437511680
37607289376608256
37598637320192000
37595368879431680
37591854967029760
37591492663066624
37590226998276096
37451687623012352
37243199063859200
37225481677836288
37175268451942400
37119450272505856
36951444401684482
36946133368573952
36906422230982656
36862542345146369
36832496817541120
36787886514774016
36531181881131008
36524532147687424
36418884789747712
36059405267107840
36017181959393282
35853090150154241
35852369010884609
35847880308690944
35811458222657536
35798949793103872
35773818140098561
35773315100446720
35755266205028352
35754833952641024
35612152966553600
35383165220556801
35382346211393536
35381948297908224
35381648023355392
35341598254436352
35340875429060608
35094199791525889
35077961937850368
34926726593122304
34926222311952384
34925701610086401
34914492932423680
34680925015121920
34628349275938816
34627708201865216
34579604383469568
34352563771932672
34242125721767936
34063204581646336
33960395966259201
33959359717445632
33909339370553344
33904290179325952
33900348611497984
33899372395634688
33892937964195840
33887282310152192
33886822958370816
33886572617138177
33611678767644672
33583902715019264
33583007256289280
33108610036801536
33086867826020352
33079771940257792
32954134223126528
32903759998754816
32903379088838656
32901767171678208
32865628293439488
32864361613623296
32863037794816000
32862811767963648
32862776128966656
32847579280572416
32846141187952640
32786485396643840
32747991748059136
32719204423569408
32516819432509440
32516785219575808
32512950648438785
32086548723793920
32011316558299136
31779567400128512
31671570233561088
31664714312323072
31422225953329152
31399528544346112
31397793557909504
31393459122216960
31383421469073409
31127464923111424
31125850510331904
31124617192013824
31123906119081984
31122947171160064
31122736390606849
31122531377217536
31122146008760320
31121542322585600
31121250982039552
31119665858084864
30741136465207296
30670688670982144
30619189022560256
30606608513900544
30572181289172992
30370507731771392
30366084657840128
30231135430643712
30047049726566400
30043180401430528
30041387118370816
30035757984915456
30033662695182339
30032844696854529
30031881000980481
30028681988542464
29894125650182144
29880197608120321
29851257489330178
29849504622579712
29844084344492032
29823583563816960
29674073801887745
29673510133567489
29579515902562304
29574529240010752
29316119147847681
