398171689479335936
398171520511778816
398171379868381184
398170940645048320
398161844835065856
398122620043812864
398116347869003779
398115166258094080
398093016704897024
398068950321221632
398067526023655424
398058366393921536
398058294423457792
397831402109947905
397831045745086464
397772743216611328
397772459245436928
397061342797897728
397004811855728640
397004553402728448
397002197637931009
397001564797161472
397001329035321344
397001133090029569
397000374667595776
397000021008084993
396999601443454976
396998240614096896
396997914855088130
396997559450746880
396997087604125696
396996748402368512
396996528067194880
396996299817357312
396995439276224512
396995268517699584
396969742612701184
396969204919705601
396960967331819520
396957808014278657
396957534168166400
396957335030992896
396956762080681984
396954440604733440
396953932565446656
396953707989856256
396953399758823424
396952975161044993
396950504288186369
396950045469065216
396947338515603456
396946156326248448
396945063080497152
396944723719356416
396944571898150912
396943957608775680
396943093242413057
396940273734799360
396940140796338176
396939515488501761
396939140266074113
396938374499418112
396937861187919872
396934701908115457
396934404972359681
396933058810499072
396932603107745792
396046638742917120
395888252680699904
395634463964557312
395634349779210240
395620968066220032
395606212957708288
395590315060375552
395584061134995457
395582196419162112
395582182334672897
395582073035300864
395582054559395841
395581528333619200
395580972403814400
395580024868175873
395571797799624705
395571513463541760
395571313483333632
395571094452580352
395570624292065280
395570512136392704
395570207562801152
395569974112030721
395537914119356416
395536522034053120
395535993451073537
395535606824321025
395534231482679296
395533651947315202
395532969022345216
395532326425595904
395531673343107072
395531166323048448
394488440579825664
394487239016591360
394486898225213440
394485947149983744
394484081087348736
394476554115223555
394475293919809538
394460363267133440
394459342478802944
394458949228826624
394458521376268288
394457064644165632
394455522104987648
394454810071552000
394454427261628416
394453751844462592
394453362113933312
394452961704689664
394452645575798786
394452052039831552
394451028117958656
394450489426722818
394440440960671748
394439806052073472
394030996007686144
393841776168935424
393839311214223360
393364695500869632
393363481799294976
393363187766013952
393362907229990912
393030971861131264
393011241360162816
392994262364585985
392973493140082688
392955527346413568
392953791143608320
392654649242558464
392204651329642496
392204172340121600
391173418327891968
390845882435792896
390845589329416192
390845208360779776
390714625823481856
390714121999491072
390713678548303872
390713175231823872
390595291222908928
389788663426449408
389755290653974528
389754995794382848
389693612390244352
389692530256015360
389691955531087872
389691528014098433
389675532268212225
389658492321017856
389657081357160448
389524945182539777
389524305455116288
389523841594449920
389350955223101440
389339086403928064
389338824989749248
389338250781130753
389337298560888832
389336949431238656
389335863332982784
389335516287860736
389334876211933184
389334195946131456
389333584781537280
389333260037525504
389332759690620928
389332302284988416
389331678654902272
389327551803711488
389326431530266624
389325518417723392
389323216822755329
389323021414309889
389322406768414720
389321659192467456
389320478332313600
389319963477299200
389319635717619712
389311223751524352
389310286521704448
389309857045946368
389307919122329600
388977131008425984
388960835290533888
388960546470768640
388959992189296640
388959697816272896
388941138994167808
388935704798957568
388935478277181441
388935080350994432
388932026440495104
388931643781562368
388814735912615936
388814554547097600
388776643587608576
388047664149196800
387714487416913920
387711530986242048
387710531739451392
387709844959924225
387706090999513088
387705741638782976
387704876576149504
387703310402088960
387702342118027264
387702257082712065
387702088408371200
387463061235183616
387461673168031744
387343314971656192
387343117700956161
387342969067409408
387342710081744896
387342542246645760
387342279884541953
387342116491251713
387342023335739392
387341031076671488
387340529723121664
387332905086619648
387332582901170176
387332403456249856
387332044415438848
387330830592245760
387321736506519552
387321245999439872
386733543528755200
386225078196641792
386224463575928833
386109988579446785
386108562088263680
385892981938479105
385892026828328961
385891279680184320
385889773132337152
385888862339211264
385888228688932866
385888172384587776
385887311172341760
385886889783226368
385885900011356160
385885139357560832
385884657155178496
385647685644349440
385535853730467840
385530000247914496
385160748026302464
385159473620615168
385157754027261952
385157167307055104
385073181117009921
384257645966012416
384256652268298240
384255475518558208
384253690833797120
384252294013124608
380223025259360256
378457455602057216
376629214113722368
376624568317661184
376623908582985728
376622921269006336
376622058836209664
376621324321312768
375966105212166144
375965391857516548
375965058469085184
375938891674443777
375938550228717568
375900762791886848
375899945548529664
375899302297485313
375897954604687361
375895186284376064
375740908081119232
375675772641370113
375675278929838081
375611530550603776
375599200739655680
373496676838674432
372682670574026752
372682263311302656
372681132459835392
371677618057142272
371676902802464769
371675047984758784
371669334243803137
371667670854160384
371575938703966208
371575467062870016
371575153568010240
371574291806289920
371573821448663040
371573237035315201
371572560838008832
371571929280692224
371570201084850176
371569739166134272
371569255835521024
371568541805592576
371567792681930752
371567074206023681
371566362755612672
371565324422094848
371564371866300416
371561125479211008
370807763485458432
370807355975290880
370554831871545344
370460008971898880
370284905294344192
370283333558620160
370282046611918848
370280945498083328
370279725324701697
369036388500398081
369034554964578306
369033612030914560
369033197423575040
369032676189020160
369031905397571584
369031190164295680
369029601080528897
369028168973168641
369026427183955968
369026303254491136
369024783800754177
369023319770529792
368346914187534337
368033324964401152
368032940090859522
368032833228402690
367981215128633345
367979891574071296
367979842286784512
367592408755605504
367561010632073216
366491795946881024
366491345394737152
366490990040711168
366490929160404993
366489842172956672
366489250755121153
366488581235146752
366486791810859008
364681920375828482
364606312694300672
364606198726656000
363315151555919873
363068887086018561
363022160421326848
362870512415809537
362845268070236161
362683407102246913
362683168245039105
362683055569256448
362682574230921218
362680667168964608
362680294832209921
362679964098772992
362679713350684672
362679587395747841
362679166501535745
362678482536370176
362678228814532608
362677634250981377
362635271742816256
362632787557224451
362623207150338049
362622541010960384
362622097622704128
362621759964446720
362612747067854849
362603328158437380
362602731682271232
362594281480921088
362594112693735426
362593683889078274
362593465210650627
362592901919813636
362592285747195905
362592008201703424
362591524996919296
362591207488110592
362590926129995778
362590526618341377
362590267041263617
362575717524963328
362574816919818240
362574577781583873
362574294879965185
362357830734446592
362351745730478080
362350299190525952
362349377680982016
362346880023273473
362344059521597440
362342322299613184
362338078087581699
362337916359426048
362337815792590848
362335694275878912
362126306713939970
361898248123854848
361760844201197568
361760635056435200
361748740450697217
361748504533676032
361747976722452480
361747778810028032
361746594028195840
361745847521779712
361745644811071489
361745378816696320
361744877257629696
361532300309168128
361532010772168706
361531947433984000
361531654201819136
361531044354195456
361530693081235456
361530630917455873
361530291883491328
361530073200852993
361529683055099905
361529307211890689
361528787948670977
361528420485705729
361528181594923008
361527562041692160
361527244579016704
361527069030625281
361526573406494720
361525900019372034
361525436905299968
361525342709624833
361524731905720323
361524327771938818
361524133684719616
361523921901731840
361523554174513152
361523478979018753
361523153647833088
361523058428747776
361522898017599488
361522688579215360
361495179397574657
361446538590953472
361427111581462529
361426823130779648
361426723444760577
361426018025746432
361425608783306753
361424405206810624
361423353128558592
361422683856056320
361421924930293760
361421500189904896
361421012585283584
361420051640881152
361419126524215296
361417975414259712
361416973575401473
361416038916702208
361414419604967425
361413571067904002
361412595510546432
361411455930732544
361411039528624128
361410678394859522
359957831635566592
359698572721131520
359698031186165761
359697316984258560
359695467916951556
359694447895773184
359692716768112640
359690881936273411
359690811119632384
359690354074726400
359689558494953472
359689396448014336
359689185084448768
359684467582971905
359361966420131840
359270165369729025
359074535510786051
359074205519724545
359073690610176002
358959097682472962
358958254174380033
358957471139774465
358957131656986624
358956918737338368
358951028533641216
358950871867981825
358950535329624066
358950463422464000
358950238662295552
358949928619356162
358949742685851648
358949457032781824
358949059278540803
358948862926405633
358948738774990851
358948605404524544
358948414869872640
358948316605726721
358948177866522625
358947789490757632
358895187596025856
358895002274906115
358894923405209602
358894836100763648
358894158779396096
358894009353109504
358893947768147968
358893322808459264
358893247776555008
358892917395423233
358892680366919680
358892469770919937
358892311440142336
358892125011718144
358891557027459072
358891473166540802
358891028259942400
358890971360002049
358890889084547074
358890804728700929
358890619374014464
358889948532842497
358889612686540802
358888895481528321
358888183204806657
358887279403601920
358887118208110592
358886507131584512
358885230326726656
358884128206225409
358880646443171841
358879109805375488
358877944543846400
358877441537744896
358313432786812929
357829869628960768
357769872895254528
357445108901216256
357444534436769792
357442620286451713
357440997648637952
357429967581224960
357429424158810112
357416501625618432
357396232567660545
357395867273134081
357392551990407168
357392203145940994
357279964934062080
357184141156028417
356874646223720449
356867839841406978
356764854054432768
356761521981882369
355998866220396546
354893069985910785
354638738246205442
354638477087866882
354530362518544386
354530305954164737
354529807117197312
354529661201551361
354529645602934784
354477654428233729
354476208873947136
353944205342674945
353943434815483904
353827118108516352
353826571502616579
353824966292160513
353823955351650304
353822730325471232
353822449487454208
353820800022872064
353820642489008129
353819932728901632
353819677102833665
353815785262690305
353814611503484928
353812754282463232
353811662479949824
353810970096832512
353808978045714432
353808841017802753
353807010610950144
353805429433827328
353802785206185984
353419541990219779
353416194046431233
353412786656788483
353410147873329153
353408443559841794
353408111060586496
353407884786286592
351980501239738369
351980237287985155
351753298044399617
351700117809659904
351598591518842880
351468880503382017
351445521484886017
351445066339987459
351280962568593408
351279963380518913
351278782465847296
351265903972859906
351260225053007873
350586375256547328
350586100055674882
350578846212440064
350578606759616514
350115215930703872
349973652554526721
349893204264493056
349889400366313473
349879746412285955
349833022645878785
349805595588689920
349805283129827329
349803817388343296
349802708070445057
349802646032494592
349802199590772736
349802029788569600
349778747517452288
349777781204328449
349777519219720192
349583637689274368
349583584656506880
349583457338404864
349561532121755648
349561013022097408
349478384566411264
349473527939870720
349472978838360064
349397424214786049
349394463099064320
349393524585803777
349245765861912576
349187611308462080
349187178527612929
349153770350968833
349151804547813376
349151667389857793
349130519734259712
349129937539719169
349128921041756160
349128518107557888
349127830593998849
349125850400186369
349123909624426497
349123590635024385
349121405461344257
349119517462495232
349102684432896000
349099562201399297
349094085484744704
349093082211438592
349092651770994688
349089722519416832
349089347246620674
349088135805796352
349081070081302528
349080608783343616
349078932370386944
349077570274340864
349075871577014273
349075241814851584
349074820643831808
349070737350467584
349069921986162688
349063281455030272
349062875249254402
349062073864560640
349061933468618755
349059699188039680
349058742052085760
349058528381632513
349057474311118848
349056864220237824
349054227491991552
349054135942934528
349041653107015680
349041152437145600
349041024624119809
349040773037174787
349040550000865281
349040494447296512
348742666982400000
348742506856460289
348741100615397376
348739652817149953
348735418289750017
348735363591831552
348735067528511488
348730047890325505
348566043456843776
348562858285625345
348550782993440769
348523885274202113
348523489822642176
348523424282472448
348490569502294016
348490125518446593
348475997999468544
348475833960239104
348461896149639168
348460448590462977
348460045828247552
348457440574074881
348454078336086017
348453395981561856
348453036307394560
348450311003852800
348365362275971072
348364422856716288
348363016632426496
348362455442915328
348358819803447296
348358545575641088
348356241388625920
348354280757014529
348352225363501058
348045219134054400
348031019133325312
348030874098475008
348030112953950208
348012053836996608
347987332013629440
347985416969912320
347985076128198656
347981728746467328
347968243710976000
347778041633730560
347777012481536000
347776847175643136
347776471881875459
347776135620329472
347775494688759808
347775277880979456
347723121354211328
347709984341127170
347705696650924033
347705389602725888
347696061168627713
347696021607964673
347695322031591424
347695104213000192
347693003487461376
347691770244636674
347690970747371520
347677308213141504
347646275350577152
347645145467977729
347642146129592320
347417917480124416
347297239590375424
347271131604074497
347269453161054208
347239163625627648
347037186840989696
347018192603996160
346995787479269376
346990858647769088
346990693962633216
346990020093149184
346989548078788612
346973144508137472
346972388505817088
346972005041586176
346962270942797824
346961575405572096
346961196475375617
346959881598808067
346959503184510978
346952689663492097
346952202008535040
346949119283171328
346948337020313600
346947864221581312
346922280141606912
346921918986866689
346707414487289856
346696161874296832
346624383101566976
346623602042478592
346570626418487296
346570528456310784
346534656889454594
346227358098915328
346160883262693376
345987770470260736
345987381750530048
345987275743715328
345986924894363650
345986645000089600
345986462338138113
345985958203768833
345985664627642369
345985269054451713
345984793965645824
345984591103938560
345984087321882624
345895383270055937
345895044772929537
345894647769477121
345894354260475907
345893532759896064
345890770110251008
345889467904696320
345888801664663554
345888234263416833
345887638642888706
345887396275036161
345886949313245184
345886563588247552
345886179138367488
345885752485347329
345885343758819328
345884536296570880
345884010926452736
345883425875566592
345882940623958018
345882240145825794
345879869185470465
345879342171164672
345879085664325632
345878781724078080
345877778828247040
345875696796704768
345813201046368256
345812888465842176
345808640084697088
345801716995870720
345793652829863936
345793394750156800
345599244629078016
345597746260103168
345587779423580160
345587603673858048
345586742579044352
344954417847607297
344953087938686978
344952256187211776
344951997964881920
344710007029395456
344707266521485313
344707097721708544
344702395072266240
344700506255536128
344697616182935553
344345119455076352
344167054422724608
344161981097451521
344161067930365952
344160718117023744
344159174088863744
344141742674698240
344115382996594689
344060419234750464
344059859236446208
343701586998091776
343701318667489280
343685247520612353
343684865641807873
343684686226272256
343683919297777664
343682236534628352
343680892230832130
343679856204193792
343678249202757632
343668623887433728
343667805150904320
343666793795158018
343666085163315200
343664970887729152
343663256025591808
343661810030882816
343661122525745152
343659134257864704
343658367836893184
343655990933196800
343654369939558400
343652412948619264
343650886146457600
343650332259270656
343643064465756161
343637167479853056
343530801020940290
343373634628354048
343373459839135746
343372504573808640
343368267810873344
343367871734349825
343367727039279105
343365259014307840
343364878834216961
343364719060602880
343364266960756737
343363878790516736
343356689094959104
343355875563536384
343320210956230656
343299499193667584
343296972242944000
343271483524673536
343269443167739904
343065084446257153
343011615148486656
342997656446066688
342994549704097792
342987015199006720
342982806600822784
342950595692470272
342943277718319104
342924792141316097
342924428360945665
342923516036915201
342920745485234176
342919660498481152
342916355756007424
342906540799438848
342904190189838337
342900440184270848
342775922182717442
342772849699856384
342772551300296705
342772294076207106
342771885479718912
342771059562512385
342770723045138432
342770537661079552
342770090854465536
342769508563435521
342769312643284992
342768521564024832
342767725506076672
342767513081352194
342767164874448897
342765973318819840
342764689102606338
342764085940727808
342763412830445568
342763267711700992
342762858326654976
342762209425895425
342761642649595904
342761210443354112
342760914732331008
342760790593523712
342760137708142592
342759016805580800
342573635506155520
342563396820033536
342402083745591297
342401808418881537
342401537206800384
342401130401251328
342381313862553600
342380341106978816
342367337778925568
342363320428396545
342362943012360192
342332783701671938
342330689330483201
342317796782387200
342292861603155969
342292041226657792
342276495970021377
342271438620880896
342269153849253888
342269002032234496
342268202585313281
342259990003867648
342259080280285184
342258769314603009
342258490397577216
342257815638900736
342257263274258432
342257041395556352
342253517790121985
342252316948316160
342252076673425408
342251250517155840
342250873457618946
342250270312517633
342250043207733248
342217283445354496
342198621497880576
342197486229798912
342196543216050179
342181060504858624
342177865770598401
342176327182458881
342036440349286401
342032405865062400
342031762811125762
342030803888386048
341986023246528512
341985138353250304
341954511423807489
341947490540589056
341947229407416320
341935201057914880
341932480582000641
341932022819876864
341926981417435136
341926842032328705
341920399451357184
341913306023481345
341912767030247424
341912099271884800
341906184380502016
341904771206221827
341893604714897409
341887964776914944
341887131762962434
341886054757961728
341884970941427712
341882626526822400
341882354517819392
341881867341012992
341880738964193280
341880695213391872
341879812572463105
341879665817948160
341878086096265216
341878017192255488
341877927102803968
341877192353005568
341875947244515328
341859732962803712
341853458204356608
341853071997014016
341852882825515008
341852553484578817
341852111786606593
341851208618741760
341850050424610816
341848970622033920
341847763954302976
341846819988451328
341822939198525440
341820280685072384
341820079245242370
341817217433878528
341815046655053824
341811120849420290
341809072355549184
341806945554014208
341804837492621314
341804564003041280
341804257751736321
341582993569239041
341582512411262976
341570334983593984
341464756303044608
341287528604778497
341278841106472960
341277645721436160
341273523655938048
341231078838763522
341230656753393664
341230239336243203
341229412500508673
341217723709259778
341214898296066048
341214501913366529
341214215694069760
341204467573743616
341196986701213696
341191008190623744
341190788014821377
341143734173462529
341143670847860736
341143584625545216
341143372129513472
341134881683828737
341126904541233152
341125686016237568
341116753688014848
341115502749446144
341115159294664704
341113180807913472
341112216751308801
341110232828739584
341109599191060480
341109220441206785
340866007973384193
340854687001632768
340853972564852736
340852794015744001
340810996887207937
340810247897747456
340808860233240579
340808658260725761
340781249864024064
340752128937189376
340751559824658432
340750951700910080
340750552080203776
340750280327053313
340749998327222272
340749760346603521
340749413620277249
340749228349476864
340748716199792641
340748343842045953
340748098517213185
340747880631525376
340747780014342144
340747543308824576
340747207122751489
340746911013285888
340557135958122497
340556680142151683
340556183901466624
340555771483914240
340555426338861056
340554980471738371
340554034752663552
340553682963800064
340552929822007296
340552462375202816
340552208317829120
340551962066046976
340550604655034368
340550055771652097
340549840511586304
340549442400821248
340548637018976256
340547821117792256
340547062917640194
340546621471346688
340546028929417216
340543692102311936
340524384324296704
340521127648587776
340487345604276224
340470474008051712
340467217487495169
340466650702819329
340465111154171904
340464704042438657
340464332200636416
340437110303649793
340405503396044801
340405313700249601
340405150021726208
340404845263593473
340401933359661056
340401687414059008
340401118184095744
340400136033280002
340388948406853633
340388772426424320
340386451898388480
340386102575763457
340384840304185344
340384515975430144
340384242401935360
340383875219980288
340383572810682368
340377302720475136
340377024080248832
340375987281870848
340237562306236416
340236997555798016
340236059705229312
340235505222426624
340234867994423297
340234214337294337
340233558574641152
340232580047724544
340232362296238082
340230783023337474
340229525902340096
340229433925439488
340228382124015617
340227393539158016
340227169223581697
340226382355390464
340203382562226177
340202960845950976
340202606200774656
340202078800592896
340201568211173376
340199816581746688
340199046662737920
340198538476670976
340189697882079232
340187072402968576
340185365707100161
340180093529882624
340172803384946689
340170448270663680
340124596504248320
340123797543874560
340122539592404992
340122249967325184
340122007167451137
340121596754808832
340117757767069697
340114370925301761
340112712849838081
340112080613031936
340110840835497985
340110577894559744
340110424731156480
339792759386935296
339779989195063298
339779835654205440
339778836424187904
339763750385119232
339753757984292867
339751315771109377
339746939648212992
339730557460172800
339730092009852928
339729744289488896
339727530871377920
339727397819654144
339726985901244417
339726281711169536
339723083755692033
339713537452687360
339700272500703232
339700030476783616
339699690163560448
339699181570650113
339674227374424065
339673943482966017
339673628570427392
339673445753307136
339673107583352832
339664292032962560
339663910246436864
339663477134221312
339660266528722944
339658969335353344
339648200958939138
339647275523514368
339646520980799489
339646159855443968
339645474069954560
339644752066658304
339548788106620928
339547831822057472
339547106941497344
339541393364103168
339540722397093888
339539771275751424
339538330507157505
339536491749445632
339535890646978560
339535195495600128
339533577341530112
339533053246439424
339531369149521921
339378062422581248
339344951508881409
339344612890132480
339318222908182528
339318065919557632
339283112095805440
339282820516151296
339148090328109056
339147725813735424
339147514085244928
339142432266539008
339141985560580096
339141682593406976
339137456412712960
339137095568343041
339136621024776192
339135736337035264
339135463665328128
339135402516570112
339135339086114816
339135109645086721
339134515379322881
339132903046918144
339132722196918272
339132565619367936
339131951648751617
339131818253094912
339131687327891456
339131042445291520
339130790820605952
339129854991683585
339127425172635649
339123007966572544
339121754943389698
339121267330387968
339119677986979840
339119001563168770
339110462765531137
338627869616001024
338621907412860928
338620267729408000
338619300384485377
338618724577853441
338616607905550339
338614053700263936
338613463129661441
338598960757350400
338592956355330048
338592702058885121
338588709920309248
338588466835243008
338587925207973889
338587808451137536
338587519136456704
338586483411787776
338584121863446528
338582337711398913
338581681814528000
338580780588613632
338580670861438976
338580367198011392
338579143807623168
338577953036304384
338202162087747584
337995790909849601
337969330752983040
337965488455942144
337965185979523073
337718351881187328
337698697091616768
337698502379462656
337698327770591232
337697428679565313
337695139898200064
337693552823906304
337692851888594944
337691613822345216
337690745005813760
337690053419610112
337639838356492288
337609257686036480
337608723457523712
337608305696460801
337524218801582081
337524029743325184
337464781231497216
337463939879288832
337344143342858240
337342409690206209
337342174138077186
337342124435574784
337340838600392704
337340558949367808
337340000490369027
337338293450600448
337331771660181504
337331334299144192
337330977644888064
337330513117319168
337328979981770753
337248507058593792
337126532537532416
337125261311090688
337125085620105217
337122830623858690
337072448048603136
336921206349512705
336916268307337216
336892090921402368
336751959262507008
336751089917493248
336718302846001152
336718213863841792
336717939761876992
336717333026455552
336716745215717376
336601497955610627
336599942640590848
336597452369039362
336597371674849280
336596378111320065
336591750451843072
336591023063056385
336590210991288320
336588324376555521
336585700898136064
336585549689257985
336582734849925123
336582632836067328
336582460475314177
336582055947272192
336581692661833729
336580522060959744
336579728641232896
336577185953480704
336573728366407681
336550713377296384
336550559492489217
336549359862829056
336548530124619777
336536101453955073
336410882110283776
336389532167581697
336389314609029120
336389041270448128
336378999469142016
335781625914855424
335778628686204929
335776426643054593
335775954163101696
335775309716660224
335775165269024770
335773986011095040
335773477258817536
335773162421768192
335772212281868289
335772068526297088
335771451535814657
335771140347801602
335770659537944576
335761530714984448
335761079227514880
335755951904788480
335754714245373952
335752705073111042
335729106597588992
335714974980767745
335711389270302722
335711277559201792
335700247068147712
335699788400062464
335699171518607360
335698798342971393
335697199688196096
335696674133524480
335696427126751232
335696147987447810
335695121091801088
335694035853381632
335693779010981888
335693268681625601
335692697832669186
335692389396119552
335692032167251968
335691607363944449
335691367038734338
335690717584306177
335689712440324096
335683761981251584
335682849392959488
335532753095376896
335526725305905152
335526172685393921
335525576926429186
335525072624308224
335520918103277569
335516780082647040
335516431548555264
335505864062554112
335505676497465344
335504908361019392
335504727611691009
335504014940721152
335502993019527168
335502295318016001
335498444263276544
335498064385159168
335497484744929280
335496242882818048
335495969921703938
335494078739382272
335492558564257794
335491867540078593
335490594015170560
335487908586868736
335487144544067584
335486818965405696
335486249769005056
335485339558895616
335442641309282305
335442542172725248
335441758437638145
335441556519669760
335441359823572993
335439837677117440
335438807031762944
335437333887332355
335435364305096704
335434719200169984
335434179972042752
335433428340183042
335433041017176064
335431724605530112
335431299793821696
335430040189816832
335429455352848385
335429152792530944
335428642928734209
335428375659298818
335427656973688832
335422756667674625
335422075361705985
335421390444449792
335420411703619586
335354153494777856
335349110905372673
335348920131661825
335348196681318400
335347585747398656
335347273728917507
335347040848584704
335346771922415616
335346632801521664
335346435258191872
335346236930535424
335346041656332288
335345577191677953
335345202397061120
335344828885897217
335344533275541504
335344218644021248
335344013282508800
335343689603899392
335343278343987200
335342810544869376
335342197505396736
335341827458748416
335341387694342145
335341036849205249
335339575583051776
335339054625345536
335338705751527424
335338078417866752
335336201223557120
335334221235236868
335306501746987009
335167188002545664
335162854250532864
335162613275193344
335162156704202752
335078088503345154
335074698822037506
335046143685849088
335045976584753153
335045268955361280
335037627008946177
334977456157097984
334976076327555072
334958952771112961
334940390220247042
334939211465637891
334939033144791040
334935569618575360
334935442552131585
334934021920391168
334933281181143040
334932258614018049
334929017071366144
334926707192651776
334926248012820480
334926167654141953
334924922390458368
334924850978254848
334924344549576704
334923547195604993
334921806362324992
334921734258040834
334919320985534464
334911175349370880
334765428083662849
334745520063012864
334744107320745985
334741893713895424
334740671934115840
334739849124913153
334738471803580416
334737291555778560
334735932953591808
334734694258188289
334721583899869185
334664998292946944
334664797499047936
334610868996292609
334609656875974656
334609329263104000
334608095739256832
334607945323147264
334602658050617344
334602164305555456
334594781588099072
334594586099990528
334594144062283778
334593664267464704
334593564405272576
334577999741595649
334576862191820800
334575553136959488
334575235250659328
334574623117152256
334574381416202240
334573902367948800
334573460388982784
334572764482662400
334572549549740032
334570083206713344
334560159273730048
334559688647667712
334557817233104896
334557249966063616
334551385557315586
334549414066667520
334439064658923520
334437401437032448
334437057453768704
334434792194060289
334434085827129344
334432973401227264
334431149088710657
334309416960679937
334278503564443648
334274551221456896
334274393687609345
333920318261428224
333886160910835713
333845072909070336
333844843077976065
333837294345793536
333836385263960064
333827415426080768
333818026912788480
333675421080100864
333675134126788610
333633848145494016
333632466202013697
333592144776413185
333591564574142465
333590911424536577
333589348433928192
333576879137239041
333568889801809920
333562524622540800
333543757263814656
333541438946156545
333540646579224576
333535036160741376
333528110303698944
333527236072321026
333525530165014529
333524617694171136
333524255545364480
333518788391755776
333517172167028737
333516859099975680
333515841838665728
333515312714612737
333514829379796992
333513180808609792
333510217830633475
333510058115727360
333509598365507584
333509468149149696
333509072672395264
333509029630443520
333508952883093505
333499158612811776
333498588023885824
333497670003994624
333496176538169344
333495506338713601
333407616153821186
333406543464787969
333389780387762176
333354841428602880
333353500203442176
333351918464294914
333350642175328256
333348189199552513
333335594396680192
332947177934573568
332946544984739840
332945242632372224
332945180682493952
332945009030615040
332944572504211456
332944516153753601
332942394498621440
332941298468286465
332940051740774402
332938603665694721
332924509126524931
332923698883465216
332923431475609600
332922278390140929
332920131615334401
332919379199156224
332898722302267396
332882968798429184
332878543946133505
332878046220652544
332836478952558592
332805266275971072
332796240280571904
332792436621455360
332792132588937218
332791685459374081
332791396748632066
332790772032208896
332773592947384321
332754236230234112
332751829278527488
332747769460686848
332737265409343489
332736861804060672
332736593238581248
332736337742544897
332736082770788352
332627964565008385
332627797673652224
332627550016765953
332624750377582592
332624469430521856
332623508184129536
332621927199944706
332621204441690112
332619765120122880
332619285648252929
332618156675825664
332617182133493761
332616296086781954
332614042172669954
332612797139660801
332612521699713024
332611359428710400
332610534887284737
332566555558825985
332566378030718976
332553244813455360
332551413991342081
332549822613704704
332548190861656066
332545861563342848
332106261069955073
332106016504283137
332030145550487552
332025104433283073
332024340726038528
332023536455655424
332020117800103936
332019454743552000
331944291469512705
331740180664942593
331739883561447424
331726835383685120
331704182706937856
331704014238527488
331703449899134976
331702600833585153
331701926003630081
331654064741969920
331535248091385857
331534708867473409
331531492813578240
331530686831927296
331530339249975297
331528494515359744
331526152315359232
331444087003693056
331443745276968962
331421834413232128
331421566946664448
331421505370062848
331372330905399296
331030579606876160
331028716715134976
331027596458463233
331026923587239937
331026722390691841
331026302981263361
331026008222355457
331025794547716096
330998094705606656
330997520408924160
330995605046452224
330995521915334656
330994900197859328
330994539210891267
330994334101020672
330993950825512961
330993576144154624
330992281488330755
330992050042445824
330991499611348992
330991430136897536
330991359337050112
330991166977871873
330990933887827968
330990750361849856
330990235297124352
330990166015623169
330990102069252096
330989988470738945
330989856429834241
330989495660969984
330989179964100608
330989075484008449
330988886421557248
330988722856267776
330988569063727105
330988159468986368
330987952282943489
330987868468166656
330987686317932545
330987403751866369
330985654362202112
330985159698558976
330984953154240512
330983684607979521
330982712770957312
330981446338637824
330981054452219907
330980199539818497
330979985391247361
330978508560023552
330978414917984256
330977986331435008
330977074892386304
330976050907598848
330975006387486721
330974029550850049
330973546425761792
330973326044442624
330972861139410944
330972346804469760
330970469954117632
330970226126635008
330969100845191168
330968668349538304
330813078360948738
330805317661249536
330797847261896704
330796783712219137
330795230804729857
330765995021041664
330765236250488833
330764371477286912
330727528840978432
330722611418001409
330721940996243456
330721592206303236
330702264387899393
330701877140389888
330700166191513600
330699615458430981
330699435443093505
330596129198718976
330595828672626688
330595551806619648
330576090181554177
330574780854063104
330574245010759681
330573971256930304
330460064043368449
330459533640089600
330459229519507457
330456310179061760
330456085410500609
330455732501766146
330455385385353216
330449539054063616
330445997245362177
330445303411007488
330444689205497856
330429590440919043
330427508543610882
330426479617904641
330426354082381824
330425165181747201
330425140976435201
330355549654900739
330354824828841984
330354099981778946
330350360092872705
330343789405274112
330342753462525956
330340477561892865
330339914463997952
330339588985982977
330335493273300993
330325422619377664
330324947295682561
330324689547313153
330284175246647296
330284030228566019
330277039888281600
330255093247143936
330059112622747648
329980600415039488
329973574641283074
329971351903424512
329959437915791360
329959038181855234
329922092525051905
329922044697382913
329908522617798657
329908104890298368
329904753180045313
329903652959571968
329902870310830080
329897538025046016
329873523155800065
329857692522930176
329848912603123712
329848813407838208
329848479713210368
329847705805406208
329642969428787200
329642563235635201
329639008189677568
329638515094720512
329624974597967873
329624672482250753
329623719683178497
329615521853091840
329615306697883651
329598794662555648
329536566198427649
329536091445157888
329503001595215874
329344986980184067
329294364176166912
329294119207833600
329293341290266624
329258735388209152
329258354386014208
329207243335667712
329197751067881474
329197450768314368
329197015684743169
329196789095874561
329196659445755904
329196056518733826
329158738328027136
329152218961940480
329145535560830976
328893862393290753
328767396003332097
328472857724194817
328468584219160577
328467557063487488
328464282218008576
328464007843422208
328463214742491136
328462437718294530
328461984611844096
328461531186601984
328460207309070336
328459669209227264
328459576800333824
328459321753079808
328459238613585920
328459197102555136
328456749579390976
328455722016845825
328450000931655680
328448758994051073
328447934398074880
328446912187469824
328446331364458496
328445969060474880
328444953401372672
328444404400521216
328444144596959232
328443476712767488
328442703429898242
328442175845179392
328441939458412545
328441434350968832
328440902051852288
328440046048915456
328438513152425985
328438453048057857
328437741320802304
328436733677023232
328436438972633089
328433656211337217
328424571692785664
328423153787355136
328422594279768064
328422284081647616
327829911962271747
327814422733127680
327811713892220930
327811658753912833
327740674764054528
327729075110162433
327729022698143744
327728619319345152
327552438469021697
327552376292667392
327552291429294081
327552154271371264
327552072306290688
327501795310051329
327488942322622464
327455952695607296
327453008982065152
327452710205001729
327452529749278720
327452182716768256
327452082670018560
327452036893388802
327451953674215425
327451906433748992
327451747213770752
327451657950601218
327358033678184449
327352008937992192
327350804514226177
327349561456734209
327349109277196289
327346759170928640
327344064942968833
327342679614693377
327342009377513472
327340154169733120
327339411559829505
327335741501878272
327332745787367425
327293666710413313
327292547980488704
327286761074073600
327286287772028928
327134623773622274
327133251724509184
327132425354350592
327132117706358784
327131680458567682
327130951308165120
327130568611491840
327130487741108224
327130092482461696
327129844456505344
327129485457625089
327129308902588416
327128562060644353
327128366010494976
327127986560184320
327127676689199104
327127228582346752
327126784195846144
327126505702453250
327126231910871040
327125839424671745
327125565079449600
327124590587416576
327123631069073409
327123377041059840
327123180147843072
327122660045754368
327122577833226240
327122273695854592
327121403180621824
327121104403566592
327120960492814336
327116518452248576
327116163584761857
327114764167827456
327114367285997568
327113929698463745
327113713486290944
327113448163008512
327113232919719936
327113088207831042
327112801866883072
327030889357930497
327029977323294721
326982922601123840
326820220767457280
326820103628939264
326819641953505282
326818645814693888
326817752620879872
326817561452896256
326816972820054016
326816857212452864
326816476772331523
326816101021392896
326815498832580609
326814994270404608
326814491826323456
326813518823305216
326813341987246082
326812911777480704
326810879897247747
326810633205071874
326772352690053120
326763755067293697
326763180741255169
326762494175621122
326760179930640385
326759992680124417
326754563753385984
326751342649569280
326750960019976193
326750095435497473
326749607478566912
326749026307436544
326748280895725568
326747581554249730
326746428502323201
326745255451959296
326744132242513920
326740141718769664
326739730173657088
326739221610106880
326737357812416514
326735627120963585
326735316952154112
326734403285942272
326730329115222017
326727714113466369
326726716590534657
326714367670353920
326713063220850688
326624541151465472
326616879223427073
326590603355897856
326590344701546496
326583070469783552
326582046782791680
326567204827045889
326566513794510848
326465329112956928
326464458316718081
326464196697001984
326462810907353090
326462252171546624
326461342133399552
326460449220620289
326459018929401856
326416107600764930
326412815860633601
326397729767038977
326397185581277184
326377220216078336
326377025327747072
326376824961654784
326375665425330176
326374928339312641
326374843010392065
326374447953104897
326373198771941376
326372630632488960
326355736693198849
326355175851819008
326354462115516416
326353480405118977
326350380105617408
326349971521691649
326349524949954560
326346329582346241
325902573871710208
325902502723723266
325902033339158528
325901906876702721
325901377379373056
325891999280545794
325883295474778113
325866829425823745
325750035209928704
325743814927081472
325728137923141632
325723072277659649
325720190698528768
325718919535013888
325718109665259520
325716734894043136
325716573325258752
325709389879185408
325709137780551680
325708597461938176
325705442053480448
325704567419441153
325703500992503808
325703113522696192
325702325425537025
325701685211176960
325700547380379649
325699683634778114
325698604129980418
325697898274770944
325696496383168512
325695953266937856
325603182719938560
325602970316177408
325600861831176193
325600602660937728
325599819886374913
325599744913199104
325598343197761536
325598226554163201
325597820881076225
325596394058555393
325595926444011520
325594681541005312
325592715041591296
325579198607544320
325577997874761728
325577761374740480
325576489833754625
325575994641612801
325575121463042048
325574098916876289
325572727148781570
325571633660170241
325570354296799232
325568812835540992
325568412342444033
325568139721068545
325567967427432448
325509050974478336
325497560674476032
325497086491648000
325496272263970816
325398917875376129
325398705714888705
325396380262748161
325396257474506755
325395336090763265
325395136651599872
325394871991009280
325394252035133444
325389206153220097
325388449794363394
325385841897775107
325385599794155520
325385224475258880
325384814171668480
325384226981703682
325383034721406976
325382528502484994
325382364228354048
325343368848740352
325343308115243008
325343122164944896
325342835526205440
325326139746836480
325325743980691456
325323916887351296
325323046825107456
325322708109885441
325322492401033217
325322091199082496
325321287415246848
325320907931394050
325320598987370496
325320369839960064
325319561803083777
325318969617678336
325318792475459584
325318027031744512
325317772563345408
325317616765915137
325317272551948289
325310825218842624
325310677742915584
325309974479781890
325309650075537408
325309308898267136
325307070020714497
325306912163897344
325306825874493441
325306741086646273
325306596810977280
325306297262161920
325183658782765056
325183277684101120
325149725277949952
325146677449211905
325144125701779456
325143624910249987
325141689335414784
325141128947068928
325140749320597504
325137732835880962
325137511687016448
325137401833992192
325137148854554626
325136299210186752
325135956581699584
325025240071696384
325024664843857921
325024209074020352
325024094112321536
325023728117358592
325023445811339264
325023241531953152
325022817924030465
325022536091979777
325022458203762688
325021494331727873
325020479742148609
325020312414597120
325020193627709440
325019986722701312
325019703871406081
325019494886014976
325018992748146690
325018765173612545
325018360641359872
325018121423441921
325017930939105280
325017406995054592
325016984146288643
325016582260666368
325015943061319680
325015803667824641
325015590639136768
325014456805515265
325014157130887168
325012610401579008
325012276841181184
325011472709218304
325010376037105666
325009049802383360
325008024592846848
325007709495767040
325007378930081793
325006826980638720
324864282250592256
324835210686500864
324574326185664513
324567508310962176
324567203515072514
324532615585599492
324532529526870017
324505393772494849
324504953676767232
324500906748026880
324500785197092864
324500126364217344
324490876187459584
324490074181992448
324489665333833729
324489021260705792
324488688484642817
324485702924505088
324485465682083841
324456541342289920
324389776805470208
324388821229776897
324388525996929024
324387954862747649
324387551936933888
324264257703272448
324263324973940736
324239472013217792
324239184309153792
324238815055183873
324238445801259010
324237075450843136
324236861054779393
324236667819003907
324236402348916737
324235740252872705
324235518047051776
324235446366392320
324235251159269376
324233737267200000
324233401328627712
324233170620936192
324233057827704832
324232962088521728
324232316257959936
324232007926304768
324231830196846592
324231044087836672
324230931630149633
324230613462822912
324230390736904192
324229934254026752
324229720558411777
324229455558098944
324229331356372993
324229238720970752
324228982323163136
324228751816798208
324228595113410561
324227995940290560
324227763416477698
324227439536525314
324226979865956352
324226320445882368
324225298298204161
324225039572557824
324224347642425345
324222546264334336
324221023429988352
324219609458814976
324217048999800833
324216476628307968
324216117541347328
324215947646865408
324215717543165952
324215161932111873
324214763292864512
324214367623192576
324214043529342977
324213812423168000
324213315163279361
324212788346109952
324211930690617344
324210928738521088
324209880737124352
324206133726285825
324205735338704896
324205034453729281
324204902102487040
324204045629784065
324203185281593344
324202556580564992
324200089482567680
324199089497583617
324198824421752832
324196960489840640
324196725692706817
324187552485605376
324187457077776385
324187012984885248
324186221477765120
324186092859441152
324185848125984770
324185587269648384
324185136331636736
324183335846952960
324182880773341184
324176429082357761
324175717623541760
324175189971701760
324171920536915968
323762769662996480
323753093483347968
323373548339081218
323373378851454977
323373240523321344
323372632198238209
323372470138707970
323372099530006528
323371284689981440
323370634728067072
323369834354208769
323369372112531456
323369286104121344
323368551354335233
323367413599043584
323066279344889860
323063517429235713
323063146552123392
323062682754355201
323061616935567361
323061238684868608
323059661362302976
323059323402084352
323058478803472385
323058356237529088
323057863461314560
323057253823414272
323057012848078848
323056685885317120
323052681918808064
322756041353883650
322598473121808384
322598339059261440
322416834353709057
322414723582808064
322396224252674048
322396030861705216
322364178163703809
322338889576611841
322338322435424256
322337904984719360
322337524498460673
322336805078851586
322336096828678144
322335804980600835
322335506908200960
322334862923145216
322333677461852160
322333265690243073
322333002350878720
322332154916917248
322331779849670656
322331414236381184
322297577880047616
322297346740330496
322297030242361346
322294951125868544
322294498765987841
322291317663227905
322288684860854272
322288363816222720
322286892244692992
322286546298486784
322286084732108800
322285285608148992
322284329415880704
322283832663494656
322283370312769537
322282763317305345
322282428095938560
322281885709529089
322275222281666560
322274861143703553
322274338638278656
322270437751001088
322270100818378752
322269779832471552
322266640630808576
322266193039851520
322265447317766144
322264933209366528
322258916585140224
322258701333438464
322258427286007808
322258261799755776
322258049089818625
322257620574543874
322256791989792768
322255747641638912
322254597215354880
322251818438631424
322251509960159232
322250524856569858
322248795335299072
322248459669344256
322248371979042817
322248326252740608
322247805743800320
322228372870688768
322225139745947648
321726641887916034
321559945881460736
321259803672465408
321232608459624449
321231592372723712
320955675058520065
320954858582720513
320954004005863425
320867515871924224
320866144984645632
320860331167596544
320860022483587072
320836017550667777
320833227042455552
320833014739374081
320832568104718336
320831657923973120
320828655548903425
320827901882822656
320827131967991808
320826913893519360
320825642881019904
320825385782767618
320825106802802688
320824609039581184
320824522532089856
320824259951874048
320823026490937344
320820905834057728
320818918417637376
320817713926782976
320817393045749760
320816863212883968
320815769074139136
320814989017481216
320814608103403520
320814277961318400
320813809117843456
320812570359521280
320809813082775552
320805337361944576
320528754042621952
320527847196356608
320519850734800896
320519619297292288
320519196037500928
320518840930951169
320518374151036928
320517127553568768
320516958653136896
320516436403556353
320515613141393408
320514414627409920
320513895666171906
320512976031453184
320478905272238082
320328800674144256
320327072553771009
320326197932339200
320325753327722498
320262468645564416
320216604690481152
320215756023418880
320215245257859072
320215150726631424
320214349467770883
320214054020984834
320213848210685953
320213512158842880
320149867190177792
320148865040936960
320148729292275712
320143612719558656
320143398747140098
320143365737947136
320143225975357440
320141332410679296
320140887613124609
320139357413572608
320139200106201090
320138257004363776
320132163259486209
320129945349287936
320128863780864000
320128338750496768
320126778687500288
320126158106669056
320124999769931776
320124406271709184
320114872966848512
320111856406626305
320110467131514880
320108570924421120
320108066957848577
320107753374875650
320106417942061057
320105954819596288
320104929199026176
320103840890363904
320081640992948225
319920312676392960
319919634927206400
319919316931854337
319918880480964608
319918048075194369
319917715236204544
319916958868963328
319916690836185089
319916310303760384
319915979545124864
319915616960147456
319915416417890304
319912520741703680
319906175741214720
319905990847918080
319905550349516800
319905355377303552
319904631838871552
319904310102224896
319903835835490305
319903422826561536
319903298641612800
319900919351373824
319900721803837440
319898891677990912
319897327903068162
319891467415990272
319891236402130945
319880747215384576
319872443915313153
319871824978653184
319871452302151680
319868742542712832
319868578587369472
319841685154693120
319824107069915137
319823842157682688
319823706652286976
319823665061584896
319823583759183872
319823466687774720
319823419472498688
319817891841187840
319812597371248640
319812326779928576
319590871613972482
319589825852354560
319589314579275777
319588681142902784
319588544077262849
319587958065881088
319587526287437824
319587149722824704
319586475622678528
319586143488315395
319585868648165377
319585093574356992
319584597547548673
319584237667905538
319583955991011328
319583365974085632
319583141289398273
319582758441721856
319582236909383682
319581473009192961
319579682146230273
319579399802482689
319579065029898241
319577878863949824
319577582750269440
319576722838261760
319576452788015105
319575700510228480
319575341335195649
319575132156862465
319574875993960448
319574382177566723
319574143295184896
319573864189415424
319573618793267200
319566332381253632
319566168258138116
319566006680961024
319564528041988096
319563727047360512
319561136649408512
319539433907036160
319534913307172864
319526679569649664
319525381432545280
319524639648935936
319523631199825922
319523416568901633
319523023545847808
319522269137367041
319392384653869057
319392091476221952
319202334443978752
319138458142658560
319137531331497984
319137025330663424
319136940769280000
319010735613177858
318980700223184897
318861416507535360
318840177298665472
318838882047246336
318838710517002241
318838458154119169
318833297172070400
318821315165421568
318804583403098112
318803381877628929
318800454370873344
318793108546531328
318786057816662017
318784609133404161
318783949470040065
318783394781753344
318783171485376512
318779300671283200
318777583951048704
318773002441486336
318716188907679744
318715590309191680
318690027142004736
318686797448237058
318686034026180609
318684922011336705
318635313490698242
318491239089577984
318478200676171776
318475349564473344
318474525182410753
318474400653533184
318473869763694593
318473075412844545
318472422753988608
318471729963995136
318470861667581952
318470094332248065
318469646988746752
318469149493968896
318468539528908801
318467794264014848
318467355120394242
318466597385809920
318464575332818945
318449702351810563
318448320525778945
318413547560394752
318412673807159296
318410935893110785
318410177793650689
318314790747516930
318314706253258753
318313789831393280
318312805705084929
318305229185642496
318304532977295360
318303855299407872
318302676758720512
318301163814531073
318065060113154049
318035279841738753
318032987633643520
318032650902315009
318032415236964352
318031969566994434
318031598564044800
318031155947511808
318030708662734850
318029748653662208
318029319748333568
318028793216397312
318027892703514625
318027559168258048
318026486814756865
318025788404424704
318024961853906948
318023636067954688
318023033828806657
318021912049643520
318020947355529216
318019448353210368
318018485059977217
318017500740726784
318017096703426561
318010467459166208
318006842146058240
318006489283452929
318005353855979520
318002762170368000
318000388450160640
317984892354969600
317968349923508224
317964508087873537
317963911058038784
317963514520162304
317959990105219072
317958843344760832
317956699367567361
317954506526711809
317953333308559360
317751183475359744
317738156403343361
317735826396151808
317732924583727105
317732301343698945
317719465678753792
317683044741951488
317681931565293569
317681474558124033
317680934860242944
317680592382726144
317680294381637634
317679098346491904
317675638414794752
317675574518771712
317675030291025920
317672284036952067
317672243297648641
317671170528927744
317670332242747392
317552729687982080
317550561845182464
316706582220115968
316618054056427520
316617637738184704
316616974677446656
316616790937591808
316616503036366848
316615724468690944
316614519608713217
316613873681698816
316603697897545729
316603048308899840
316602837096357889
316602462150746112
316602201004978177
316601341504016385
316599873724112898
316599663610445824
316599133274263552
316598712640077824
316598159423991808
316597886261551106
316597394550689793
316596449095843840
316444028780560384
316441534675419137
316254161513611264
316252591459807232
316250711765704704
315777690261143552
315776688711663619
315773526646849536
315771240960897024
315769738095636480
315768065277165568
315767610694324224
315765174143426560
315762232887758848
314840511682867201
314840084140662786
314835680104693760
314835538295287809
314820589393174529
314820180301729792
314819826419908609
314819257588408322
314819084455919616
314816527838871552
314816335047700480
314816069506330625
314815752320471040
314808855139852288
314300175684341760
314141727806083072
312672219576803329
312671970061869058
312670892461277184
312669989566033922
312565856573997056
309020651098890240
309020370176978944
309020110058827776
309018936865869825
308928409810124801
308926368530448385
308925619020918785
308925182343524353
308924618180288512
308924402781798400
308924162557235200
308839464912973825
308838914687393794
308838273575436288
308837868057526272
308837430570676224
308837022980775936
308739594197819392
308738847146143745
308738331754237953
308729289363316736
308727772203855872
308726902917562368
308721959527661568
308721564348723200
308721445918359552
308720226730655744
308707675179474944
308707034528886786
308702102786564097
308700308610101248
308700132390617088
308699767284830210
308225079928561664
308133145977421824
308132696633274368
308132315907907584
307629980240711680
307611329286504448
307610365208956928
307610239040118785
307610033468887041
307609820880580609
307609695668035584
307609510862798849
307577488115126273
307557638487564288
307456782828175360
307288978950852608
307263863139749888
307261262314754048
307257495703920640
306426944310878210
305833414760751104
305823110391803904
305793769507274752
305632434387578881
305631680088121344
305631259982442497
305630817605009409
305630202598404097
305629154055950337
305628931980156928
305627497595289600
305626664916889601
305625786323439616
305625156330610688
305622663471194113
305621398347460608
305618474674302976
305617909340844033
305613701719924738
305613022171365376
303128228065837057
303127783352193024
303127680184885248
303126987952758785
303102033546842114
303097337922875392
303097083789987841
303096509799477249
303095806943182849
303094629509779456
303094558567301120
303094528997462017
303094438119473152
303094135060045824
303093746222911488
303093714694311936
303093306848600064
303092671768035328
303091597761986560
303091091106828289
303090175595134976
303081338066571264
303081291249770497
303079379255296000
303076437731192833
302850567464710144
302517604055134208
302082886893445120
301957308026605568
301956791162527744
301695693872066561
300933149741940737
300394054296936449
300383682626211841
300326697306312704
300319458277351426
299887109756567553
298048304409874432
298047526899154944
298044715364921344
298044100316372992
298034842820562944
298034507087499264
298033684810981376
298033053199126528
298032721735868417
298029594487947265
298028465632968706
298026173022236672
298025693541961728
298024310038200320
298023011896938498
298022359116419073
298021666863337472
298020507276689409
298019765996355587
298018857711464448
298017790399504384
298017134183841792
298016730658263040
298008042392403969
296917295907880960
296894556182548480
296894394529902593
296894340012335105
296783335244587008
296782676877250560
296705649293811713
296705082186141698
296704061837819904
296702481344380928
296701460350124033
296670327906390016
296666855974789120
296666771128209408
296584098519080960
296531800216444928
296531657668837376
296531603050610688
296531555197788160
296531481617125376
295935875676770304
295935712061161472
295935508608081920
295935390525820928
295935194672799744
295935129803694081
295934905077080064
295934769781407746
295934520341962754
295934318096818176
295934262421630976
295934159841529857
295934106372554752
295934061585768448
295933849676967936
295933621322264576
295877811112120322
295875784470581248
294100439325093888
294000499571716096
293999944572993537
293999100628697088
293998501833084928
293717920851324928
293717795923951618
293717736830423040
293717689686441984
293717645965012993
293717614662926336
293712130245550081
293712058829131777
293711830201794560
293711706746671104
293711656045932544
293711584914731008
293711546809450497
293711500332396545
293710965118210049
293710694103281664
293709933403308033
293709724342427648
292654517252673536
292623240961073152
292623214742491136
292623180684742657
292623131024175104
292623047649800192
292622524582342657
292610062176894976
292350577181089792
292350369223290880
292349879882223616
292349450754600962
292265434529542144
292265390682284033
292265356528082945
292254228041330691
292250991355654145
292250868009533440
292250789555085313
292233882391150593
292232351747026944
292232217835474944
292232077900931072
292231974007996417
292231191782887424
292231027668156416
292230887687471104
292230765087977473
292230671970222083
292230541774827520
292230352985010176
292228939546501120
292228085137420288
292226688572600320
292226588483911680
292041629383159811
292040740274589698
292040632946544641
292040520639864832
292039333018492930
292015272758501377
292012863441227776
292012660252372992
292012517658615808
292012119942127617
292008906849411072
291579405963243520
291113875837972480
291113763439013888
290412425189138432
290411787092905984
290410830523166721
290409021037490176
290407448148316161
290405438346911744
290404487993106434
290403030556356609
290401894826926080
290084403542114304
290068023908388864
290067844828385281
290067513704861696
290067425683193856
290067082731745280
290066924845539329
290066529259761664
290031578590109697
290030580085710848
290030334815371264
290030054082240512
290029993986256897
290029885299253248
290029614540144640
290029363561381889
290029281076199425
290028836605816832
289863949413924867
289863678000525312
289863211619065857
289840904179703809
289840045752475649
289787440573583360
