398171899001597952
398126502686248961
398120670707867648
398118521315819521
398096253805809664
397852484208971777
397843485661069313
397839768265830400
397839560555495424
397834647767638016
397830653946785792
397758298906443776
397725559356411904
397452047819497472
397413072153100288
397399265544531968
397398056951611392
397395900668329984
397336398543749120
397108192636715008
397033509707350016
396671127877345281
396308746588401664
396246636009385985
396115847145480192
396115767894106112
396052268413235200
396046094695550976
396043049320448001
396031614053908480
395946367497289729
395911886589292545
395888151346282496
395884226425667584
395664240717348865
395655342467866624
395583963525545984
395583658998120448
395563509444259840
395548267817496576
395523135229140992
395264886466703360
395221587026538496
395201134962675712
395187017358647296
395177133711978497
395177051893678081
394906147448033280
394905891947814912
394859939208126464
394859183306457088
394846334609797121
394820944579268608
394496779775143936
394155584720601088
394148087700004865
394147777044697088
394147260545507328
394144303083036672
394134409357848576
393863403829469184
393838251360145408
393795639865536512
393784505703870464
393777774470901760
393772035698343936
393717344243294208
393494737279541249
393461991576064000
393457890746314752
393457794617069569
393453480536731648
393452905338273792
393449919513509888
393440884769185792
393431872573042688
393409613472993280
393393777533919232
393393626857738240
393393438059556864
393393249424920576
393383876921679872
393356486896021504
393121024231108608
393102206666543104
393079999743680512
393070796341391360
393056558210240512
393054259123851264
393047229751377920
392990238546853888
392879236731527169
392792681203904512
392783937250267136
392765099397885952
392690865745178624
392687484427309056
392684873393389568
392601348560420864
392483453028929537
392483333617111040
392481062648950785
392480956440793088
392480841982418945
392467993508466688
392411243036041216
392409571752300544
392322462119395329
392288041936908288
392058061268852736
392018984167432192
392018831700283392
391960062681702400
391597709825953793
391354362628677632
391326617416781824
391317904626819072
391267461217398784
391235299038482432
391168171165884416
391074189358010368
391073469196038144
391056499541159936
391056384587870209
391049198377775105
391003220354801664
390993167623159808
390963923110731776
390960535598272513
390932856463458304
390929098198904832
390920447807614976
390920382519078912
390920348654256128
390918757675061248
390872912624119808
390849963376115712
390712054874525696
390711273022697472
390711115660804096
390598312967274496
390588004613758976
390579229147922432
390578941259288576
390566640318173184
390524251968921600
390516085734133761
390512850310930432
390512490498363393
390511467729936384
390511058382643201
390510514029490176
390491090216038400
390477291593416704
390457334847512576
390456232097501184
390452966013943810
390324656462237696
390324468196720642
390324376593104896
390324168220082176
390323816649342977
390215706706710529
390200623117139968
390179179771494400
390160467173580800
390148135324233728
390091572315828224
389956762620534784
389904789577805824
389876082213519360
389875406888640512
389875335765823488
389874382987722752
389799039270920193
389785752026243072
389767751155216384
389767315534798849
389766463751331842
389746304404176896
389712309213736960
389700967752802304
389625562517364736
389625510117924864
389625413611167747
389578608496238593
389577911067361280
389560829068050432
389560594501611520
389560342512029696
389560164275089409
389559941918232577
389559813819998209
389423356522819584
389278290822705154
389275179387338752
389273783225176065
389269384272674817
389269325623746560
389269244040327168
389187301693091841
389123645194240000
389060984041910272
388924205976133632
388923818762182656
388923451177594880
388831868810190848
388821359130071040
388812669278756864
388805121146380288
388718458709364736
388718359568596992
388698591474487296
388656522185945088
388612796851552257
388586615087435776
388586410485108736
388586226866855936
388585955562516481
388489088694640640
388488433192022016
388407414514782208
388396280629952513
388377177580118016
388373611633201153
388336189205643264
388333285937774592
388252640641318912
387991076038275072
387974527831269376
387973807778312193
387965824046481408
387928120604778496
387887796423491584
387781577666609152
387768865565859840
387675143772049408
387651260566228993
387644126247669762
387619405158686720
387611422496407552
387601791749079040
387521713464147968
387323727760723968
387302570932195328
387302366132711424
387301870592458752
387298253647007744
387296652999933952
387295990484455424
387295581552406528
387294889865535488
387294681156968448
387294030435844096
387262406868865024
387252344662282241
387249043606601728
387245674091130880
387222131089870848
387213287529918464
387204532251684864
386886642482831360
386886582919118848
386886326001221632
386886167049687041
386558646731034624
386558207667085312
386557867379023873
386528804539092992
386528533058551810
386524247390437376
386348405863116800
386347958137917440
386197859361894400
386161869163343872
386140838977220608
386112252153442305
386103786248613888
385815670128386048
385802711423533056
385799482581192704
385795247739248640
385786399381012482
385745523203772417
385744823501594624
385728655307309056
385546759826833409
385525348898590720
385468371174961152
385464966960001024
385459467858759680
385437835240955904
385437085546868736
385434713529126912
385434405562351617
385433276338286592
385433029369274369
385223740809678848
385223571846340608
385195812348645376
385167449534259200
385167020721176577
385159741384970240
385149871553904641
385147964399706113
385107799459368961
385074712059314176
385069320512229376
385065328864010241
385059261199708161
385054890738716672
385054705904140288
385037867770454016
385029023853981696
385027120482619393
385026911237177344
385026483254611969
385026394381504512
385026282980790272
385026142157017088
385026059919306752
385019649068249088
385016388265709568
384873757564620801
384869073235873792
384867147853221888
384830652509872128
384757333470879744
384757260594855936
384755939695656960
384712315805126656
384687102455480320
384656752949866496
384641380741828608
384349919685132288
384212994009227264
384090978027458560
383987556809187328
383730326746710016
383692671900192768
383656277366554624
383647287698010112
383625145556160512
383587005848109056
383577407737069569
383370522962448384
383340284463312896
383298719434948608
383262766389542912
383258439038009345
382923406221385729
382900374971367424
382880930244751361
382642565129830400
382642257699950593
382555202400055296
382547588123467777
382537986858319872
382532477749051392
382473347717926912
382470711623028736
382468295448096768
382221740740706304
382175609428123648
382150047078809600
382135019520933888
382115996611657728
382104849955184640
381813214306394112
381752350894854144
381478537481293826
381450824016470016
381088439791538176
381055655895109632
381046418552918016
380726043025608704
380678039186583553
380677911289659394
380677685753561089
380677009724022784
380675149185298432
380671422592745472
380641252901126144
380617741259923456
380617590394994688
380445628980924416
380445456695705601
380363670880260096
380353812336095233
380350039790333952
380347633165807617
380346868577746945
380346641129041920
380336126390984705
380319133172514816
380283906156945408
380280755781255168
380280556283363328
380234556361543680
380093823600562176
380079042587676672
380075110947766273
380067906744094722
380065868383670272
380065086489903104
380018382751678464
380001277587251200
379991713051209728
379991537553113088
379990377878409216
379974213899407360
379956794845835264
379923904732475393
379922347727138816
379921343384281088
379921023769903104
379638880112492544
379616312458502144
379606533577142273
379598704170524672
379584229560295425
379575890508005378
379439778128605184
379404674610130944
379366079413235714
379365302259036160
379276489361207297
378914115542331392
378637855955759104
378637666205462528
378565045695021056
378556309102403584
378551711801294848
378543830188163072
378496126766178305
378383274642378752
378383130001813504
378383059780784128
378263096382742528
378233828982022145
378228878101061633
378226321845141504
378223926783918080
378189351873949697
378187529134280704
378166194903482368
378163701460643840
378163264015724545
378151188925267968
378150196359593984
378113341472145409
378108290892591105
378105769394462720
377874259512922112
377838617848475649
377826939857534976
377823624792932352
377822645095776256
377805372385685504
377576141277495296
377565753945227264
377565650429820928
377565396259201024
377550056737361920
377464558782541824
377460346832699392
377455455070867456
377422646545494016
377397337926406144
377294000681537536
377161480115736576
377141174789603328
377118120156344320
377109304282980352
377102168136105984
377100895613624320
377061930357497856
376739773765124096
376413032672268288
376410073003610112
376377392149041152
376212570408906752
376062349813501952
376047282795601920
376015005789212672
375998229848276993
375985675134570496
375975497433612288
375832245765824512
375832107169230849
375717949702959104
375695160044425217
375652615318929408
375627277150994432
375593022664507392
375570351918686208
375344419257323521
375343943191232512
375332888256196608
375290221342253056
375265444875476992
375234901072941057
375219340771328000
375208032822915072
375116131138146304
375113486205849600
374960190246092800
374927841957535744
374918631982759936
374916142500171776
374908756309446656
374900524555853825
374878238566514688
374874701169827841
374874232632528896
374873836329504768
374844404693225472
374695987371331584
374683196103073792
374674454963847168
374672218535788544
374565453014003712
374543677697585152
374281412016230400
374248359441072128
374203072282906624
373847535560843264
373840685159682048
373649721560035328
373478290612584448
373447419460976640
373435012622069760
373430824793686016
373430731675930625
373430575320670209
373430485810032640
373430353114849280
373430102308048896
373429517475266560
373417403235188736
373407638232776705
373402275865460736
373393442136924160
373115903036366848
373085884427419650
373063768756207616
373044880278568961
373042366586036224
373039903313252352
372944819330355200
372944527641677826
372852767515508736
372852394704793601
372851357239480320
372849072547561472
372753518664617985
372733950927458304
372716775097376768
372681234104983552
372680072760922112
372575306445369344
372416060261015552
372415811744309249
372413837170855936
372391143746838528
372338130961301504
372329197345439744
372329039916441600
372328905593864192
372074812518453249
372066629976203264
372066034993594368
372039359442083842
372033280197279744
372028735404670977
372020674946420736
372007691775795200
371969071556083712
371869698545025024
371869261733429248
371766644403470336
371666351251017728
371303957324660736
370986394795405312
370980246138683392
370975702478123008
370951256912568320
370941583052795904
370921399201714178
370905259645759488
370898561166475264
370896997026631680
370895716111368192
370884564434292736
370748778073964544
370658145980252160
370656976239218689
370656673171382272
370618352181719040
370604011965382656
370579191831736322
370554629916200960
370417562833936384
370339447436750848
370312249707335681
370309293334986753
370289578608828417
370262388714377216
370257136271384576
370217655174569984
370217265930575872
370216803362152448
370134666860560384
370133313304166400
369979958858235904
369934091094732800
369910504611151872
369902167253319680
369894158645096448
369854428377260032
369813496180920320
369769723153891328
369757375622045696
369757215563198464
369636201764225024
369608057313316864
369583264476184576
369538205843853313
369518853677514754
369492016918306816
369487752120635392
369487320094756865
369487103748358144
369450134523756544
369413697153667073
369276769565560832
369182253512790016
369135418739920896
369135163986292737
369129631091138561
368796612601982978
368767250217435136
368498052962586625
368497912415674369
368404865476997120
368340263787573249
368337847239340032
368336427140255744
368336346815135744
368334057169768448
368128850062225408
368097494724780034
368096116539416576
368096076697718785
368073382757408768
368042470606929920
367854517263794176
367854421142958080
367683840900218880
367680084947529728
367645592715276288
367602061854392320
367450535579762688
367317697547489280
367244168672051200
367242893456850944
367241737850593280
367023195456421888
366987327706378240
366980667512328192
366980608490090496
366957342375411714
366955304384077824
366930918050508800
366930699355299840
366896965889429504
366892594749382656
366890686479466498
366889325805318144
366777576754135040
366669925428891649
366592925557198848
366230540455645184
365901620761993216
365877664227135490
365876475859189760
365868145912721408
365826618230452227
365826247722409984
365818506069024768
365629916122845185
365580903587651585
365579347320512513
365557078791692288
365530088630009856
365530046066200576
365529950037614592
365528961620520960
365528851339685888
365505756402941953
365476525539201024
365472339175018496
365470400861323264
365470115065630720
365464967006273536
365461158339162112
365420902822842370
365273146338717698
365273067234144256
365272405146468355
365143371842457601
365096360460042241
365096333532598272
365091292784508928
364994258802982914
364985327393316866
364982851520835584
364982797326225408
364982729684684800
364982579834798080
364781970426826752
364780992717799424
364769154919706625
364762863602118657
364734004819267587
364696250643263488
364509769094033408
364506323540389888
364418598171074560
364389384130269186
364056203347103744
363792317636820992
363791986987253760
363791825502355458
363699640232714240
363693820845633538
363501159031386112
363405137798119424
363377773836247040
363349753347964928
363331442035933184
363265433358438400
363251737383419904
363079660927582208
363061606432780289
363052804984041472
363051737193521152
363049074691289089
363029653218267136
362998908294660097
362969040328732673
362855317937197056
362675551481233409
362660252048564225
362654099444998146
362653966758182913
362653856800321536
362653120536383488
362621369923551233
362610005993717761
362606653281021953
362569394032881665
362539553870983169
362271508736905216
362253504972210176
362249640336306176
362244275792134147
362234921756008449
362231502395805696
362223079306428417
362186062845587459
362038762328428545
362038456941150208
362027422838820864
362027123348750336
362026577065811968
362025377310318592
362024900959014912
362024544699039744
362024389371379713
362024294634622976
362024161599696896
362024042573733888
362023949678292992
361999496936296448
361999211530686465
361989591869296643
361958856047333376
361938771719102465
361932126574219264
361928550649044993
361928145584144385
361926962182230017
361881878430629890
361820915715145729
361795855965110272
361519495854030850
361157104196792320
361137453324701696
360794719917318144
360782906941124609
360772941518077952
360765366072393731
360761528103866369
360616724971782148
360541362233425920
360532518094635009
360492260330184704
360432322992013312
360417483015987202
360417432730472448
360396746418946049
360263038491832320
360262972104388609
360147150849576960
360135123280207872
360103374248624130
360069961756053505
360067633300779008
360065708006187008
360048490757365761
360048323899572224
360048083410759682
360038061410750464
359890813817339904
359890689498161154
359791659908730880
359790676734517251
359771199565348865
359770421895241730
359769364574126081
359769285419208706
359707562498723840
359706928609374209
359706847965483009
359677333378052097
359664387675529216
359653129098231808
359652908800811009
359647863715794945
359493814957785088
359493530957266945
359382424272113664
359382369871986690
359345161614008320
359267903549763584
359267061614116866
358982775996563457
358620391897444353
358617435131219969
358617216163389440
358614607264370689
358258003394297857
358257682664669184
358240056676319232
358238618747695104
358238557611102209
358237295679250432
358236930720272385
358229931148320769
357973122680496128
357966094910234624
357941711487500289
357895610931748865
357886295990743040
357885904880279552
357870241625292800
357860323111342080
357837171094327298
357746306300645377
357659586410463233
357583890229116928
357533232788541443
357463536735223808
357462430294618114
357459920964161538
357314142098567168
357305242330726400
357304921810411520
357304605509566465
357304550643871744
357232975416532995
357201690413367296
357170844805496835
357164061076631552
357063424196349952
357060840312143872
356942677503258624
356922603371364353
356860767980621824
356808446940688385
356738814972149760
356737927822323713
356736247630266368
356623609751539712
356446058508845057
356083676141989888
355754881639923712
355753535339626496
355751372383199232
355721289635332097
355708147874275330
355650740674510849
355420474609635330
355391226524086273
355358898636595201
355331380533665792
355282977074315265
355274038874087425
355190597159628800
354996515300851712
354979784742277121
354956244278190080
354948920427810816
354948409070845955
354947136758091776
354789429338062848
354713890925449216
354707823378186242
354707480158285824
354706760315060224
354693218639679490
354692819878805504
354673987088953344
354645929099411456
354645492354916352
354635052413501440
354634135630909441
354632700298149889
354629930283302912
354629689437990912
354629393366253570
354629312974036992
354628797485678592
354628535383629825
354627524803821568
354621052011294720
354567781561274370
354447745165164547
354435454596153346
354424977967165440
354304821425225730
354303088422686721
354293419662774272
354271735090118658
354197071185707009
354180469669113856
354177114477559808
354095643469422592
353968486902546432
353909361384488961
353546970993917952
353541697776525312
353519050011320323
353284877392674818
353257887394566144
353184570084032514
353111046501838849
353107705143099392
352926473033760769
352870671614885891
352822187943657475
352768949672357888
352765731894591490
352459807984336898
352411564327960578
352398116722446337
352395327887773696
352377842820067328
352240406626451458
352229107674783744
352187468386279426
352097418701058048
352017962393288707
352005241065046016
351794241162313728
351785401863782400
351762884516253696
351753406932717570
351744753894834176
351735020160946178
351372642416214016
351058281885741057
351010254919708673
350647863820288000
350639582875893760
350608358253932545
350607098117234689
350604546311065600
350570166146433026
350567206721032192
350410861787090945
350385997378363395
350373258916405249
350350912625197056
350285478777458690
350273959666778113
350227353307332608
350079367545749505
349937753535954944
349923078312177664
349917753496453120
349877432267976704
349867496150548481
349865917221584897
349862710214799362
349560702555537408
349550574376722432
349514142270504960
349489978029514752
349479977189773312
349474940296232960
349377472246185984
349376979369332736
349376091712012288
349361894282379265
349361845376782336
349351791554609152
349351725095854080
349351628660424704
349348450531418112
349348397565743105
349348285925961729
349348175242461185
349347563083804673
349347411828817920
349216772869718016
349198315344236544
349177469900820481
349172990694522880
349151044032413696
349135667932045312
349112542242668544
348903191934541824
348835906704252928
348793126946750465
348476594249166849
348473546281992192
348154106596167680
348111142704521216
348086068794507265
348067735500115968
348055554062684160
348040733535641601
348027582173810688
348025405875294209
347767210913198081
347764871707897856
347757788153397250
347748754612424705
347723344189218816
347679027269611521
347632520688455680
347572888410415104
347402206150017025
347400665720553472
347386356110086144
347340589882294272
347338533322768384
347334315128025088
347314609826443264
347202094324928514
347177101385953281
347176904467574785
347121740494819328
347120832973242368
347071084232839168
347065201499193344
347061527389556736
347061376692396032
347060050919038976
347023988607827968
347010954741047296
347010062671286272
347009320334004226
347009103215865856
347007827962916865
347007621108211712
347007567056207872
347007414756843520
347005810515255297
347005150214385665
347004853060505600
347001705772240899
346661600297635841
346636230219399169
346618588645453824
346607071170539520
346598530724528129
346299194119712769
345936825002622978
345734310239805442
345734142857736193
345640989161058304
345640555360956416
345622394326614016
345622067263180800
345621825100869632
345621373231706113
345612012073672704
345598163186487296
345581136472317952
345580118229536769
345579294426284032
345579227279667201
345579065455022082
345577779645005825
345576608196866049
345574440949661696
345549053884526592
345549009835933696
345529883839037442
345529496239214593
345529210623913984
345365808060448768
345338676869484544
345315993188462592
345251875240677376
345250631566639104
345247204635721728
345242655229345793
345215026837209089
345214914668924928
345212045731438592
345211916056150017
345211857113583616
345208285705678849
345208097524047874
345202605544316928
345191584276553731
345030202717519873
345026004164681728
344952502409625600
344945049819308033
344922005910462464
344881351377448960
344880313119408129
344874698452119552
344871109344239616
344870556929228803
344870199805227009
344866044789276673
344865838165270528
344849645131939840
344840474927955968
344826355017453571
344818885586984961
344810709558915072
344797519257149442
344793760519053313
344668559051456513
344665327122145280
344664759574073344
344508421401358336
344487265713680384
344483042259255296
344478573505179649
344464274602745856
344455181192282112
344441797868662785
344278618802884608
344277886947172352
344225348063461377
344224950464430080
344224689134116864
344224360644624384
344218609662435328
344187316895621121
344187112964378624
344186454580293632
344185276366716928
344176620204093440
344175133163917313
344167914175356929
344163007951167488
344160729919791105
344124866691231744
344099752750747649
344077587695403010
344059258012323841
344056500328726528
344032910350888960
343889355284307968
343844326566133762
343762474169929728
343728122451079169
343429762779344896
343429583716110336
343429431001509888
343400102104281088
343155780658266114
343142937284194304
343038566521253888
343037719397691393
343012865415991296
342999756685053952
342830948355801088
342830788481540097
342830560516907008
342759337644662784
342758518681649152
342757793998192640
342699084068577280
342675322631761922
342650005057859584
342643626385494016
342623337970806785
342336423204102144
342312943590985728
342258279495393280
342254297058246656
342248292433940480
342239441022234625
342237139280474112
342229400764420096
342228260144427008
342125036561379329
342086694717239296
342086446661906432
342001798460088322
341990618580516865
341981880087875584
341963149865517056
341953992319971328
341950560297168896
341945025107742724
341931231233056768
341769834889084928
341699753572200448
341691203697381376
341633258863333377
341602919650582528
341588157910900736
341548264350441472
341547358410141696
341537510842851329
341536081679904768
341225749799378946
341225342297600000
340863394859069440
340571743594876928
340549836107546624
340548416776052736
340532171506855937
340501002866270208
340490596424749057
340483984481976320
340473040821432321
340219982938005504
340196871786078209
340184938768912384
340152052611178496
340139462224924673
340138598877757441
340115161606144000
340111491829227520
340109601355755523
340109238942724096
340109023259017217
339958820677771264
339958572697927681
339958382687551488
339958133462028289
339855808235974656
339854464615845888
339839261375340544
339838851159842816
339838469444628480
339838051259916288
339776212845072384
339764574561632257
339749598832771072
339745636763176961
339535528380727296
339491540965675008
339476497435877376
339466401611915264
339418831376248832
339413858441625603
339370631504216064
339227224261668864
339226808681631744
339116706750427136
339107745577975808
339096557527912448
339075123283898368
339054327190671360
339053322185101312
339052406191030272
339051453429739520
338856285485293568
338854066048344066
338853039471480833
338852658913873920
338841044974182402
338840124659994624
338796054084476929
338689037600706561
338499107331133440
338460674009219072
338326681913810945
338095567181869058
338008756191371265
337964298359955456
337960142530281473
337950291355918337
337918413731135490
337727320288792576
337709140929548289
337708881784487936
337697369917382656
337645701846687744
337635567401570304
337601912394358784
337573201645293568
337551246720380930
337551033905594369
337550625099370497
337407034225983488
337381871749062656
337276722489720832
337275627780583425
337264381278695425
337262820443963393
337251916058873856
337239495453843457
337228930736078848
337219184587063297
337206646155653120
337202526518644736
337191661853605889
337188582311727106
337188246394122241
337188117666750465
337182532133072897
337063360401113088
337061028699439105
337057978538684416
337054249143910400
337010531682619394
337010136218488833
336963391757357057
336958525416812545
336957502111506432
336948318838083586
336931073445486593
336930929425666048
336923310208192513
336907785692389377
336898775106859008
336877128555565056
336818575421612032
336816653935448064
336686097302179840
336575947300032512
336571497877479425
336515603923869696
336514737363898368
336478991668097025
336466647693004800
336458882899644417
336152332226154497
335789970847592448
335604397516136448
335604264300859392
335602497920069632
335602283779878912
335602146139582464
335601981282463744
335598004151144448
335597417909063681
335596246054084608
335510212347838464
335505280051843073
335505050061398017
335501338681147392
335490009173999616
335462555445235714
335427582449287168
335413339729571840
335295542395559936
335185462438293504
335185218510147584
335159086947647489
335110251042988032
335099455957254144
335095919068459008
335065166595121152
335063871301746688
335063429201137664
335050211577712640
335048527686275072
335005580638945280
334902766965256192
334851068586500096
334850920858939393
334810623076605953
334773997839454210
334757750213050369
334748892920963072
334702785985658880
334688189430235136
334399921342009345
334364641612419072
334364530916335616
334364351693717505
334360281658572801
334340399353192448
334335215101153281
334335077993570304
334334378077478915
334310638664941568
334302859682271232
334289503709720576
334288396329553921
334269877667917825
334148434967801857
334146875743694848
334089611590656000
334081948211367936
334031616194273281
333983628415623168
333983200659513344
333978026649980928
333973477373665280
333968914193186817
333923474273882112
333915174400577536
333797050531606528
333615622497902592
333591883966214146
333580243241672706
333423673551761409
333423397210038272
333345928058650624
333345814963449856
333253226319204352
333061698414059523
333061419417354240
332955453128581120
332954829095829505
332953919384858624
332953019882823680
332949885986934784
332948098353614848
332947821814751232
332934573426102272
332934190028972033
332909186994278401
332908147910004736
332906696919891969
332904145113739264
332890842916339712
332876494068133888
332847856148938752
332808743433682944
332701045371334656
332700865083359232
332632541179805696
332624855264526339
332584534384209921
332565828929200128
332528454635511808
332186005132177408
332169588764729344
332166071727583234
332148997907181568
332138124782223360
332126715121917952
332112813235511296
331982430141558784
331906656017477633
331858504044400640
331844085512036352
331832572101419008
331832311127605249
331817565355663360
331803684700823553
331764146645385216
331723961257832448
331623623431434240
331536457053376512
331524951217692672
331512499633545216
331481204866035712
331441299892871168
331439622620061696
331433282933755904
331392967405363200
331171111729524736
331081458502496257
331078906704691200
330769087338799104
330739204504047616
330716529656225795
330693671567630336
330524362534965250
330503834994618369
330449567940235264
330433184212852736
330426852936138752
330426583259164672
330426025156689920
330425653369397249
330356472473075714
330356328226750464
330354131514560512
330336503022620675
330332694800130048
330326143280500736
330312096766111744
330311252993773569
330306987663437825
330306838560141314
330163802249252864
330163632971333632
330136115518509056
330132430080077824
330132200404172801
330036719011364864
330021832562458625
330008882057445376
329991741732167680
329985118548668416
329977539898519553
329968721701502978
329959747887460352
329637785831092224
329629351916220416
329582942936518656
329428209324154881
329347033758564353
329338191352037378
329321231578976257
329276641857634304
329267345073782785
329266962762973184
329241621755461634
328984581774647296
328975751552569344
328944713812045824
328944284575334400
328931476362104832
328930802027077632
328919135700533248
328904574129811456
328900298275946497
328887705272455169
328862536638275586
328551190600245248
328542191087669248
328524303798767617
328179808125206528
327995390618124289
327956535613472769
327947766754066432
327932740580298752
327922675890651136
327915554394492928
327915490838196224
327899909577650176
327898488325156864
327897976527794179
327897552802422784
327897080439926784
327897013020672001
327896867281199104
327883910799314948
327883837797433346
327882109190545408
327882086352551937
327882055042088960
327881987392147457
327881956928921600
327881930911657984
327881907918491648
327881854873133056
327881821037674497
327881781699301378
327881719808159745
327881682353025024
327881415821762560
327881178474500096
327876064921677825
327872251158474753
327859224698822657
327857565117603840
327817415343865857
327781796064399360
327773101586784256
327758900881420288
327758614091665408
327624342366212097
327493515162574849
327475910490087424
327458265048944641
327455028392648704
327421225657851905
327391833401487360
327208557709758464
327093444470259714
327092639402962944
327084646795988993
327070879110529025
327070472074309632
327069883009470465
327039491082686464
327029304426913793
326939167122669569
326877197761667073
326870660360065024
326782752844283904
326757695321411584
326753682437857280
326737041859694592
326730259930157057
326704729835061250
326701818015014912
326689616885338112
326674646667776000
326438242314510337
326421615363641344
326419013569757184
326367846907125761
326334664467951616
326311984649867264
326190940823896064
326189670629253120
326106617160556544
326079823174844417
326076765653057536
326005470445834241
325643084002111489
325640106084036608
325639182343094272
325638885768060931
325610859281915906
325610629710880768
325610377750650881
325610026356064256
325609869107396608
325323411582763008
325280695943581696
325258914096631810
325255125545402370
325242600758071296
325241700173901825
325241289211772929
325239945457463297
325226188769464320
324961895146725377
324956897130188800
324918313782243328
324892731900063744
324886140173815808
324884656237461504
324884104204124160
324881770824753152
324881666579525635
324881145575649282
324875669295202304
324870420228632576
324711551695204353
324695036375736320
324693135131303937
324685029282295808
324684354657849345
324684231836041217
324683460973314051
324680885410598913
324680718615728128
324675276283969536
324651026756009985
324636148238544896
324617260218081280
324616213453996034
324614224984809472
324614137760079873
324614098002255872
324612747620921344
324599809002594304
324594434106863617
324593191124860928
324555916022276096
324540810588745729
324534165896851456
324500991284244480
324500690590392320
324499257962950656
324484114449317888
324334034941526018
324305898807885824
324253867363667969
324235985535766531
324232002515656705
324215632742739968
324193550780743682
324183426523602944
324170136804270081
324168613986725890
324148599506206722
324120923005403136
323910727951859712
323907072678825984
323898736331866112
323861222321709058
323831166476120064
323806708239581184
323775303711350784
323765481070796800
323622237737463808
323516191996010496
323468765033541633
323106373766365184
322764897693872129
322743980901150720
322718475850248193
322681562661531651
322672383947337728
322454586881347585
322454100799283201
322449388460965888
322426422079668226
322424230815879168
322381606935490561
322363447683735552
322355726519500801
322340008403030016
322315994292948992
322195059577589760
322152095060983808
322114298455408640
322097372404514816
322095889688707072
322088451614863360
322087006664531969
322085891160023040
322019204796657664
321993846185680897
321989880605470722
321752016114307072
321710933145698304
321699175580438528
321656825726513153
321646408170098689
321636308328009729
321616323643834368
321593162273529856
321480363006390272
321414682051227648
321347979929862145
321336824964448258
321335632674828289
321317904949866497
321313545071521792
321307483203321857
321294424984399873
321257348431753217
321237160688746496
321227226219675648
321081544620007424
320987500447408130
320987360236015618
320932048036564992
320569656177995777
320282798223142912
320280589762703360
320278689088684032
320266516673216513
320249756821630977
320237360921063425
320236539365965825
320207275274952705
320181791761760256
320159116066697216
320150088645234688
319982765921677312
319967681103142912
319957950879891457
319902477715644418
319889320251097088
319872309261373441
319844886935384064
319819198576594945
319810378018213888
319786309575143425
319532312054353920
319528108778745857
319524748042326016
319509945039085570
319506939111428097
319505854648958976
319504815182983169
319504670194290690
319482498134441985
319476665166209024
319451798324801536
319451581470871552
319451036563697665
319419093545517056
319414133416153088
319282384539369472
319281778445647872
319146140345974784
319120099460136960
319117771654979585
319094501656367107
319093126025318401
319079235052507136
319064584814202881
318923924995964928
318909183862898688
318836611066523648
318836510432559104
318821339081355265
318806795923640320
318776745497083904
318774725830664192
318774649213296640
318774356593487873
318757730280153088
318747495033348096
318709704752775168
318701908665720832
318689233575497729
318559601777840128
318536457885216769
318415635430383616
318395327218597889
318220547647500288
318220464524779520
318220260627083264
318032950086205442
317670551520952322
317660248917811200
317652572427153409
317644861614456833
317644529534660608
317637256921878528
317634935689183236
317630993341235200
317368102646059008
317364891566616576
317327942529208322
317308167182749696
317291098043211776
317245007864156160
316973120537886722
316945787311505409
316923909645688832
316888631396675584
316883213710667776
316879585465749505
316756712885452800
316756541191634944
316756312153264129
316755379931447296
316625810637324289
316562905191567361
316512576634753024
316508692625387520
316502454382514176
316410745283829760
316300583474704385
316267613787394048
316263910053392384
316252007348465664
316248277983059970
316221011953606656
316193478843449344
316176347284271105
315993008124354560
315984873913466881
315934137406087169
315858611609952256
315623887633276928
315622633154691073
315622294057787392
315543682029846528
315542210860941312
315542038537961473
315541435338346496
315533892172005376
315530430684229632
315502030590464000
315496228613943296
315205333284954112
315133850126802946
315108186640240641
315088011895390208
315078209257492481
314836161673707521
314814031586271233
314794891861426177
314771464819720192
314765762499862528
314765449017577474
314765367924887553
314758966829805568
314753593565642754
314720840224747521
314695280421396480
314694830812962816
314693110477250560
314678031258095616
314562156953747456
314560828575739905
314559651658227713
314556728509345792
314555998201327618
314555306287968258
314554653809471488
314553957584355328
314553784086974464
314553657108623360
314552843916951552
314552746781069313
314552618246606849
314552501175218176
314552422158696449
314552322745331712
314552022307328000
314551096465051648
314550576954363908
314550340789882881
314472200461758464
314470438967316482
314470094589792256
314469875328352256
314469687813632001
314447611501367296
314445501749682177
314436435522502658
314426263571939330
314409061900759040
314391399569190912
314217781933514752
314203176523952128
314126666513391616
314088932205797376
314071375583248384
314046674576240641
313991742632386560
313983205701189632
313765789121511424
313752286075691008
313730983675441152
313719025047838721
313711584432242688
313700260633509889
313684284630253568
313624976399925248
313495317754552320
313321897393807360
313115083377082369
312964612029034499
312959502372720641
312639588835414016
312625587929874432
312615544241156096
312597121515794433
312584631104966656
312575816603140097
312575303618805760
312560748536676352
312551930385817601
312277222465617920
312264490244767744
312262068537524225
312253738377150464
312251569997479937
312247092192104448
312244777808695296
312244515958296576
312234729594310656
312233841517543424
312232711647526912
312230056204333056
312229756303196162
312229628284645376
312228679071723520
312218600243097601
312199867168600065
312199364196040706
312198787202420736
312158848460943360
312064812358193152
312064551434727424
312064190233837568
311959884113534977
311959837103755264
311959708183437313
311959534333751296
311921184587534337
311921123988217856
311920689122779136
311920228827291648
311919770645692416
311919150371074048
311909861359230976
311908820353966080
311894389666488320
311884547086249984
311884423891148801
311882629785993218
311882566145830913
311875021536641025
311874305245990913
311874164921360384
311874028484837378
311872347592331264
311864368709111808
311864290657304576
311864227272998912
311848072156155904
311816529660506112
311807415521792000
311633637735010304
311552360373706752
311528283181289472
311523868223340544
311509957927378944
311484252753633281
311469143440363520
311468743786123264
311223832558059520
311212310255501312
311155897550372864
311147576579739648
311138897423900672
311125641187700738
311099480999071744
311091766700953600
311073874882220032
310924587468738560
310785199225053184
310593378578468865
310422790903828480
310391021123010560
310390756177235968
310125393497714688
310117864067723264
310107717698207744
310102696516538368
310065877825507328
310064898304532481
310060412357988352
309761812193234945
309761320041971714
309755502726885376
309713295215058944
309698029781405697
309673232007573504
309667223688060928
309653482338672640
309393011551371265
309371455047614464
309363027394830336
309362927692021760
309362109744025600
309354925639495680
309347000753717250
309346149305819137
309341385121742850
309335634164740098
309297324591546368
309282446543835136
309172410287026176
309094611115196416
309093794857508865
309070876597440512
309059184010354688
309058894313947137
309050968459337729
309050855573831680
309050797688225792
309050737961353216
309050641639145472
309041989796646912
309030748118212610
309002872530558976
308973248849256450
308973030158262272
308971847771381760
308962186200494081
308958334277541888
308956827259924480
308954961478291456
308938731648323585
308919358820847616
308762270169718784
308687530704900096
308640502205521921
308634246212374528
308610855833055233
308580129175633920
308563757829857280
308553692146200576
308248480156114944
307983308791373824
307886089501298689
307593643450064897
307586046567256064
307582449246941184
307523692693450752
307519374254800896
307506391818592256
307450889831067648
307422519315546112
307288773283155969
307288349792669696
307168310741594112
307161311136071680
307143250282704896
307131918946824192
307122388548603905
307090750766710785
307081596253650944
307079647856840704
306904077911064578
306902472537042945
306896133073014784
306856044603252737
306842002664853504
306798926319718400
306794596980109312
306738694017146880
306736708119035905
306729528598859777
306729478766346241
306725956721209345
306724439377203201
306724021435764737
306723600902262785
306708212600672256
306706979349487616
306702482208337920
306472568767008768
306436541583081472
306416707512180736
306395823212736512
306387478946930688
306387187413426176
306386981733163011
306383136395239424
306370541181341696
306160596968173568
306106356367237120
306096295272136704
306095045369544704
306074151100235776
306043404100456448
306033399519387648
305930880868823040
305711754883780608
305349369530556417
305044699939491841
305034308442275840
304989008465911809
304986984986845184
304975187118526464
304927347461734400
304682222202548226
304669400190046208
304625356764217345
304598969089134595
304578767085506562
304564954432942081
304320842576297984
304320842551156736
304262957045526529
304225245227798528
304210143892107264
304197499114119169
303957422681227264
303943355115642880
303937100498210816
303900566344593408
303856508779761664
303831335687032833
303595022220156929
303587368160616448
303583544104603648
303538176792879105
303481694646837249
303475250497196033
303175782598070272
302813398259888128
302590750707810304
302513945527345153
302494947314110464
302494731290681345
302461103412236288
302452348561788928
302451003427532801
302448526032531457
302447379431452673
302437987864690688
302142759970676738
302128885036904450
302113844107563008
302088624218984449
302077411992944640
302014851054723072
301726242162491392
301610419825557504
301363852644335616
301083887117930496
301069016070500353
301068618073001984
301007349282398208
301001472156524544
300971139642036224
300970203758600193
300968977310572545
300639076292370432
300477673925394432
300329997611196416
300305584899649536
300278848065527808
300278330152869888
300278230034837504
300277192556941312
300276684215693312
300249184894865408
299999837263392769
299971213843894272
299970644479729664
299969920412823554
299969500353265666
299969393381748736
299962075009126401
299960860380651520
299950833162915841
299924117166116864
299914302612201473
299882550824931328
299880626474065921
299875312362192896
299857834877804545
299727923173261314
299727722618425344
299653790125146112
299624835993178112
299618636933496832
299597280732925952
299587191984771072
299584630665928704
299551910053163008
299511703568273408
299237366273568768
299222258369564672
299189523848507392
299140710689550336
299126631941931009
298905222259040256
298897904586850304
298879980690104321
298869940784594944
298857385383059457
298827132929441792
298789412987342848
298785706174730240
298764232693014530
298522641902473216
298510108978200576
298480657993187328
298464747429445632
298430994464243713
298416920007426048
298409357350150144
298404351926480896
298210331816239104
298175190498684928
298165260815310848
298102353712779265
297739963410284544
297507934257160192
297491193116368897
297485758573445121
297483857987522560
297482268547616769
297478852203147264
297476705528979458
297476359670861824
297476272458715136
297476003452817408
297475832451039232
297442996675301376
297377580561080320
297376372505063424
297360106125918210
297147462097989633
297083532650618880
297080634797613056
297071909605085184
297058337881739264
297056320031453184
297015394332471297
297015204313706498
296985537347215361
296984976174493696
296984715754352641
296967022854692864
296952975404982272
296946363881627648
296825901352632321
296825728069152769
296824964177358848
296710974780620800
296699340599209985
296691644563087362
296690524352569345
296688931364286464
296672340719321088
296660739396104192
296660677068738560
296652815609253888
296631392681467905
296622624581226496
296602479410429954
296592421201010688
296584880987443200
296584864206032897
296459760402829312
296441425585901568
296426135577821184
296426014475681794
296367209427652608
296323162373758976
296290426560864256
296281581818089472
296253908626595841
296226199905124352
296117388498317312
296116783159586817
295928125907423233
295926764478267392
295907874696212480
295906613880033281
295892787260448768
295871378521989120
295871350298513408
295870227470749696
295869413838708736
295860671428571138
295818445369532416
295635971616145408
295635717999185920
295635013649707008
295634886960746496
295634775555837952
295565749295144960
295502809074380800
295203367603556352
295183588561915904
295151598374621184
295147285396992000
295116214395600898
294907185287282688
294877348887674880
294869777141346304
294847173156282368
294840965280178177
294833377188642816
294791920654368768
294537701389131776
294512477599842304
294502182856826882
294483474197397505
294478579717267456
294453274059345921
294439665266724864
294412908073455616
294412318144593921
294411761266860033
294406742475960322
294392986912059392
294392675967324160
294392577954832384
294188155060502531
294182779980226560
294177707527401472
294168194602647552
294161362702200833
294150097233649665
294116204442955776
293853094998056960
293826555963138048
293787657916514304
293787385953656832
293778124821389313
293753808952107008
293743612624265216
293722252866895873
293688050431717376
293687997000474625
293687507068014592
293687154889080832
293686704982872065
293685834840952832
293685692830216192
293473092142002177
293450455298752513
293439096121077761
293407645732323329
293402028200312835
293401929948741632
293350765915951104
293340287600844800
293336295927853056
293336085357031425
293335113880702976
293308719834488832
293052149049475073
293051094970556416
293050299327864832
293050175855923200
293049619003355136
293049226022248448
293048112631672832
293045921573380096
293045640760553472
293043445021417472
293042896880427008
293042303067627522
293041255531835392
293029042419036161
293021997515034624
293013468032937984
293013132916436994
292971256486195200
292683471489466368
292683225183170560
292683127288127488
292666653647458304
292596056246587392
292587895041167360
292422766395797507
292422420772577280
292422010666094592
292374608303247360
292360986302746624
292329271496683520
292318015092039680
292312984494157824
292312674686091264
292304274094977025
292291676150571008
292291420558065666
292291246502862849
292290833464586240
292290735485640704
292290627603943424
292290509265829888
292290326868152320
292285945556893697
292285491938738176
292284992975929346
292284048078942209
292283865853198336
292283670201507841
292280259557076992
292257571572690944
292242476092231681
292233664878751744
292013450027233280
292000215785959424
291984552052785152
291976960517750786
291974786555465729
291974394933280768
291974145984569346
291963394389598209
291956624392876033
291956323510263808
291941877362610176
291916581712310272
291759543489277953
291733292892450817
291733065766666241
291730209416282112
291623362332069889
291619770833448960
291579488620384257
291558058327433218
291546987906625537
291509790709014528
291298892438458368
291285092209414144
291268517788012544
291230795203489793
291217109663494144
291189291151925248
291182485197447168
291170377546227712
290933258508718080
290914937130340354
290911179629535233
290910032894255104
290907395608154112
290854692693618689
290814299830636544
290800461391482880
290796528929488896
290492314659459073
290157913228574720
290129930015096832
289824305699762176
289813946242834432
289809183791005696
289773684967763969
289767538877943809
289749509683150848
289742232905478144
289503197943455745
289461857096462340
289453609509326848
289452814772604929
289449195541241856
289415130666647552
289405155709960192
289373275883175936
289181037152567297
289147064896585729
289107582591832066
289097987769135104
289056459059232768
289042770730045441
289027569473441792
288996061710786561
288736875148095488
288726868302114816
288721962652536832
288721888677609472
288680369434288128
288675963313729536
288656405899120640
288655038837030912
288654607893286915
288651320519434240
288637664159227904
288335515034480640
288326413524815873
288317981916798978
288315446686527491
288297714121322499
288259985870295040
288253800987373569
287955597410840576
287662795414183936
287593212938440704
287287605295468544
287262279702024192
287244728305598464
287230830143750145
287229746318811137
287214224780951552
287197071231025153
287196930436628481
286967799040073728
286948804966617089
286948626629017600
286946171828703232
286944722323378176
286943237590097920
286941465307910144
286938903729037313
286925227194208256
286868439509909504
286863302678695936
286863086550392833
286862975363608579
286830063884845056
286811713121173504
286609092586389504
286560038720532480
286545000278421504
286516957430312960
286506031440359424
286489535389503490
286143660075126784
285984860219260930
285960638088482817
285877444337074176
285781270896734210
285418886709534720
285164594606006272
285056487351533569
285034338792378368
285034157984333824
285034000689557504
285033877523795973
284694109350932480
284331736945532928
284303144157069312
284021318037422081
283969316444049409
283606955031945217
283462659360296960
283274366484111360
283272659729530880
283270163900551169
283269791853207552
283269695023493120
283268598129123328
283244557645262853
282913990991044608
282893942016573441
282882174565351425
282519776776052736
282157409311522816
282144765238206464
282135911347679233
282120329348907011
282099445988982784
282089384210214912
282086815417126912
281860364927385600
281850304658567168
281840236613496832
281795012386238464
281739552408891393
281489289697705984
281480364365602816
281432598381735937
281419943105425411
281412353755578370
281398715149856768
281386020782612480
281369638577774592
281172219126767617
281140610210086912
281070248323608577
281045434519130113
280802771026972675
280785148360929281
280765818437005312
280707843391385600
280705975340634114
280705855370973184
280700317472010240
280691500076105729
280654913028104192
280345462781902849
280190952264585217
280190903837130753
280190016095924224
279995199772565504
279983077403553794
279733724160065536
279704791674937345
279704582530142208
279703636647497729
279673598266970112
279673474442727424
279673038511939584
279663431492173825
279624361160368130
279620689831555072
279599036758097922
279400348819521536
279372695550951424
279357599261028352
279356330903478272
279298489219969024
279258307477245952
279239815369732097
279236856858689536
278904586201346049
278897131090243586
278895894810726400
278845474906198017
278831660928204801
278671798055346176
278641601562152960
278602621290434560
278588770692001792
278533536984743937
278241456089616384
278240210242908160
278227916599472128
278220792758673409
278171119532515328
278149661481648128
278126771419881473
278126508395089920
277970894784167937
277953773895311361
277808746749644800
277789010552819712
277446356392615939
277144241606651904
277129223636930560
277117870771691520
277083962222993408
277057967331885056
277051107186995203
277027280189014017
276872446441824256
276819617517805568
276794423269011456
276785611057266688
276721587540094978
276659568224915456
276463564452163585
276454703099949056
276433289051521024
276424312372731904
276423294322880512
276421741461532673
276421073090793472
276359171971108866
276339247903035392
276323409904930818
276098614953119745
276087387199766528
276039580208214016
276026095889940480
275996818054184962
275989699619860480
275953060205965312
275936280070733825
275755311573381123
275713546816458754
275709798245339136
275700051995668480
275699729504014337
275693434612883456
275691040617402368
275634410383093760
275623891257421824
275601058301091841
275600973114769408
275402741801705472
275402657777209344
275402049733136384
275375089745293312
275272003114659843
275089916415860736
274990074918236161
274989975035056128
274909647234805760
274631404783022080
274627634212794368
274615087501803520
274596358474838016
274552166566473728
274547251337129984
274513452117147650
274265324814229504
274248900142047232
274240073887776768
274235051510730752
274223761753001984
274216224764854273
274184881922260993
273904006013788160
273880579425062912
273868103887224834
273867884365766658
273857565958471680
273842464148824064
273833707952013314
273822456068861952
273794684214726656
273778193780051968
273513747404976128
273460089841664000
273451161946828800
273442325965963264
273432278133248001
273420331992117248
273292913943928832
273277518293893120
273252341665374208
273239738255831042
273221636562501633
273220870946840576
273219367641182208
273217196224815108
273217097214070784
273215047046684672
273211052232167424
273209682984857600
273207713419370496
273206950936842240
273205581433679872
273204930276380672
273204213058768896
273203436428869633
273202000706011136
273160253015744514
273122225719222272
273109212807196673
273108510450003968
273108263707496448
273097700868780032
273092079524134913
273061974642921472
272735286998474752
272449821921640448
272449618091073536
272372934159519744
272351404423798784
272273591716941824
272217324134731776
272073816312782848
272010538945482753
271972728767119360
271755621387362304
271755549115305984
271753717781520385
271753160610156544
271752814349393921
271715984421814272
271704728981868544
271695811367272452
271687002590703617
271644897256288256
271633395438727168
271619526427295744
271614315449159680
271613819149746177
271613669421486080
271571370197012482
271560526163738624
271559209294893056
271558950883835907
271538153310019586
271537952050536449
271464568562278400
271390758760747008
271390497795371009
271389638676078592
271386316523057152
271362867046010880
271334849942536192
271325539409727488
271323593667911680
271283686484361218
271282483285344257
271263294889816066
271245532347895809
271018087376105473
271017846094589952
270967263673323524
270957341522931712
270942807856918529
270929516745064448
270920129926291456
270919684013031424
270902604698103808
270892949448048640
270885265567010817
270741101986603008
270733356390551552
270730877833723905
270730601059995648
270657504600547329
270657276099047424
270656431802445825
270656222238236672
270645229923737600
270644984129134592
270644517907099648
270644382921789440
270644290403844096
270643264846184448
270632640678350848
270587469454520320
270580967339618308
270559653690228736
270557747207106560
270534643084820480
270515913999130624
270490374588477440
270381235916902400
270380757275508736
270345265343504387
270285376453758976
270285134534684674
270195366647975938
270015115301117952
269868268481814528
269861673630846978
269859380252508160
269838049142272000
269833003470049280
269807955241758720
269807460984954880
269807391745396737
269633922386784258
269613990290808833
269551679123382272
269533355538776064
269513508633325568
269470604615368704
269452678852132865
269337354110652417
269337145829900288
269235864889085953
269224561747312641
269214459619315713
269195611356667906
269108229269770240
269066549845966848
269066000832552960
268898849718947840
268814343225868289
268813117075632128
268809289668386816
268745859519377408
268585610216882176
268473345920626688
268469588327555072
268459522903908352
268444468129189889
268395150252851200
268383493229248512
268171655308791808
268109691165499392
268083282778935296
268069408214224896
268039879743660032
268021122413522945
267994321280700416
267944216724905984
267943406402146305
267943300193996800
267942989542858752
267940706822262784
267938632462110721
267937767160426496
267936317520875520
267936307563618304
267936303486758912
267932131660005376
267908067243458560
267736726267625472
267736692184719360
267709619315556352
267689302132158464
267658720752857089
267474895678611457
267463558504255488
267296331998044162
267064056186294274
267043928287621120
267016236746022913
267012431413403649
266933982619385856
266927288606658560
266743182799282176
266728115361939456
266724310029316096
266611683663962113
266610585033121792
266591965179703296
266589383887564800
266589300995551234
266588630758346752
266585655885303810
266585174932877312
266584594852225024
266584431278555136
266583223751016450
266582995643817984
266579828696813568
266576195435495425
266571593881374720
266568323305721856
266528531230638081
266526094411321344
266386661481517056
266318821961388033
266263352500682753
266258997462577153
266223215104368640
266222846123073536
266209214916075520
266183616403476480
266003511186190337
266001783598497792
265962724830363648
265895328228712448
265894945104207872
265891045894660096
265847744747413504
265843052592119810
265819127028006912
265818879505342464
265818243560771584
265817568227495936
265816805770141697
265816442862194688
265815659517194241
265647226125156352
265572226466717696
265572120338259969
265567935442075648
265565958356213761
265555005250101249
265552561317240832
265551519439540225
265551323527774209
265543585821229058
265540851470585856
265521114594299907
265501866484445184
265487522891722752
265484483837440001
265484375284654081
265446664632946690
265297694174613504
265122090808639488
264955153088651264
264759710295683072
264497203941371904
264434802147590144
264431672001433600
264431238578839552
264425473965187073
264414802825318400
264397338972409856
264387039481454592
264385853160304640
264377137203662849
264368361553657858
264362469726765058
264362343641776128
264362106403565568
264361881014255616
264358994003517440
264358661755912194
264357957343518721
264357324427235328
264356334051409921
264355509673553920
264354976254525440
264354593662713856
264351941012901889
264351680114601984
264350667433459712
264183812995571712
264119856901787648
264100959339311104
264034956689432577
264008780122042369
263998834156380160
263996095959531521
263985908175491073
263866251011567616
263793771005743105
263782263974658048
263781669100720130
263779903319724032
263736023983460352
263722962748846080
263717269115387904
263683790738698240
263672573508845568
263646451329028096
263646178615377920
263640779950546944
263492318378749952
263479062075424768
263473375882641408
263376298796273664
263365657918337024
263351307786653696
263345792138481664
263310204148523008
263270283954245632
263254216204746752
263122598991392769
263117373878464512
263047347670491137
263046038221381632
263045267065036802
263021534204018688
262984983172493313
262953738262704130
262947823488729088
262906273094316032
262902114987163648
262641448065839105
262585446360551424
262247730699702272
262223072319385600
262217501654536192
261960429323055104
261952959221485569
261944172238483457
261926954998046720
261926717940187136
261926427086163969
261926339693670400
261907262422007808
261905082617044992
261860679911366656
261816811669045248
261565407658389506
261498480319680512
261457626850816001
261197329787387904
261195969469763584
261195422930980864
261188398839132160
261187953840250882
261186607334424576
261177961242320896
261176394078363649
261175452310327296
261173178192236544
261170112449626115
261162601088692225
261162522143502336
261160605392703488
261136098351280130
261121057182867459
261116240238612480
261115340157763584
261111455556968451
261107761276936192
261106429396668417
261099671303364608
261094463999463424
261092245543997440
261088696906964992
261088469659557889
261087127184490496
260886368098594817
260854292804665344
260853653500485633
260840378058555392
260837866450612224
260814848965873664
260814149351776256
260807601967747073
260773729800433665
260753004272156673
260752782825500672
260748290436526082
260745878648782848
260741045325795329
260740060004089856
260732027643518976
260731972530343936
260731956231274496
260731801687957504
260730665488756736
260721355291504641
260704798981103616
260704623751491584
260588904032370688
260484496372146176
260481619276730368
260462858964463616
260458571324616705
260451514097729538
260451234002112512
260450482584174594
260446566358339584
260445551403864065
260445264765145088
260445198163771392
260444970400497664
260435511137693696
260412108599074816
260411926679519233
260408894059343872
260408372564750338
260401154385645568
260400753569574913
260396228037201922
260395397464338432
260394588664123392
260394210899918848
260393017398140928
260392961823608832
260391737619525633
260391637719609344
260391139788595201
260389817840463872
260379972479369217
260377553808814081
260375064602632192
260374883521929216
260373478316843008
260370612961296385
260364232183382016
260361479193255936
260218274623680513
260209998989234176
260208783396069377
260137112601493504
260131877497737216
260131254521974784
260049706942619648
259770778852143105
259762426306772993
259762128653803521
259687365767999488
259679926570070017
259392410235322368
259378399439618048
259374348245278721
259367352821489666
259362094124769280
259361884287942656
259324986496532480
259301003675979776
259167288362672128
259166909633789952
259162181877239810
259049371209969664
259010703875252224
258998679241900032
258987537677312000
258970215826747393
258962612027547648
258959646763651072
258930945061703681
258928532464476161
258918788144173056
258742202430267392
258677741354901505
258676752426082305
258671137905573888
258647148126683138
258638415493492736
258629742301949952
258600222073188353
258590167546331138
258579448163602434
