398105670265761792
398105352702414848
398104958643347456
398059311743913984
398039327986311169
398038721481543680
398038554938322944
398033731786526720
398033435417006080
398031919935279104
398031016188600320
398029754034442240
398029600329981952
398028273621696512
398028229358804993
398022517866000384
398017464031649792
398002512508485632
398002331671080960
397774383290527744
397773382910877697
397772702179528704
397772491893919745
397772199362166784
397771816539656192
397771718946590720
397771100324524032
397770733038096384
397728026382696449
397687030060027906
397684544712634368
397683392960937986
397679326340341760
397678191872970752
397676955652194304
397675684719767552
397674817518055424
397674706943242240
397673767591112704
397672625767723008
397672557194641408
397672112984297473
397671829579370496
397671545817952256
397671447838986241
397671163440021504
397671043738771456
397640006032179200
397416466321903616
397359095696482304
397349435128033281
397323990022119424
397316076762972160
397314009096916993
397313804536528896
397282679994863616
397282509047595008
397281967692976128
397281857982578688
397281643896905729
397281506659295232
397281170641018880
397070902564626432
397028924779020288
397028528966733824
397019874649985024
397019767992627200
396954548281278464
396941366573682688
396800386302238721
396800129069756416
396775237754572800
396752246710738944
396734532600479744
396693184266665984
396683932890324992
396679047956402176
396677240190406656
396676942017347585
396675113745403904
396669944232157184
396665333517672449
396659511345553409
396657135675002880
396599159375273984
396577172963745792
396567642498035712
396565908770279424
396545622867992576
396380027170095104
396346490731655168
396322922153127936
396321059102027776
396320811742941185
396262233854210048
396261001206980609
396250850152439808
396249634332766208
396244491667243008
396236210969903104
395986018958319616
395978487053697024
395978294908444672
395935320149344256
395923106818437120
395920483688124416
395920225306419200
395917314274885632
395916739911118848
395909507001622528
395903870482010112
395903232838758400
395902935944925185
395902715324538880
395900862633365504
395895445769441280
395853585365610497
395842654770319360
395557710944817152
395536087629586434
395286896123076608
395264840895590400
395254041095462912
395117938274869249
395117763779624960
394958835871653890
394958796025778176
394941683265052672
394940757183709184
394940489876516864
394936457833357314
394934646397337600
394934140258103296
394933838314344448
394933407303491584
394880164129431552
394797351610904576
394735441246953472
394724176990584832
394724016822685696
394589708795514880
394589228635799552
394589102789885952
394588944295530497
394588512873619456
394464975848505344
394435687388557312
394429832488300544
394428635035492352
394428422296186880
394424962700021760
394422035210051584
394421948870303744
394415564355301376
394414032457064449
394413722703511552
394413416259289088
394411014026170368
394395788786548736
394395577804288001
394128821852852225
394127255431282688
394125902084595712
394125174897135617
394124773787455488
394123710355234816
394118950608715776
394117963982602241
394113384444354560
394112189780725760
394108455453081600
394102931244728320
394088949360386048
394085155083927552
394018366647582720
394010734272593920
394010543645671424
394006941225058305
393837661707722753
393837600617676800
393812698406088704
393811237672218624
393800448345255937
393800308180021248
393800122531717121
393799997679882240
393786659033976833
393781611436978176
393781466389164033
393779830279270400
393779036079407105
393778959194001408
393769106098622464
393766228785115137
393746090261901312
393728115714711553
393682986970791936
393671013562863616
393670800165056512
393670752567693312
393609200510971904
393609149831213056
393473639082770432
393473232323756032
393452947763634178
393418658875047936
393381025956392960
393380804803313664
393380645852176385
393316606182322176
393308314412412928
393307337139576832
393303639688630272
393303451188199425
392977047963701248
392976706371190784
392954868601589760
392954650011238400
392945991847923712
392943810415575040
392943494278283265
392700587139018753
392700196729004032
392700057230639104
392698482395320321
392698133353754624
392697843116281856
392695330543648768
392694149113073664
392692293695594498
392690740179902464
392690649314516993
392676613713719296
392665536904978433
392621186955239424
392620692304191488
392620233770270720
392620169660727296
392619469064773632
392619052889169920
392618698655035392
392618534389288961
392617776147218433
392616519403716609
392616128083554304
392615610426732544
392615183291400193
392614966932406272
392614034077278208
392613602378530817
392613041591689216
392610602050277376
392602946417872896
392600975787061249
392600888436477953
392592250338676736
392587522879934464
392587321167462400
392571806067875840
392571128788422656
392570837129105408
392570613182640128
392568450578513920
392407967586197504
392407777999478784
392406769990778880
392406334991118336
392405986956161024
392405221436964864
392404418026422272
392384468465774593
392380950639681536
392380221980033025
392379802587369472
392368521054666753
392368306511818752
392368108653924352
392339579962810368
392317751483977728
392305508721631232
392302638718398464
392217892587974656
392214502013288448
392214373407543296
392211484664549377
392210204151922688
391994768349491200
391928363356397568
391896935914696704
391896146504728576
391895720795467776
391895546887036928
391895090320269313
391894747293306880
391893340423077888
391890925107937280
391889013864292352
391888921853849600
391888695713742849
391888311842635776
391888113892859904
391888062654857216
391887051005501440
391886793206800384
391886191886213121
391648659466506240
391647518180007936
391619448886411264
391614422630031360
391612876974084096
391586913528074240
391523288054120448
391499179547058176
391499085867253760
391498739468075008
391498196330885120
391497207817322497
391496739451977729
391496092992290816
391495997664153600
391490213924458496
391283101088755712
391277991612796928
391277763983732736
391269501024493568
391269286930432001
391269192009129984
391258818266427392
391254418697371649
391254149284626432
391252528299376640
391251768106942464
391250877899472896
391250381713317889
391249973611732992
391249320952877056
391243706784681985
391239918879387650
391234169847566336
391228588269137920
391228374297096193
391228270672236544
391204898089365504
391203614192316416
391194787715743745
391189927611740160
391188275404087296
391187183576428544
391186712514150402
391185987935535104
391184625705287682
391182253872517120
391180521889202176
391180427857121281
391179863714832385
391179617370767361
391179415524102145
391178487689531392
391176933859684352
391176614567886848
391176408254275584
391176198014791682
391176118273064960
391153671766933504
391152787439878144
391152581411495937
391148598525575168
391146094865813504
390967792356564992
390967625502953472
390966516147306496
390952157404741632
390918674690760704
390917758566678528
390916266212335616
390916018870046720
390915719367372800
390915654728945664
390900815247847425
390875431056195584
390875397925400577
390875284108738560
390875209055469568
390857192582438912
390856909026525184
390847423657947137
390844948716597248
390843167202738178
390829473093783553
390829353481011200
390828659327520769
390828178089865217
390827825051078656
390827680444477440
390827650295820288
390827227321221120
390762313579368448
390762139553525761
390761610744455168
390761430246367232
390761308615753729
390761058664583168
390760472170876928
390760145325535232
390747650988838912
390746228071600128
390577940876255232
390577894994743296
390507607527391232
390506447345184769
390505573906530304
390503294373601281
390485691391418369
390484344822710273
390481079506726912
390479221212336128
390426446146985984
390425671010250754
390411506833436672
390410840123670528
390392786559967232
390392697066115072
390392449379893248
390372309502263296
390372112365780992
390044092820119552
390012833120792576
390012100203909120
390011975646052352
390011932658651136
389885319551533056
389884834379993088
389884621607170048
389884489729835008
389884025747169280
389766344515657729
389760464034729984
389748321579180032
389728820858998784
389716789216567296
389709273569431552
389705273746538496
389633608396591104
389472349679910912
389471897588482048
389471356238438400
389471252836270080
389416592989102080
389004139130540032
389000894454718464
388986854751862785
388981019803926528
388972119335645184
388966882327666688
388960701639041024
388764427949850624
388729836166184960
388694054705176577
388691776753516544
388678803444084736
388678376925306880
388674400762884096
388670846169907200
388670374239428609
388658308183113728
388657298630922241
388656562614861824
388654429768916992
388649347270733825
388648620313956352
388648451048607744
388568588178964480
388300500904726528
388296472812617729
388283960834666496
388276281965821953
388267564943437824
388266106684588032
388265928166633472
388265833857708032
388265461986918400
388264434944049152
388264262885322752
388264098678308864
388263974816346112
388263834806259712
388263725532082176
388263537467850752
388263181883166720
388262729623953408
388262565102755840
388262202374770688
388261882483580928
388256156424347648
388256139169001472
388214633493827585
388213263097274369
388028036505174016
388023644007313408
388018979966832640
388013116531179520
388007825869262848
388004240771149825
388002392740208640
387966718280482816
387915195646873600
387914735829524480
387914022768893952
387913584673845248
387909849063100416
387905544264364033
387902148111257600
387902148111241216
387899534653014016
387896006710661121
387895003512860672
387893792172683264
387885496095236096
387864415259078656
387863984655048704
387862671204560897
387862423832903680
387561275498450944
387560895603572737
387259829179662337
387240234536411136
387140022589083648
387139728513826816
387139412309467137
387135858597720064
387113796864864256
386973450922766336
386973228754669569
386971964939579392
386951614734409728
386950863320653825
386950201203650561
386949127562469376
386949039171710976
386946569057992706
386932553896058880
386923801566400513
386919127236898816
386914637045714945
386913499906990081
386906860768358402
386905145180573696
386901767926988800
386884062163394560
386873016128266241
386869287685603330
386856158155124738
386855389498597377
386854960844910594
386854465875103744
386854384996327424
386854154850689024
386853843071291395
386853813853769730
386853791598772224
386853739962716160
386853510270029824
386853455224000514
386852842880786432
386383982222647296
386169153305841664
386130153849368576
386128884338409472
386124625714757632
386119422181531649
386104358984630272
386101775620931584
386101588668186624
386088884376829952
386088550191464451
386087890146451456
386087764636098560
386085605693599744
386084294751293440
386084136483442689
386081761651736578
386080684197957632
386078621913186304
386078422364979200
386075270559449088
386073500772864000
386073019166113793
386070756116819968
386068152955580416
386067558173925376
386065947066249217
386065331464056832
386064531476074496
386063957552685056
386063033136467969
386062645628911616
386056078376452096
386052821201612801
385778180742582273
385776525150154753
385776331113246720
385774716532690944
385774468569640961
385774279347806211
385773969573281792
385772582185607170
385772489252413441
385772369056260096
385771943040806912
385771876431065089
385771425375600641
385759917476306944
385747201814564865
385745357625229312
385727793184514049
385713539781898240
385712937119150080
385707470099718144
385706813963788288
385706403127500800
385706000155566080
385704783908069377
385695826573410304
385685788014280704
385523657185173504
385515856714690561
385484754906136576
385484379792752640
385483211997855744
385477038456307712
385476548318330882
385476232936058880
385476022159683585
385475416338616320
385475217574752256
385475127086813185
385471996890341376
385471670443470850
385470480288718848
385470139199549440
385469489963225090
385468280997048320
385468148557684736
385467932072873985
385467445252984832
385419111221972994
385407240531767296
385404583016935424
385384653877555200
385384468602564609
385372484297449474
385371566839566336
385371182976884736
385365788292423680
385361564645085184
385354556034383872
385350493049856000
385345065075220481
385342427378483200
385338386577625088
385324498452774913
385320378534752257
385317911382200320
385304356918415360
385304173459546112
385281459894108161
385132653164642304
385123947605676032
385102473960386560
385101549418344448
385097680776888321
385095764365815808
385095561936130048
385094943867674624
385093017570656256
385092353289355264
385092139509899264
385059946397958144
385058252444401665
385045056534503424
385011632340205568
384833222670315520
384746900727271424
384733178684248064
384726487158755328
384725120029589505
384720849594748929
384720532325007360
384720315148156928
384691393169723392
384690014627827712
384685156961120256
384684578738552832
384684446513131520
384684337423450112
384682714760495104
384682030556278784
384679537826873344
384678781275086848
384677652550144000
384673962049155072
384667970150359040
384667258150473728
384662535322238976
384661459852353536
384658336337379328
384656311369351168
384654927924326400
384639980666380288
384638455776837632
384637947578155008
384636182606663680
384627608425861120
384626492392882176
384626266860978177
384624023696863232
384622119063388160
384620927717494784
384620450971942912
384617684484521984
384614510692421632
384611642832482304
384608549248450560
384576324863815681
384574652862824448
384573224702337024
384567256023592960
384558734229643264
384558425344335872
384451653459804160
384447863142768640
384441799898849280
384433677083885568
384431472272506880
384431315363573761
384431070462365696
384430940673830912
384429962906046464
384426668020219904
384425166291619840
384424028456644608
384422797369683968
384421944382464000
384419753395507200
384419105090318337
384418912534032384
384418750717775872
384418308680056832
384416523743666176
384409796570796033
384408182996869120
384407115143839744
384406911149305856
384405594259484672
384401098808631297
384400274330091520
384400107149348864
384399772880076800
384397153067470848
384396877417816064
384395420685697024
384394977079328768
384394700825714688
384394434235736064
384386167673995264
384338382799003648
384269716531191808
384266994159472640
384266751468646400
384237444574773248
384220456741785600
384211640402841600
384210975861506049
384009926848552960
384008081681969152
383991359944015872
383988777443946497
383971846204715008
383969513156653056
383969202480369664
383969129356877824
383968901723586560
383964104312246272
383963916709425152
383960329463824384
383958920685182976
383958673514823681
383958441666310144
383957181735129088
383957004760670208
383956715097837568
383956046269939712
383955813771268096
383954369403961344
383954327242821633
383950386849390592
383924966070423552
383862672791310336
383858886257557504
383694612055195648
383675781907361793
383675273528360960
383675102593687553
383674648849694720
383674337691045888
383667155784323072
383666113185198080
383663960311865344
383651368055365632
383603686242811904
383598984000188416
383587244600479744
383579018286870528
383578485664808960
383550548781191168
383471453213315072
383348481022124032
383299450426249216
383299086343872512
383281719362609152
383281186392395776
383280557867540480
383265022366863361
383264772797382656
383261845093498881
383253010274455552
383245680728215554
383235585650868225
383235466511650816
383210360896901121
383209794724581377
383209697806807040
383209561504481281
383206008287277057
383205908840341504
383203388197859328
383203204235669505
383202574909718528
383201061286051840
383199531921199104
383191118604959744
383186288838324224
383000230851268608
382996820844380160
382940725744132097
382939021393293312
382932131556499456
382929272521781249
382925066553417728
382924988908441600
382924711316815872
382923799491919872
382923644541730816
382922276317822976
382919800432754688
382919591292194816
382877184320212993
382877094939590657
382876730098065408
382854049684393984
382853856687714305
382818372041187328
382815247867723776
382814980963196928
382805798037901312
382795631233736704
382794523367047168
382780332220481536
382780079199100929
382779883346079744
382779700457656320
382779445922131968
382776559649558529
382775516299681792
382775134269865984
382774159400394753
382774015997128705
382773929439281155
382773393143001088
382772871421898752
382772771127705601
382772175763038208
382771986851565568
382771672467509249
382771146141073409
382762356188528640
382762055658258432
382761926729543680
382761400143069184
382616878813675520
382564428920918016
382536578188337152
382478818973200386
382478386053931008
382440854037622786
382440642728574976
382433050233032704
382430572313722880
382429328501252096
382428602500784128
382427026566553600
382426702955036672
382426530980184064
382426190029389824
382424606620913665
382422757100621824
382421954528964608
382418537580474368
382190452423671808
382188087876390912
382187661621870592
382187498455040000
382181727583887360
382162487992680448
382161683655163904
382160773243736064
382158143767478272
382156321392721920
382132152705757184
382129305607610368
382118288169254912
382117445042851840
382092079372828672
382081614324310016
382072029781839872
382071974014353410
382071036956536832
382070962448891905
382046375732445184
382045742296072192
381903743890907137
381902992292581376
381902626813534208
381901967477338113
381901739751776256
381888380742942720
381848321096450048
381816285686165504
381710426507321344
381701190813491200
381700687996133376
381087408315305985
381084868882341888
381061321820995584
381051259534319616
381009230431391745
380997907375083520
380979930072248320
380965076204650496
380812252032405504
380812028178219010
380810888812310529
380809356465274880
380809124721602561
380809001576837120
380807092371599360
380806142118477824
380773214277754880
380773103590064128
380771270234628096
380715198715150336
380715151466311680
380711471170080769
380709875304521728
380709194996793344
380708919019974656
380708832097214464
380708710596616192
380708014337970176
380695659419951104
380678012737302529
380663550647099392
380642814914080768
380639143560105984
380625825269174272
380622212568330241
380618491671228417
380614780337147904
380613042527940608
380601112665260032
380438563050909696
380438033587118080
380425020733788162
380413102426054656
380411142431985665
380383417327562752
380383320556593152
380383227489157121
380381540640763906
380381205230669825
380380996664696832
380375102820327424
380374044580659201
380370811862781952
380370689011613696
380370100647239681
380370008477425664
380369799940800514
380369597737623552
380344258877984768
380306234554855424
380259551565852672
380258136420253696
380110620689174528
380085067395395584
380082766106611712
380082615325556736
380079265716637696
380031614782550016
380030927956877312
380028782536847361
380028465975930880
380024693753135104
380020563470589952
379999131999023104
379988755672989697
379988462361149440
379977229167771648
379975988412944384
379975855277342720
379975051619364864
379973896470278144
379973596527218688
379972916466954240
379971935314382848
379971612843737088
379971093790199808
379970461029138432
379960626866819072
379925611231211520
379924846139809792
379924775335772160
379924656544694272
379924015076220928
379923285397368832
379921299180515329
379906962332192769
379892235883405312
379891856059817984
379880032380157952
379879847449083904
379873755935166464
379873535444791296
379870813220270080
379865663801540608
379864780074258432
379864732091416577
379864561886588928
379863903322112000
379859011677327360
379857442685091840
379857328407064576
379825123697905664
379721787258335232
379720043707109376
379711882686251008
379711168299794432
379710996236886016
379658798282989568
379658685393276928
379641899268575232
379640742999642112
379609158313467905
379601696059445248
379599023214059520
379581961766850561
379566165548216321
379565803235856385
379565644003295233
379563501959671808
379561389552959488
379536942284550144
379536860369805312
379536755440881665
379536667595395072
379535745716731904
379535674761674752
379535514597994496
379535464509632512
379535418577784832
379535335304081409
379535276143431681
379535243935375361
379511701957124096
379509511876141058
379505853486731264
379496943279276032
379494872610111488
379346526918549504
379346397176139776
379346139150942209
379345974981689345
379345381772898304
379345197210951681
379344634729623552
379344120197558272
379344036152086528
379343799022919680
379343318406033408
379343194560819200
379343028587986944
379342087692361728
379341863653605377
379341048155099136
379340824690954240
379339594996523008
379339410828820480
379339073925566464
379338977045524480
379338819436150785
379337868436455424
379337647228870656
379337349827526656
379336983266328576
379336829901631488
379336447687286784
379336201754267648
379336020396744704
379335155384471552
379334273414602752
379332201684688896
379329978829385728
379328205507031040
379324880090443776
379306236987969536
379303513999687681
379300298717544448
379299781035556864
379299165580177408
379267712259596288
379266516631318530
379264606117457920
379260603539652608
379260311116992513
379260096171499520
379258880917663744
379258687769948160
379258337621069824
379257185756119040
379256987847897089
379256544560312320
379256079260983298
379255718487932928
379255452871036930
379255233915781120
379255104655740928
379253626243268608
379253376791228417
379252594310250496
379251400481312768
379249228884619264
379248809596821504
379248708556046338
379248437759180800
379247614534750208
379247024131948545
379242306466889728
379222737652166657
378960367512461312
378930036457627648
378907210962964480
378906961544478720
378894277537181696
378893611821461505
378893101093634048
378818898663325696
378774745354747906
378772618427392000
378772473157668864
378772211990933506
378772022932680704
378771567632588801
378771158113333248
378767317573709824
378551454585204736
378510713091657729
378510565733199872
378509211069448192
378489524357042176
378488229764145152
378486359758888961
378483701371269120
378482594192429057
378481565556162560
378480591512948736
378479826086027264
378472728656748544
378453642044387328
378451030515539968
378448200236953600
378446823590866944
378446214653411328
378442587389952000
378442465058889728
378413308698562560
378409217972908032
378279921694420992
378279362992173056
378250093889323008
378229242187620352
378205827192344576
378190652158537728
378189302741876737
378179639233232896
378151926896275456
378151763972743168
378132315916214273
378126424034803712
378119428887805952
378112427826896896
377910644991066112
377908978585702400
377900972439511040
377900954047500288
377894621193703424
377868109388214272
377849657147535360
377819936741396482
377798095507296256
377787270625234946
377786975774064640
377777380997484545
377768017025044480
377767525125484544
377765629446848512
377765443328827392
377762491696414720
377384948527030272
377364052701216768
377349094278049792
377347268585594880
377346507973746688
377345858418642944
377345108074438656
377344949122920448
377320206256709632
377319759487844352
377318993259814912
377318747905613824
377311561909817344
377141946231185409
377141047823843328
377140824514912256
377137016925728768
377135067908157441
377133360478306304
377133081523531778
377109967896981504
377102775395438592
377102515516342272
377101843039408128
377099333016899585
377097324779954176
377096479266971649
377095855930478592
377095260700028929
377094400590872576
377094301810831360
377094136764981248
377093451331801089
377093033063231488
377092208874110976
377087232634417153
377084974349828096
377084371129204737
377081697197502464
377049828544352256
377048707666935808
377048566188871680
377046245031686144
377046077423108096
377030088392339459
376998430125481984
376995833478004736
376983063751712770
376982861623992320
376982305778049024
376981939049070592
376981725705822208
376981144413040641
376980562314936320
376979617971585025
376977912995401728
376977541191307264
376977230699589633
376976429243580416
376976002015956992
376969248062447616
376966941694361600
376966685011349504
376798178580107264
376798120941993984
376786596143841281
376765360101277696
376764960396689408
376764877840207873
376762942949036034
376762093938020352
376762066033328128
376762025080139776
376761297531965440
376761047815692289
376760958070177792
376760032613777408
376759562646204416
376759114472255488
376303905723789312
376098083513192448
376036853868019713
376036330053967872
376036275175710720
376036099732168705
376035583639814144
376035367582826498
376033952206565376
376033761890029568
376033330518446082
376033031468765184
376024192153444352
376024106065334272
376023759334801408
376023285919514626
376022896822345729
376022841340076032
376022540512002050
376022126890717184
376021830726742017
376021379398631424
376021076834148352
376020863272771585
376020713024397312
376020581453283328
376020366738468864
376020284945346560
376020027863867392
376019765275275265
376019601177321473
376019277876195328
376019008949977088
376018856944222208
376018677901950976
376018533764698113
376018359705276416
376017880246001664
376016588035481600
376016514530279424
376015551174176768
375987029567209472
375983087936483328
375982983364104192
375981471745335296
375980559450660864
375978759960010752
375978426567364609
375978280848855041
375977808054337537
375977354134179840
375976949199290369
375976560844484608
375976322389913602
375976078130421760
375973573099134976
375973256009756672
375972998101999618
375972520035250176
375971474349105152
375968673627787264
375967431102963713
375967245685370880
375966544037040130
375966289266622465
375965702768697344
375965601975382016
375965283141173249
375965070863249409
375964705216401408
375964410331660288
375962388098322432
375961984014901249
375961834110464001
375961029416468480
375959877534765058
375921778872561664
375920998471970816
375918476092665857
375917744564473856
375914130680852480
375895451771609088
375895189317222400
375756179286532096
375755427491098624
375754799062728704
375657156949053440
375655576300425216
375654845350703104
375654271322431488
375653376161505280
375653030181756928
375652786668834817
375652463572819968
375652101894193152
375651466473918464
375651383745474560
375651289042259970
375651116337627136
375651042299744256
375650825865265152
375649993899511808
375647800664797185
375646817905823744
375646260755431424
375645235147444224
375583314666856448
375582149443080192
375559535815303168
375550306718720000
375548104281292800
375547298073157634
375543423349952512
375542838806581248
375535722679107584
375534853996806144
375530260051161088
375346872233103360
375346814490140672
375345771844890624
375345045802459136
375344783268401153
375344194325196800
375344024799825920
375342432407126016
375341214905532416
375334454484422656
375322400042131456
375320285114683392
375262649514094592
375262290854957056
375261923777863680
375261684098539520
375261180450709504
375259969680990208
375259209593413632
375258463774834689
375258079513690112
375250655251689472
375249580402565120
375249501729996800
375249459321401344
375241367904976897
375241278729883648
375241204826263554
375240927255609344
375240635701153792
375239764862976000
375238999800950784
375224892896972801
375224587266433025
375222735045021696
375221707474100224
375198191030784000
375187802620571648
375184924673728512
375184241320923136
375183751623364608
375170478576394240
375169797589192705
375169165906042880
375168668843270145
374997692239192064
374997295495786496
374978112125009921
374975405934927872
374974842593746945
374974277595832321
374973427922116608
374970902103871488
374961813013544961
374961633874825217
374961543164600320
374961475460141056
374961320069574657
374961192663388160
374960545201258497
374958718355382272
374958413022625793
374957908942786561
374957027014877184
374956087243325440
374955753653551104
374955388187062272
374954955288756224
374954588668846080
374893368465055744
374891466687934465
374878205821206528
374877474925973507
374862749160841216
374818089285586944
374817812478308352
374778420846415872
374639823669039104
374618097014943745
374616988087119872
374597719844597760
374596462312955904
374593888960249856
374591262659076096
374590849348153344
374589017897336832
374585794092347393
374584414787092480
374580336354922497
374580145933144064
374579900726140928
374579396814073856
374579255499563008
374578018293129216
374577058057584640
374563621981790208
374563226358259713
374560224121610241
374559411257102336
374557383172702210
374557236837621760
374555301544198144
374551556697227264
374549850366308352
374549528600268800
374549415106600960
374543890528755712
374543759062466561
374543500794007553
374542952413921280
374542419909300224
374541847940431872
374541743833620480
374540365333671937
374539230778626049
374538880743002112
374538272627642368
374537245287407616
374537036570451968
374517650015023104
374507236296785920
374507062279307264
374506894276444160
374504709845180416
374504666505416704
374504315853225984
374504046591479809
374501306599473152
374500325174280192
374500013050966016
374497465783046144
374494974693629952
374494494278049794
374494063313317888
374491573142450177
374486190860541952
374485533374042112
374484593342447616
374480768992821248
374480592731398144
374480386866569216
374477553844510721
374474698736037888
374473690278146048
374471056847044608
374470450455121920
374468545499103232
374468144251023360
374466482753003520
374462123839352832
374441005527089152
374437816891375616
374436134748954625
374433990587215873
374276801742503936
374276632938569728
374275131973312512
374273950723100672
374272985043312640
374272572936187905
374272282149257216
374271312992428032
374269840137400320
374265898968031234
374259916384776192
374259367912423426
374258124963983360
374257378046517248
374257260736036864
374256652905877504
374255785184088065
374254281563844608
374253560688824320
374253397635248128
374252321196474368
374252096373407744
374251593056931840
374250622419496960
374250543528837121
374250348778913792
374250152011497472
374250061146128384
374249248369692672
374248586680479744
374247840983552001
374246276520747008
374245169417437184
374244397212528640
374242068736253953
374242002608881664
374240086550122496
374239141615390720
374229955900489729
374229635023634432
374216909526269952
374216141758939136
374215993226047488
374193757467729921
374189821490896896
374175949073698816
374159363906473984
374152689346936832
374148293070454784
374147468365418496
374142980455936000
374141179778306048
374097699509116928
374090018211782656
373858416994689024
373855137158402048
373852800104796160
373852463113449472
373850135761264640
373848992867962880
373846861310078976
373807054336839680
373788482063577088
373784292490747905
373783649768185857
373782894147567616
373776059281731584
373773577872744448
373769850373820417
373769702902095872
373754420414406658
373754211261218816
373748739912904706
373747757779271680
373747518238388224
373747126507151360
373747017832742913
373565816412708864
373565402942414848
373565229461807104
373564324440076288
373564170970464257
373563806103777281
373563702068260864
373563483662462976
373563096473677824
373562964814471168
373562836816896001
373562704432078849
373562461594451968
373561865567084544
373561613531365376
373561514575163392
373561286874775552
373561007852896256
373560861282955265
373560664289071104
373560263452008448
373560150675562496
373560097718292480
373559873042006016
373553622266957824
373549163361079296
373549018254958592
373479062276435968
373469421836062721
373461169580670977
373460277166997504
373459756624523264
373458148960382976
373455474256912385
373454019596800000
373452452835512320
373448787114459136
373448063156621313
373447363605442562
373447174467506176
373446795172405251
373446553689526272
373446438702678016
373446113761587201
373445835826020354
373445434162683904
373445253136531456
373445045623353344
373444940140789760
373444733529387008
373444183811309568
373443985093586945
373442020150243328
373441445547343872
373441280874790912
373440830427525120
373440050286968832
373439925426724866
373439618386894849
373439286697148416
373438931506720768
373438640401043456
373438416387461120
373438307893399552
373438125235638274
373438002824896512
373437851397943296
373437594614235136
373437210411794432
373436462902960128
373436233533251584
373435383125512192
373430371486285824
373429959400108032
373429691879006208
373429320876048384
373428849625034753
373427213649342464
373423558867050496
373422169222414337
373421301966581760
373420512174542848
373419125663481856
373419040976285696
373417788263510016
373416831333068800
373416341102809089
373414722810286080
373408650309541890
373408257823354880
373408155415224321
373407051633803265
373399266678820864
373392930608013312
373389288257622016
373389274189922304
373388104092385280
373385364846948352
373383850069880832
373381514010320896
373380492563058688
373380221736849408
373379693292298240
373379498487853056
373379022006525952
373378726006128640
373367009624748032
373366574390181888
373355662941884416
373350418900070400
373347507805630464
373347088652075008
373344892346724352
373342332558782464
373342286392066048
373341923341529088
373340542362742784
373176493549309952
373176323579346944
373158175425691649
373157731194400768
373110632234901504
373075374772854784
372853576982622208
372853111171588098
372853012446068736
372850169592967168
372845889817427968
372844996023824384
372844455705206784
372808194382639104
372733373141499904
372726595154632704
372714932451946496
372711927514140673
372705873774518272
372705702785323008
372694158185881600
372679365509021696
372678712313262080
372652291255328768
372639741193097216
372437663036354560
372436713114587136
372367628439797763
372355960410349568
372347100811390976
372345913940783104
372342491988492290
372339730722979840
372339441974534144
372338933402570752
372337938924711936
372337542995005442
372337245593690113
372334659331301377
372326827059998720
372326207246716928
372325531003265024
372308648287940608
372297343820783616
372271556862296064
372261910386716672
372254239160295424
372115336234926081
372115072685834240
372114556367032320
372114452729970688
372112279711395840
372112153706110976
372111724129681408
372110098753007617
372109862240391168
372109588629159937
372109315114409984
372109130686664705
372108932015091712
372108826071154688
372039984184053761
372039861848784896
372035845282598912
372007659253563392
371999940668846080
371997660720291842
371990540981927936
371990134105079808
371963998574764033
371961453651456000
371950693311315968
371926505628372992
371925671838502912
371924191618281472
371920983944626176
371920032982634496
371913581186801664
371912492949442560
371903175034675200
371902289793261568
371900555012374528
371756522969497600
371739138078560258
371731498841686017
371731416419414016
371731158062878720
371724719000932352
371716468821749760
371700011769139200
371699243092049920
371698719395442688
371698596875632640
371691533302767616
371691359943806976
371669921522253825
371660765423747072
371658092272164864
371658059669856256
371657239226228736
371651655785541632
371635034492395520
371631028114563072
371630938750742528
371630690745729024
371630616384901120
371629586008014848
371629345783447552
371587620221878273
371587075826409472
371582224761507843
371581591090241536
371581246075187200
371581168296005632
371580896526094336
371580673389109249
371580202830151682
371579677187383296
371578978915479552
371578204462407680
371578038732865536
371577571860697089
371577499957731328
371577296798240769
371577215114158080
371577024545972224
371563989249298432
371562297384521728
371367832162156544
371365996491456512
371350464203595776
371348896217587712
371344450166853632
371344164899663873
371343630255927296
371343521992544257
371343446583148545
371343289682624512
371332015804542977
371331938180530176
371329453848150017
371329276567498752
371328461190615040
371328195485638656
371327821144018944
371327210889551872
371327001048543232
371326617504604160
371326203174473728
371323606245965824
371322746187173888
371322696065236992
371322416653271040
371317006370238464
371316947666731008
371316819077767168
371316521814867968
371316083291983872
371315878974857217
371315710963634176
371315394360782850
371304843698130946
371261027721428992
371222193117462528
371221463841251328
371221007538745344
371220702679953409
371219115899236353
371217999249694720
371217715576320001
371217417222909952
371216910169276416
371216728581107713
371216547173249024
371216243442716672
371215919101382656
371215565370576897
371214030053974016
371213835522158592
371213631737708544
371213329038991361
371213010460631040
371212723557642240
371212436369453056
371212166323372032
371211237796765697
371209485018071040
371208875103371264
371208593325846529
371208364358787072
371207990998622209
371207664660774912
371207447471329280
371207209260040192
371207044482600960
371206779117371392
371206523545862144
371206020481044480
371205811181088768
371205544100380673
371205248762642434
371204780166619136
371203702075301888
371203132421726208
371202572100452352
371202485186076673
371202221846704130
371201917315084289
371201495305162752
371201343408439297
371200598231633920
371200104201347072
371199873321693185
371199246013190145
371198864931295233
371198284087316480
371198216705814528
371198044701593600
371197507537100800
371197145677721600
371195860165488640
371195729919737856
371035130116063232
371034350680150016
371034128273002496
371033900362907649
371031853936828416
370994628423847936
370990421121695744
370981033531150336
370980041087520768
370887889766592512
370831639128981505
370822615918977024
370792809462124544
370662811560853504
370653992936042497
370652489684905984
370649719259009024
370643314191507456
370642707829751808
370642455617884160
370641976406052864
370640622602186752
370640002101035008
370604504653107201
370603543570698240
370603214443274240
370602257710350336
370601406874791936
370556874229555200
370527640215879680
370527490164658176
370523582914625536
370504271932182528
370461447475961856
370456145108152320
370297281964441600
370287405825527809
370286918623567872
370286705603272704
370286380901236736
370286220666241025
370285946602008576
370285743404777472
370285150984474625
370284612884656128
370283440496971776
370281518545244162
370281163803611136
370280367141695488
370279375205572608
370277981031501824
370276755502030848
370231120480456704
370230373089021952
370110551541964800
370098791325908992
370095659187470336
370073313697337344
370071838409625600
369947660100595712
369947417497837568
369915977326399489
369910749009051649
369908041468370944
369907430047883265
369899582681272320
369899321925591040
369898715823472640
369897958806151168
369882065715884032
369879695388844032
369879440647790592
369879011083943936
369875976509227008
369873413973999616
369873087439052800
369871854720516096
369789133830754304
369788617927176192
369574957757759488
369574506337402881
369574362468614144
369574214619389952
369568531136143360
369563313728135168
369557812948787200
369557703884288000
369557357451546624
369557229378469888
369555425186021376
369554068764508160
369551528551800833
369547219357036546
369543153197387776
369526400996233216
369524710062559232
369523767841939456
369523688745357313
369523360260030464
369518734446448640
369518643434229760
369518542783127552
369493882330812416
369491961347977216
369491355233292289
369491068468727808
369485055141228544
369484522746052608
369482542904131585
369465702018596864
369453420983230464
369444956793864192
369438053703495680
369436534032064512
369434123191857152
369429949427376128
369425780893167616
369425418291802112
369424779528265730
369423928080363520
369417816325517312
369416850032979968
369416211261431808
369413043181998080
369412719058767872
369391218527985664
369390228957450241
369389265668407297
369225730367844352
369225527413837827
369224852039024640
369224627572060160
369224514975977473
369223554371297284
369216103831990272
369215912886292480
369215441412956161
369215116031455232
369214627520843776
369211860525924352
369211301467545600
369180263815077888
369175979262218240
369175754325495808
369172805231071232
369169315754688512
369148316094713856
369138839400374272
369137438402150400
369076391976792066
369064103072915457
369061559638564864
369051322542088192
369050890004475904
369050514798833664
369049149154406401
369047181061128192
369046170451992578
369045605210800129
368878217811087360
368876785674375168
368876387286790144
368875557368258560
368875172024963072
368873382563291136
368835412975816705
368825899334242304
368819636252311553
368818465005907968
368816192380628995
368815822061330432
368812368194568192
368812263160832001
368811207387381761
368810585909370880
368808200058834945
368796757028663297
368790902254632960
368744816185597953
368744582970097664
368743647690645504
368742952014594049
368742526749913088
368742340824805377
368741155258642432
368735597780684801
368735360877993986
368734445680869376
368734045103853568
368733575614447616
368731820113657858
368729418383912962
368723194359726081
368719233271603200
368716386836971520
368715158572380160
368711877536145410
368710667840135168
368708823038435328
368708049042542594
368707501484568576
368706393206841345
368705455037505537
368704169856622594
368703429163503617
368703244320505856
368702529690800128
368693756947464194
368692647302402048
368682386508107776
368680735420342272
368679573275164672
368678821580394496
368677790293307393
368675651013734400
368620649255682049
368522694611853312
368514662683652096
368473386215030784
368466225414033408
368461606898110464
368433117457317889
368433063703089152
368432905326178304
368431019701329920
368430564384448512
368429028673601536
368428891909931008
368418748027637761
368412720057831424
368411028331429888
368406584764137472
368396888158240768
368383204954505217
368382909604175872
368332256823484416
368299887147749376
368293903499161600
368293225628323840
368292571308519427
368292229971849216
368292184560128000
368137287625752576
368136277746409473
368136161845211136
368135143161991170
368134938307985409
368134192082608128
368133796798799872
368133198078672896
368119264110075904
368115197258391552
368112905444524032
368110812855951360
368109919943155713
368079331949436930
368078647912968192
368078533060349953
368078292982583296
368078215446679552
368066075352907776
368061572767567872
368061153186160640
368060165175508992
368059712685608960
368058261846511617
368058042471837696
368057857301692416
368057773084250113
368024553370689536
368021964608512000
368021643446476800
368021376931995648
368021239459479552
368020686805426176
368020576553934848
368020276812185600
367967576300584960
367923190993264640
367922560568414208
367922285644374016
367902298191962112
367901000226844672
367900786753560576
367900493617840128
367900023960633344
367790084042801152
367789797987065856
367789495724560384
367707996589412352
367678628311879680
367678485273513984
367678186802663424
367649360102051840
367648822761357312
367563347757400064
367554227620831232
367552639732813824
367552439601627136
367551216790020096
367551047134625792
367550879207280640
367549800696541184
367398937181061120
367398643877556224
367398483588050945
367350264074084352
367338909048766464
367338724495204352
367333602943840256
367216262100680704
367215960144744448
367215587669602304
367215502281936896
366940955015786496
366932381732581378
366931532448923649
366927417056563200
366926702305226752
366922092924506112
366921443683999745
366916381209403392
366916090351202306
366915746548289536
366915470961545216
366909761234534400
366909588945117185
366908996394811394
366901332558352384
366900807158865925
366898246532087809
366894718635868160
366894450162679808
366893832337498114
366890326591410177
366890029974425602
366888035075366912
366887667218124800
366884066215211009
366883870920032257
366883493738856450
366882344436641792
366880867320213505
366879409346580481
366879327821901826
366879174448775168
366877591526850560
366874680117825536
366874321588723713
366874256220495872
366866223243329537
366862940315451392
366862808144543744
366836470964682752
366834310386417664
366822713437847552
366667938356400128
366666923917844480
366666562217848832
366665630516125696
366665302236344321
366664752476336128
366664577435451392
366664145887707138
366663788503638017
366663301175848961
366663052441030657
366662310791610369
366662068482482176
366661706652450816
366661086356844546
366659919245611010
366659769353764864
366659359205376000
366659041503621121
366658956581548032
366658415814115329
366658260763291649
366657489216872448
366657141022539777
366656855851810817
366656551127220227
366655937672511489
366655777328463875
366655513036996609
366655059569811456
366653578179391489
366653160514785280
366651226638647297
366651095281446912
366650874069647360
366650521030885378
366644561428234241
366642752852738049
366641986184286208
366640839436414978
366640496489136128
366640069949403137
366639912411344896
366639600665493504
366638796722282496
366636359961673728
366629679760818176
366628662214262784
366628493984923648
366628043470536704
366627882799337473
366627825370935296
366627539646562304
366627372075720704
366626523211513856
366625792345645058
366625556281831424
366625411783856128
366625159009935362
366624991049023489
366624746219122690
366624285189603329
366623793038368769
366623749606350849
366623666013872128
366623510677823489
366623333363625985
366623020372070402
366622696097849344
366622396096061440
366622361044267009
366621790828634112
366605033212616706
366560474092933123
366560279242358785
366560180009308161
366524929203642368
366481028807786496
366480936554078209
366480877074657280
366296303732404225
366259292518621184
366256404861952000
366254238449405953
366208312200527872
366193283812171776
366157604067610624
366153952334585856
366153490935980032
366145495170686976
366145269189971968
366136047253467136
366114672560193537
365955993986793474
365941892405407744
365941840869994496
365928404056416256
365913797283680257
365903302996660224
365893346998231041
365890912821325824
365890755044196354
365890542711734272
365889715964096513
365888204047519744
365887593725964288
365886881751252993
365777665619263489
365727997480804353
365591312596078593
365589941444542466
365566640294866944
365565773596459010
365565625172635649
365565372004446209
365564355540025346
365564206164082688
365563191243182081
365562138909097984
365559477124087810
365559001821347841
365558783134531585
365556084116688896
365555522092544000
365555163571830785
365554474216996867
365554275851571201
365553976105631745
365553830491996160
365553491093106689
365496180421050368
365365176276484096
365220949613756417
365220738900307968
365182493718085632
365163775449894912
365142856131809281
365110387407978496
365106190058930176
365104264030322691
365095860579086336
365095409665839104
365091864807882752
365091711917101056
365091443011891202
365088476087062528
365088274349850624
365087271633952768
365087135327858688
365086658154078209
365084883284008961
365084580107124736
365084378294001667
365082721330003970
365082344098512897
365081135191040001
365080748048384000
365080063554760706
365078321551249411
365077638974418946
365077382081687552
365077028602527744
365076582408261633
365075963245117440
365075636991172608
365074964107370496
365074093688627200
365073563209826304
365073484264644608
365072663548403712
365072567108788224
365072227714076672
365069356964655104
365008157770125312
364990811345137665
364844209150242816
364843742856880129
364842902930726913
364815400191537152
364806067143704576
364805757843152896
364805202940923904
364804674764800000
364804249772761088
364804010466754560
364803847979794432
364790840683540480
364789023086088193
364776192068423681
364772896192737280
364771155472678912
364769604867854337
364769465591799808
364769293503709190
364769211328897024
364724611558031360
364700096471891968
364699059698675713
364696571931131904
364693529391403008
364692213579530243
364691755339218947
364691319194521600
364685498301681664
364681561297264641
364673850748841984
364673472317755392
364672137228845056
364671837747154944
364671658549714944
364671382614843392
364670918435405824
364670163099987969
364669924989345793
364669615273553921
364668412967923712
364663835539406848
364638221931515904
364637515354873858
364636879599054848
364636646756454400
364636015555645442
364635136555368450
364634887543734273
364634213464543232
364631761164050433
364618224886751233
364490133367959552
364487112181448704
364486882320998400
364486022962626561
364483064992657408
364461112714354688
364453178185908224
364432678126632960
364432027883290624
364423135359021056
364404654677176320
364404399767957504
364374584076042240
364373469166710784
364373027326132224
364372762627813376
364372510252351488
364372020660023296
364371435482906624
364371153319497728
364370695716737025
364370382562009088
364350520921952256
364341894807306240
364303381739094016
364142629010673666
364142108233728000
364141500063416321
364141292755759104
364141048970629120
364137502304915456
364137078684413952
364136807140573184
364136368030482433
364136166091935744
364135900445290496
364135080631238656
364134780256137216
364133627820773376
364131658343391232
364131221749506048
364130857768206336
364130311309127680
364129801772498944
364129527267860480
364129100988157952
364128777720561664
364128039044939776
364127642376994816
364127059309637633
364126551874752512
364125953452421120
364125705116057600
364125071176392704
364100314439643136
364099779313139712
364099413658320896
364092275707490304
364087633976512512
364085606626119680
364085053359259649
364084721182978048
364084449136631808
364064914593165312
364047636602847232
364033308956434432
364032581861642240
364032358955360256
364015301182369793
364012006979801088
364011865619562496
364011353453117440
364010093211160576
364008192470032384
363998544828448769
363993652801974273
363991896194318336
363986253869363202
363985945814507520
363980619409551360
363962714923999232
363957986236325888
363957748741849088
363951907066626048
363951168491233280
363950859501043713
363949552979968000
363948692099055616
363948056103763968
363947759381921792
363944860753346560
363773105426022400
363745014465441793
363742826070548480
363742664774406144
363739005206003712
363728982610415617
363728097360609280
363721039383392256
363713159833849856
363709809453203456
363669187559821313
363660046468530177
363659878830989312
363654154364788737
363654052791328768
363653565635506176
363651452117331968
363651224559943680
363650575730085888
363632489916817408
363605728298147841
363603208448802816
363602612857221120
363597825067978752
363572453773434880
363571862673952768
363564955721031680
363564683477139456
363523822986604546
363423274375843841
363410810468855808
363364011922161664
363362990625525760
363341512773337093
363225599143182337
363220831540744192
363220672094273538
363198321525268480
363048833904676864
363035738901721088
363035271710769153
363035106706853888
363034348443799552
363034123465523201
363033331689979904
363033137342713857
363032946401222656
363032875723014144
363032541558611968
363032319579271168
363032216881729536
363031961096294400
363031723321212929
363031278997614592
363030872401780736
363030394989314048
363030283085295617
363030018777030659
363029755961933824
363028941801406465
363020795951316992
363020664061431808
363018831523872768
363018225786687488
363018116437000192
363017701586780160
363017574650359809
363015812602269696
363015628820463616
363015392215568384
363014814110461954
363014652529090560
363014492419919872
363014231567765505
363013956127817731
363013919054376960
363013572881694720
363013412604739584
363012781240356864
363012603548663808
362996763784785922
362976067696340993
362973025269850112
362972927676776450
362972782885212160
362972736957583360
362942724875358208
362918837886255105
362918737613041664
362918442870910976
362912293853478912
362910853802110976
362898545550303232
362684790606008320
362684709303631872
362684614386532352
362684415870107648
362683819830165504
362683355789144064
362682578802704384
362682120998621185
362680603704967169
362680553377501185
362673301518155779
362663531310628864
362619772271214592
362619573314387968
362619485468893187
362619382968492033
362619330472591360
362618184043466753
362617621776052225
362616990063542273
362616257335410688
362616184283217920
362616003009589248
362600842240593924
362600689056223234
362600542494658561
362597088023941122
362592161709043712
362590892110000128
362589879512735746
362589499638812674
362589004962598914
362587938518872066
362586354040836098
362585853593264129
362585771762388992
362585642779156481
362585178981412865
362585055496904706
362584501819424769
362583800296910848
362582924798857218
362582493725065216
362582043609137152
362581919705214977
362581424768954369
362580988649418752
362580727176503296
362579617476915201
362579229818372096
362578559807655941
362577851133865984
362576892139814912
362576645674106880
362568276259250176
362552421278420994
362551572619735042
362551364531929088
362551194834583553
362550672580812800
362550343030161408
362550114268622848
362549663775211522
362549364654223360
362549165923897344
362548741410000896
362548606995152896
362548570919940098
362543358314418176
362538126394134528
362536084091047937
362532621210763265
362531582545895424
362526557610328065
362524985606148097
362518820398694400
362518002865934337
362515434420969472
362515172360855552
362515077838012416
362514719837388801
362514323668606976
362480581977714688
362275602348253185
362275200034811905
362275040013717505
362274911353438208
362274634877509632
362274405071585281
362274099784974336
362273904301064192
362273843332648960
362273735736180736
362273337461846016
362272438387613696
362272248477908992
362272052259995648
362271850685923328
362271676987224064
362271457507688449
362271326314037250
362271107484631041
362270940899446784
362270847270002689
362270772611399680
362270611780800512
362270172884647936
362269971675480065
362269569915691009
362269300108705793
362268955093635074
362268227092488193
362268117222690816
362267759113019392
362267643266347009
362267126335160321
362258448118853635
362251757495140352
362226800534884352
362225082279530498
362219093320929282
362193057308868608
362192090559553540
362191585271758848
362191345462427648
362191024975642625
362190948257636353
362190681172738052
362190284907487232
362189863178616834
362189388882526209
362188627368869888
362188011234013184
362175988806860801
362175722770530305
362175385456214016
362165163270488065
362160547094990848
362152619063517185
362147337994371073
362146880467124226
362146468183818240
362142514007908352
362138245993201664
362137933509165056
362137810356015104
362137587785281536
362135872075874306
362133838320775168
362131672256364544
362095465338118144
361926177339867137
361925917615984642
361925453159735297
361924788723269632
361917200732401664
361916669821583361
361916405932769281
361890090156441601
361889452206997506
361889209721692161
361889125483290624
361888704165445635
361888448539398144
361887228194062336
361887021964333056
361886992113475584
361886944772366336
361885923346096128
361885187275108352
361884068276740096
361883944498630657
361882793501933570
361882560051150848
361864275343585280
361863363866804224
361860462415060993
361860121061634048
361824312702926849
361822390851862528
361821760359899136
361821241688068097
361819701149573121
361818752775503874
361818615084892160
361816083042275329
361815986522951680
361810922844590080
361806630435819521
361796648659202048
361787249400102913
361785631078232064
361782572604338176
361777283528261632
361777222983495680
361748533721829377
361748414351941632
361748356223074306
361748275876995072
361608675728695296
361607796711632896
361607283093929984
361488927258984448
361485238532190208
361470879105957888
361453179365359616
361452962641489920
361451408706371584
361435769526685696
361435249412022273
361434929889939457
361434715410014209
361430726182305792
361426737151746048
361425206906068992
361425143794368512
361423358224629761
361422487709421568
361422148859985920
361421832932429825
361240813621084161
361238857661956096
361238745254604802
361238165270446080
361237903436808194
361237655708639232
361237436174581761
361236684479795200
361234843666874368
361151047902838784
361150800212398081
361149252891705347
361143107171004417
361142744040751108
361140418492104704
361138141308006402
361123379606073344
361123112915443713
361122901438644227
361114786915811328
361113219185651712
361109815226933248
361101904220143616
361101790202175488
361100775549702144
361099573755781121
361099462715772929
361098457076875267
361098314269204481
361094381761069056
361085676801884161
361085344868864000
361082952781791232
361082816500465665
361078503787081728
361076542589251586
361073353810903040
361073172528902145
361073088542158848
361072846597931010
361072680629313536
361072592897060864
361072294224867330
361072224863653888
361072032479326208
361071915412099073
361071633013809152
361071426989592576
361048364021858305
361048021682749440
361047601040199680
361047192296882177
361028949247148035
360852521641721858
360822778775076864
360796494355365889
360796179212140544
360793792435077120
360528676414173185
360498002084892673
360497219566174208
360497021590839298
360496375173095424
360496103432531968
360495741132734464
360495407194845184
360494637149978624
360494001914249216
360489782125658113
360489443129425920
360470073510596608
360458324128448512
360457879096016896
360457438941544449
360457084455763968
360456740447322113
360456124996141056
360455711739748354
360455231278034945
360454844127002626
360454387463761920
360453985284538371
360453694627647488
360453534354915328
360453337914683393
360452798879506434
360452129015599104
360451658133667841
360451307892510720
360450894732603393
360450591425703936
360450214261301249
360449788006760450
360449514563313666
360449380282679297
360444513166180355
360443028386758657
360383580276408320
360378873399091200
360377620518551553
360376607032086530
360374638137704448
360374441307414528
360366238578388992
360363441174745089
360355108220973056
360348972436566017
360348437281128449
360347048672894976
360332510950998016
360332066996498432
360321134178217985
360317950546292737
360154063721078784
360150716033138688
360147861964468225
360136753325146112
360136494150729730
360129561108807683
360124801219694593
360124317519974401
360107193858654208
360007214775287809
360006690357264384
360006524933906432
360005636198645761
360004018505908226
360003527008993280
360003269281595393
359971423466438656
359970590012096513
359970456083775491
359970284654178304
359969925000998912
359969845607014400
359936453179998208
359792976639180801
359781918721572864
359761246813298688
359759954082676737
359758503314857984
359756465864572928
359755774480105472
359755044188471297
359752939746754562
359751602535530497
359751181033160704
359750862391881730
359747549122400256
359747299104133122
359743529364357120
359741659111620612
359740509452902402
359739568695672832
359738482605821952
359738294524850177
359738011199610880
359737774926077953
359734711301574656
359734145708072960
359733237611900929
359731876845465600
359731631801647105
359731489048494080
359731311461662721
359730621314109443
359728796376641537
359728412769779712
359727253040545792
359726337629499393
359725317872566274
359724704384290818
359724063020679168
359723850956685312
359721421301227520
359719630996119552
359718529303461888
359718286855905282
359717783459725313
359705928339173376
359705387802431491
359705278339481602
359703859410636801
359703746663550977
359696716439625728
359696443197497344
359696121796366337
359694948339171329
359692994577838080
359681636301938690
359664280519442432
359661413486182402
359661195722113024
359660897272205314
359660729785253888
359660192771747840
359659761207222272
359659399364616194
359659233689616387
359654787282776064
359642022400901121
359617741537280002
359617268856000513
359437082978033665
359414621842571265
359397505525489664
359396264938446849
359380143870980096
359371929347571713
359315485432619008
359297176351948801
359288158849990657
359287849759154176
