398166002070212608
398165212060450816
398161654405660672
398159440522014720
398158327420813312
398157939669598208
398153075263045632
398147382749036544
398146674725752832
398144173964263424
398142698692939776
398142343951290368
398140266923950081
398139902728368129
398138211706630144
398138201959059456
398137503188013056
398137062874185728
398131215284576256
398044474041204736
397802351966560256
397801070916677633
397800714409631745
397792918259658752
397792910680535040
397792247561084928
397789252412796929
397788620708667392
397769919229878272
397767017216090112
397766850328928256
397765563486707712
397760790650187776
397760316412792833
397758982485721088
397669792301477888
397669534389510144
397669322493276160
397668867922620416
397667628413882368
397666937922412544
397666268431396864
397665756982169600
397665135885418496
397454144543678464
397453872853417984
397450343891890176
397445071068758016
397444864616718336
397444564568768512
397438881496571904
397422904675012608
397421212886130688
397419342826336256
397418175400513536
397415673024225280
397415252725628928
397377581458399232
397347850306482176
397346995008188416
397341289546788864
397340558529949696
397340513395044352
397337248959836160
397336163146821632
397331747471638528
397331604924035072
397330860921602049
397329036554559489
397328212352856064
397327974221234176
397327631827623937
397326741624344576
397326486577111041
397039883887591424
397038584093761536
397002183537090560
396967811626844160
396967090735030273
396966907691433985
396965997984645120
396780062252752896
396772437435883520
396760138406981632
396759844734394368
396758746539778049
396757358128664576
396748598152794112
396734290329088000
396733726367182848
396733590220075008
396733118830628866
396733038560047104
396728948836806656
396727593774612480
396726172262088704
396723734490660865
396666366184656896
396661903445209088
396660823705526272
396633200887595008
396632999762350080
396632900474773504
396632470265028608
396619537723838464
396611885971537920
396609673807540224
396609607361376256
396609451119349760
396609367472361472
396604302367916032
396603625000407040
396603606197346304
396603585309732864
396603566460522496
396603464253702144
396603300742959104
396602967333560320
396602783715323904
396602659425509376
396593481717932032
396593320799244288
396593123872481280
396592894607638528
396592789594853376
396591009771323392
396590927239987200
396589283337052160
396588508598784000
396587725945831424
396587289847267328
396587000733904896
396586614216196096
396586438680408064
396585824193892352
396585779293851648
396585504038481920
396585270893875200
396584205054140416
396583411907039233
396582716382412800
396582533410086912
396582125962817536
396581949512642560
396581623686496256
396581538357587968
396581442177998849
396581200762245120
396580719130341376
396580331660509184
396579894198804480
396579661729525760
396579241128914944
396578537702187008
396578184927653888
396577280056889344
396576560566009857
396575774071091200
396575426010972161
395999117090226176
395946340985110528
395899746738782208
395898854367047680
395890303380365312
395890018524217345
395883925488566273
395883648811286528
395881757419241472
395878994081775616
395878296271220736
395876220036210688
395873432422080512
395871424025751552
395871138884362240
395870330184822784
395870103533002752
395868699582009344
395862486118699008
395835371361435648
395632741494300673
395626807992778752
395624834325291008
395624576371421184
395599087850225664
395598943381626880
395545694515499008
395530048624951296
395529692390096896
395529590275588096
395529546025668608
395529427188457472
395528955047854080
395522155724959745
395521316092395520
395521129722695680
395513639308124162
395513575198162944
395511046666199040
395510128965062657
395509285607989249
395508074351722496
395507467867914240
395506758283956224
395501228756836352
395500905174679552
395499915994222592
395496384377675776
395496248746475520
395495841949306880
395495452923408384
395495155866034177
395493954667692033
395493196639535104
395492709311741952
395492467963097088
395492212773228544
395492076684853248
395491773155250176
395490792015282176
395488851432833024
395488518425690112
395487869692674048
395487151225196544
395474581882167296
395311739853893632
395311298223046656
395310952532705281
395308712514297856
395307832746442752
395293870776655872
395293863046553600
395293551380430848
395284032503943168
395282106072698881
395271280779612160
395268658332987392
395267255531229184
395267137633538049
395252687488307200
395241669647671296
395241355448184833
395180399363891201
395176852794654720
395176666869555200
395175632008933377
395175334133645313
395170967309545472
395170857896529920
395169218427379712
395168990383054848
395166906036281344
395166430418984960
395151460888870912
395148499257262080
395148198530260992
395147755569815552
395146154637524992
395145992330567680
395133430385889280
395125423149178880
395124907992170496
395121679615426560
394964717112160256
394964334369337345
394951297889476608
394951161935302656
394924544307507200
394923634763890688
394917199501991936
394913991056560130
394913839969345536
394913345884532737
394910617036812288
394905269068513280
394904803081338881
394904070634627072
394877567599390720
394877486255054848
394871179007107072
394869447393288192
394868925663838208
394866942835953664
394866324390035456
394865898089381889
394865819483922432
394865097799389185
394864871789301760
394864792504385537
394864586224324608
394864486739623936
394864299174559744
394864111370375169
394863149650038784
394861736718651393
394860853780291584
394857947131412480
394619857293303808
394611406177599488
394607531190132737
394607404471427072
394606120309751808
394606034313961473
394604073552740353
394602523384111105
394601374367109121
394599778732216320
394598691186950144
394597827919499264
394597811825967104
394597737016336384
394595960044535808
394595737176403968
394594188475793410
394593997370318848
394593639948488705
394593067778707456
394592622779858944
394591501793382400
394588048022708225
394585181421436929
394584853795987456
394582840811462656
394581567428755456
394581168655302656
394580850891034624
394580583202185217
394580148332552192
394580075955621888
394578659903696896
394576083485745152
394571688891150336
394571099557883904
394569512349360129
394569391188492288
394569259780964352
394545127181787136
394544676856135680
394544561286291456
394544508538724352
394544296390848512
394544071664218113
394542257975873536
394541727983607808
394541245735124992
394541123634737152
394540683648040960
394540482271125504
394540422028337152
394539576951582720
394539143742898176
394537383993286656
394522992560336896
394522528795738112
394522134233767936
394521542350356480
394520577719144448
394518649840873472
394514836937506816
394505600119611393
394505267880415233
394504484371853312
394503575524892673
394502326977064960
394495136467795968
394487915725996033
394486765786234880
394486334485958656
394485730271313920
394485690597408768
394485357049548800
394484131889172480
394484036191928320
394483687875969024
394483585081946112
394482614117355520
394482601781899264
394482312735248384
394481602140454912
394480389118779392
394479690913947648
394479032731181056
394423714915581952
394422431273996288
394422409279057920
394418435461230593
394416536225857536
394416523886206976
394416218498932736
394414906767720448
394413269051785217
394413215717003264
394405184484679680
394403959756300289
394397244860157952
394391842877612032
394388941073555456
394135886428110848
394132875911917569
394130117406240768
394121731130261504
394120813903085568
394120322125160448
394118521451716608
394086855802908672
394064740781420545
394039081958924288
394038109996081152
394038039376564224
394037507853398016
393853550532771840
393836177960488960
393824465911812098
393824119277780992
393824087828881408
393823820592971776
393817589170065408
393817042245398528
393814905771798528
393812608299855873
393811259533328384
393811029270216704
393810212484034560
393809876067295234
393806017798344704
393805930850426880
393802561532489728
393802335321079808
393802229725282306
393786517211987968
393785078368591872
393782917652316160
393780081002172416
393775462553767936
393762281760522241
393761771032707072
393760627250167808
393760549575884800
393759157364748288
393757948142305280
393755702600417282
393753492973969408
393751459931897857
393751288305180672
393749647069810688
393749464898629633
393749105199304704
393748273640783872
393748247170535424
393747761369448448
393745296607703040
393744702547451904
393744106129997825
393743336009654272
393738251313639424
393733755938291712
393728890503696384
393727185850466304
393707783025328128
393706736139632640
393706514646847488
393705354426843136
393669325875597312
393668765466243072
393663337630040064
393663117579673600
393661751079624704
393660961288364032
393660769566724097
393660408634302464
393660247174553600
393660130392543232
393656682330722304
393656334216097792
393656221410283520
393652456896593920
393650343370043392
393650255910432769
393643313276145664
393639426162974720
393638520084267008
393636223488892928
393635670012751872
393628023909801984
393627197405429760
393626673159352320
393626501595537408
393625727603859456
393625061695184897
393612933936472064
393492984375025664
393431505261060096
393428503099490304
393427649873199105
393426967074070528
393426292529324032
393426078129090560
393425004945084416
393419645455040512
393418426275741697
393417697968390144
393417291070570497
393415205834612736
393409129605496832
393407624580190208
393404174165364737
393400401791569920
393394991747588096
393393227270991875
393387583335858176
393341353809416192
392977858878275586
392776566474035200
392775374553509889
392639448355454976
392632320521678849
392619300269600768
392618684860334080
392618294932680704
392617944909623296
392315638024503297
392223135065714688
392223117214769152
391600159026851841
391496695802249216
391489640282460160
391486364929503232
391477364473229312
391464356065837056
391345549691338752
391345024283471872
391344928586231808
391344881425473536
391344849829773312
391341390283931649
391328383579488256
391320398690000896
391318821740761088
391292536557686784
391292289559322625
391291595997577216
391291168644157440
391286355336380416
391285434833453056
391262372520030208
391262152839139328
391260686191714304
391260556365422592
391260306359717888
391260084598472704
391259756029313025
391259161880969216
391258540641628160
391258318289006593
391257516858159104
391257406761889792
391257200515371008
391256932620972032
391256497155764225
391255790486835200
391255680013062145
391254913487237120
391254700680810496
391254207069949952
391253876739158016
391252656721002497
391251978313281536
391251651329531904
391250301900316672
391249433238974465
391249207988076544
391249105013706752
391248103485227008
391228089617117184
391150267712167936
391149170784239616
391147903567556608
391147458195374080
391146763283075072
391110811781181440
391103062951342081
391100668360273920
391100456459841536
391098326747459584
390874490106036224
390871360450596864
390858980752646145
390858501276569600
390858332816551937
390858308602843136
390857458576797696
390857040018804736
390856296179572737
390855104745963521
390853935877353472
390853451347152897
390853023339393024
390852606526255104
390851922933989377
390850992235094016
390850814254002176
390850434325549056
390850052471934976
390849744421277696
390849466850635776
390845301508284416
390843073120718848
390842193155751936
390841409382928384
390840321447587840
390840297602953216
390455805021278209
390443723793784833
390067624459386880
390065813992259584
390065391470252032
390057504346210304
390056806137204736
389779818612805632
389779459471323136
389778638629261312
389778442008690688
389778262597312512
389777669224951808
387930851776147458
387930278892937218
387713981819129857
387615354098561024
387614577980354560
387614019882082305
387613814638010368
387613124091990017
387612839311310848
387612449475919872
387611743968456704
387611433438937088
387610307540955136
387570085155856384
387570047230955520
387241943174234112
387241481372987392
387220084093370368
386964317419368449
386762199915835392
386277334518886400
386240280489652224
386237107695796225
386162055566225408
386160808319012864
386158762203291648
386157057982103552
386154202348916736
386153731227934720
386153579041816576
386153547227987968
386153529679052800
386152488984150016
386151452894560256
386151036773494784
386150707612905472
386150364980187136
386149915023638528
386145828379049986
386145803586531328
386145657226268672
386145637672423424
386143593561620480
386142606893514752
386142605752672256
386142548387196928
386142511821234176
386142484767969280
386142470486380544
386142470331195392
386142307772547072
386141174425477120
386140865598869504
386140373565071361
386139439761985536
386138975100231680
386138497771646976
386137035293347840
386136453685972992
386135591836200960
386135499351818240
386135132509593600
386135122858504192
386134539086884864
386133112406937600
386132857070301184
386132561749356544
386132133322186752
386131705784172544
385916560499822592
385907640578342912
385901138828357632
385900162872508417
385887587128598528
385887198912208896
385886956531773440
385886143172345856
385881407278829568
385881365784559616
385880971490627584
385879696233496576
385857057813172224
385855879159250944
385853677325778944
385853135719497728
385852860967428096
385852564958621696
385852070513111040
385852037210312704
385851788345495552
385851327785742336
385850866907242496
385850155787763712
385845712732553216
385845541282017280
385844569654714368
385844464562241536
385844028966580224
385842916700475392
385840702103764992
385840018172174336
385834012205645824
385832870792953856
385832223234351104
385828402940620800
385828206206787584
385827310785814528
385817164319834112
385817033889550336
385816911852097536
385816433588174848
385815866077876224
385814930278334464
385814803610365952
385814244169883648
385811988666130432
385811474792591360
385810246721347584
385808751191932928
385808471394103296
385808125284327424
385805318774874112
385753734565089280
385697093278777344
385690148266336256
385662579177451520
385662288315052032
385662181830053888
385662122942029824
385661165076226048
385471562310500352
385470461217632256
385453241083113473
385452823204597761
385450958396080128
385447733450248192
385447122361143297
385446987556192256
385444288668401664
385444131725901824
385443884270354432
385442468394975232
385442018761383936
385441587120971776
385441416991617024
385438002698551298
385437680156565504
385437469011111936
385430949200015360
385426942586929153
385426540197990402
385424877861482496
385423394327777280
385422463875956736
385420373153828864
385419751784448000
385419282223742976
385418973397123072
385418759378567168
385416721039101952
385416571231154176
385416253386813440
385413721243545600
385412945364406273
385412283037650944
385399846422994944
385399740948828160
385398229145489408
385387203167145984
385386371474817024
385385841738387456
385385731000385536
385385598347116544
385385229915262976
385384577885552641
385383631864483840
385382718709960704
385382663756201984
385382434357121024
385381089507688448
385380077384773632
385379151278252032
385378407896186880
385377235882242048
385376660289515520
385373902031319040
385370467127033856
385369837910106112
385369157153615872
385368412857569280
385367424054599680
385367178410995712
385360850401640448
385360250268033024
385359446685540352
385358854055534592
385358482813501440
385358045053992960
385357419834249216
385356413481918465
385351109029933056
385350111343427584
385349525051039744
385349164823240704
385348902830243840
385347708149825536
385347117235310592
385345860516978688
385345337000722432
385343205799370752
385343039558131713
385342446928146432
385340302049181696
385338491116470272
385337657909600256
385337492423323649
385335378762534912
385334166541590528
385333458475941888
385332905977061376
385331980499685376
385331518589399040
385330953755041792
385330635889725441
385329836820279296
385185062679232512
385165956609482753
385165865400172544
385164252962881536
385159352203874304
385158546549391360
385158307788652544
385157447750782977
385156302911307776
385090691812311040
385083631892692993
385081706644254720
385081065502965760
385080839237017600
385079847237996544
385077286644756480
385077214150406144
385076735676788736
385065588307288064
385063829639802880
385063307046297600
385057090848694272
385048193765244928
385041850161434624
385041198420750336
384999929284136960
384991305363111936
384982722344939521
384982262078779392
384981630248837120
384981093923176448
384980679093936128
384979185133170688
384977897997758464
384977896768815104
384977324309221376
384962312228319232
384959836305502209
384747256194166784
384746245266235394
384731102545719297
384722311787855872
384722129083961344
384721887898894336
384720924400181249
384719926927585280
384719643233222656
384719411124645888
384712626305269761
384712449783775232
384709852511338496
384687280503660544
384685031668854784
384684918615576578
384682971716145152
384680940552744960
384664626887421952
384664124053291008
384663444773158912
384663291412627456
384662883273281536
384659843581489152
384659551083331585
384659145787736064
384654638789984256
384654379082842112
384653764596350976
384652244563795968
384651307338178560
384645626467983360
384645031057174528
384644886487916544
384644778824314880
384644274970968064
384643158380134400
384643011973758976
384642794364882944
384642479410413568
384642193652473856
384641538628018176
384640796827611136
384640612445978624
384640610348830720
384640195909648384
384639455724056576
384639056011087872
384638466908516352
384638232673386496
384638070425124864
384637631361216512
384637188992147456
384637138434002944
384637068342984704
384636859517009920
384636162343972864
384635141018365952
384634822565842944
384633493957115904
384632684557115392
384632320734814208
384632070687166464
384622390338400256
384621793010810880
384616340574994432
384614052972216320
384613376636116993
384579050892959744
384498663374200833
384438274414366720
384438195859238912
384438081476386817
384437931894915072
384437678365999104
384437519271854080
384436167745470464
384435427933179904
384435200035663872
384434205654257664
384432702172438528
384431803454726144
384427762284785664
384426866901549056
384426854620598272
384426165207068672
384423660746182656
384423493133414400
384423073547812864
384422905272365056
384422245344751617
384420808237789184
384407190150586370
384407068935225344
384405024224575488
384403626191355904
384381081849724928
384368073891131392
384361937297235968
384346407039418368
384338298887741440
384337667296468992
384337088394854400
384333071795105792
384327917519765505
384312278256201728
384303055610867712
384302796205740032
384301375280386048
384301065929498624
384300234459062272
384290241584308224
384290117172854784
384288557034381312
384287642395086848
384286880533323776
384286174548074496
384285155592269824
384284824179331072
384284363493769216
384268997887553536
384260948728745984
384260597749002240
384260142591537152
384259299989393408
384256716163932160
384256379747172352
384255924908457984
384254532999737344
384253962394013696
384239597603287040
384237836427612160
384092017720324096
384050163226263552
384050124437356544
384050120654086144
384050045425053696
384049119763103744
384048896970067969
384046287819407360
384046224699322368
384045769881571328
384045456361533440
384045286659989504
384045022007799808
384043953307549696
383997627706384384
383996634407116800
383996291795419136
383996080285052929
383996054557175808
383987185512239104
383984693189697536
383904125446266880
383874970923057152
383874574578122752
383570954234118144
383569889069633536
383569457173770241
383553946767622144
383552966730739712
383296468062593024
383286464177782784
383284229242912768
383284037403815936
383283751918522368
383280500577931264
383267572416004096
383265096455442433
383258702980988929
383248190725980160
383238750308171776
383234614774747136
383234023503695872
383233648625205248
383230587525681153
383229234631950336
383228911108513792
383227872749826048
383226702044082176
383226454672416768
383226236665069569
383225939532218368
383225622388293632
383223983644377088
383218060397920256
383217618003722240
383215446230843392
383193733900275712
383193627545325568
383193198778404864
383191998578302977
383191436138921984
383190918624706560
383190518601371648
383189768882126848
383182267558141952
383181640891400192
383181221448400896
383181076870746112
383180579082371072
383174429636694017
383172024673509376
383171587287310337
383171442135015424
383169585274699776
383169469654515712
383169321633316864
383169167844999168
383168623105560577
383168147429548032
383168014331691008
383167348238475264
383167018721361920
383162515737575424
383161395883175936
383160819493527552
383158830101970944
383156656903032832
383155399194841088
383153896551890944
383151574325153792
383001617836302336
383000571403599872
382945897325543424
382945834645848064
382943097459834880
382942870724173824
382941834399731712
382940983346081792
382940657452859392
382940651169775616
382940361296859136
382939784026791936
382939546825936896
382938514155122688
382938164018814976
382938071416975360
382937207394562048
382937051370627073
382936796151427072
382936781882408960
382936206742278144
382934420342063104
382934047455858688
382933697265016832
382933444772126720
382933040030154752
382931168821133312
382904035487260672
382895004660006912
382891580354744320
382890854597558272
382890680294850560
382884874371100672
382872196512612352
382867157161639936
382865934408744961
382865726312570880
382864355278467072
382863119220879360
382862465400586240
382862069504434177
382860025540390912
382858529033703424
382855794762739712
382855793953230848
382854706647027712
382854308305588224
382854099353366528
382853668254404609
382852418704531456
382852216417427456
382851971339649026
382851257842819072
382850153734217728
382849859302481920
382848474053898240
382847569233457152
382846962447708160
382846503016230912
382846416366092288
382844172379914241
382843252413845504
382840969840046080
382840918141042688
382837734811140096
382837515209945088
382837199605346304
382837030361006080
382836883140915200
382834603108872192
382833770359177216
382833623118139392
382833340531085312
382833199065604096
382832756419747840
382831024868048896
382830976717443072
382830838355730432
382827282248646657
382820961377988609
382820381616136193
382819579237380096
382819489420546048
382818977186983936
382818196035620864
382815544291766272
382812971061084160
382789538000928768
382789341984358400
382788363230904320
382787587553128448
382773082404179969
382765311516508160
382761834912419840
382631395140845568
382602647544803328
382587321704808448
382587260753149952
382587251970306048
382586675568078848
382586326513905666
382586022200344576
382585350918791168
382584928090992640
382574898260230145
382572997690683393
382559029190352896
382557473649197057
382557120807591936
382556821040660480
382556670943305728
382554857997348864
382552870606082049
382551637601943552
382550191603458048
382548072167120896
382547868282019840
382540419336523776
382540115534704640
382539578995138560
382538189724205056
382507069167128576
382505210712956928
382504866612248576
382504474390298625
382503588167434240
382503360861323264
382500677010071552
382495475796303873
382494320013893632
382494097111777280
382493624594079744
382493333102530560
382493100041830400
382492744503263232
382492268156170240
382491099895709696
382490823222648832
382490066566008832
382489881622372352
382489728601563136
382489526910074880
382489347553239040
382486061852532736
382482630966779904
382464417553973248
382463296630423552
382463216024313856
382463138660368384
382462264332529664
382460918023876608
382460279428481024
382459043430006784
382457993704382464
382457369084829696
382455903720837120
382425087498268672
382286158312775680
382245890481987585
382230044149821440
382229845096554496
382226544175104000
382216011455692800
382215931310927872
382215748393115648
382214896819388417
382206282792714240
382164744192675841
382127856203350016
382119370975358977
382118442520023040
382114410757902336
382113386903126016
382113017892458496
382112643970240512
382111291240108032
382110399518502912
382110323731615744
382109925360803840
382109326930108416
382108604876488704
382108069079298050
382106921429651456
382105235474616320
382104645096992768
382101649981857793
382090805805998080
382081685145137152
382080049391755264
381921514884718592
381921453828227072
381921340808527872
381921002089091072
381916099987902464
381912002899492864
381911162641981440
381910758386581504
381910720428113920
381910583312146432
381906077581062144
381905924270878721
381905688009916416
381905115210604544
381904073555206144
381903873226854400
381903183028973569
381902814513213440
381902237972586496
381901638405197824
381901560638623744
381901319889764352
381900571604951040
381899446218686465
381899164696985601
381899010115907584
381898972929196032
381893298233032704
381892896204812288
381892637621772288
381888886890565632
381888298278715392
381888218142367744
381840836335779840
381817376989544448
381735157868560384
381728712926171136
381724265378504704
381443833466482688
381443825627308032
381443413117120512
381177112314789888
381174089962242048
381172362970169345
381143187030806528
381142319116070912
381059053038075904
381052709551734784
380995393141882880
380993902767263744
380991308095324160
380990200920702976
380838376511135744
380838260786094080
380837318216921088
380837078927691776
380836095220805632
380829775902044160
380828302757199872
380716215695867904
380715283440467969
380709791699836928
380709633603956736
380706201828610048
380705909724696576
380705225524645888
380704677832429568
380696224648925184
380634070239412224
380633785874014209
380432028032045056
380430770025668609
380428496725872641
380426927204737024
380421014746046464
380415650461908992
380415066392526848
380414730109992961
380413560750620672
380413217400705024
380412512484990977
380412253054701568
380412007205572608
380411663025197056
380410267165016064
380409393764122624
380408406865350657
380407542951968769
380404459840765952
380404420678516737
380404143879643136
380403395779362816
380400093419290624
380399571572379648
380398230611427328
380398087266893824
380397653835911168
380395921974259712
380395046471995392
380392855719923712
380392680624492544
380392301400719360
380391543217344512
380391327206486016
380391210118307840
380391026877558784
380389080896638976
380387434774921216
380386902161240064
380384232180551680
380383719338823680
380383228265525248
380379631557562368
380362599910899712
380361725490757632
380359784262025216
380331042668027904
380330804402196480
380303125006938112
380284902371229696
380284781915033600
380284071441870848
380283189887266816
380282320517074944
380281583494004736
380281560433688576
380280992608813056
380280023976267776
380279731754913792
380279491748433920
380277946868826112
380275815948517376
380262985346060288
380260082959024128
380259413078315008
380259108076945408
380258763074461696
380258296512667649
380251086323736576
380250570025877504
380250175450914816
380249348409655296
380248944506593280
380248767574073344
380246462690770944
380246090219806720
380245419538010112
380245399824789504
380245295743111168
380245081233850368
380244129814691840
380244036742696960
380235543235547136
380078482707185664
379979247290679297
379978531960152064
379978203416121344
379968841478336512
379965130425237504
379958755196407808
379956752932147200
379956355861598209
379952822575697920
379952792645156864
379952368223543296
379951372680331264
379950927874359296
379607808062132225
379607458433343489
379350366347100160
379154737050185728
378503532590399488
378480599910346752
378092048219664384
377907173927686144
377878864690954240
377878693504638976
377877922046291968
377859946748338176
377857438768459777
377853144040239105
377850646223142912
377850598248681473
377836284934635520
377836062745579520
377835194327515136
377824528413769728
377712315439022080
377710566359703552
377488569159675904
377488230167642112
377487682525741056
377484507647311872
377473143440699393
377473056413073408
377472679512924160
377469784356831232
377469388624252929
377469312099184642
377469157773959168
377469053038002177
377468737181741057
377468576766390272
377468033956335616
377467493461524481
377466965948125184
377441401489080320
377414929252630528
377413941426941953
377411945693216768
377406077991923712
377406042709438464
377403684462010368
377401663453417473
377398488612757504
377395555573714944
377382736442695680
377376925268082688
377376416415092736
377374444475662336
377373194782769152
377372843191062528
377372512969326593
377370762782732288
377370351657054209
377358072085479424
377327018020712448
377326746728943616
377321233102413824
377320807728693248
377320616883683328
377202260058849280
377198371196653568
377195765414002688
377195241427972096
377139801687740416
377139070394056705
377137262141526016
377136720744943617
377136291822833664
377126393403809792
377125258525818880
377122061082050560
377106106528456706
377083106395566080
377060404331282432
377057875790921728
377057630382198784
377056937663545344
377021097189072896
377020804263079936
377020100542742528
377019189854482432
377018807195557888
377018166360420353
377018032323047424
377017474392555520
377017152080838656
377016584453509120
377016549154258944
377015661303959552
377015260047503360
377013891244388353
377013260979294208
377013102426206208
377012840991035392
377010461969252352
377004653340545024
377003544647565312
376718070548799488
376717821818187776
376716532744998913
376716521877536768
376716045522067457
376702219657424896
376701559654318081
376701481501880320
376700825361711104
376698010753044480
376696336680513536
376696004617437184
376695777936302080
376693833183932416
376693341888741377
376693261727191040
376692904053714944
376495976233844737
376405131862212608
376404441194594305
376402258298429440
376402094863171584
376398431897780224
376397391207075840
376396743682039809
376396144848699393
376370331726131200
376364813343264768
376353086065115136
376352408320094208
376352349578874881
376341115873820672
376340171991834624
376339942970232832
376339303418589184
376338765834637312
376333777477578752
376333626352623616
376333603812417536
376330067997380608
376327039454019584
376325576002256896
376324802711416832
376324029034266624
376323418930819072
376321093919055872
376320909982052352
376320741987610624
376317572909920256
376317262917275648
376317199696547840
376316851464466432
376316302484590592
376316178614194176
376314346756112384
375877325671632896
375710272939626496
375706970822807552
375691387301531649
375674943398502400
375585937348378624
375577618504249344
375576901601218560
375576296837111808
375575658514354177
375575517552214016
375575059244797952
375574833234731008
375573779218702336
375559507033993216
375554889675714561
375554173435379713
375553470616842240
375544560061255680
375543472725700608
375543128885039104
375543121888952320
375542005432324096
375539861983600640
375538872484388864
375538562504351744
375538407562559488
375538068696342528
375536819724894208
375536488978866177
375535001494106112
375534153888202752
375388093744152576
375387660699066368
375387140265619456
375386882471100416
375386403087335424
375386151110316033
375385848570994688
375385541870886912
375384522147500032
375383955740303360
375382330330054656
375381483051294720
375380810578526208
375379562005553152
375376593885364224
375376128569249793
375375938290479104
375375750226280448
375375175279448064
375373582924525569
375371496702902272
375204233739784192
375204198067212288
375203965274955776
375203712106762240
375185179117379584
375184328344764417
375183869093617664
375179274019696640
375178169898110976
375177279439388672
375175417000640512
375175003462832128
375012296638353408
375012119970074625
374956614685851648
374952643514609664
374951581051277312
374951561761665024
374951113851953152
374950026675773441
374936033596817409
374932045916815360
374927796294123520
374923826234408961
374915593885192193
374911815991697408
374911496759050240
374911229581856768
374910505129082880
374905814215327744
374904368195465216
374903939227209728
374903659815268352
374903263134760960
374902510253002752
374900218762125312
374899727181316096
374886170112843776
374872092141170688
374852391583367170
374851492651753472
374850904413208576
374831190261641216
374822256058572800
374821993352552448
374821725793710080
374821462416580608
374820971502653440
374820215148003328
374820087121055744
374819472391299072
374819092538331136
374663039146283009
374661627528110080
374660906086858752
374656383670833152
374646281425420288
374581718290006016
374576042402660353
374478143370690560
374470940622458881
373937049730301953
373843151418834944
373559593194225665
373559027806269441
373557018994671616
373556350582001664
373555973115609090
373554130402680832
373497808529395712
373497136090214401
373494916397428736
373493482360676352
373466154742079488
373446948117704705
373446084804108288
373442782267846656
373222391239151617
373210271479005184
373206112331649024
373057509701218304
373007015083528192
372981696985329664
372973204157259776
372813774165909504
372796560297717760
372789135712731136
372788139485843456
372723032747696130
372722913319067648
372717309049450497
372712829167882240
372711978479128576
372711701516656640
372711577377865728
372711086698799104
372705034062274560
372704695808454656
372704203061612544
372703907887460352
372703634322358272
372703144293462016
372702410005045248
372700829117345793
372669475805736960
372668812849446912
372663050781728768
372660539216101376
372431470692159488
372066962433916928
372045596544487425
372044945605271553
372044227469119488
371981561841078272
371902054891266048
371901607946231808
371658572566118400
371645128362188800
371590264303140864
371583626606956546
371581215008382976
371568271818235904
371563839814635520
371562419824635904
371562288039608320
371561399828619264
371561055262367744
371559292685398016
371540404870848512
371539134483279872
371538229327310848
371375766279553024
371367568143298560
371367369480101888
371366455398662144
371366154411188224
371365557628854272
371365384802541568
371364640183169024
371351550708711424
371324710866272256
371315639496880128
371314696642887682
371236610714914816
371228169569062912
371225999381651456
371225984785457152
371208704961814528
371207003148132353
371206995329949696
371009163956322304
371007221976809472
371004813481639936
371003790943870977
370955768717377536
370955597220683777
370954222012866560
370950898845229056
370947458932961280
370946673004265472
370881006930497536
370877009893003264
370547347904032768
370543508433952768
370520284539154432
370519105650302976
370499583493042176
370471045993873408
370470521378701312
370461462378336257
370435569341714432
370272571075596288
370272122104721408
370272082040725504
370271595241435136
370269330183057408
370268653809594368
370255445577187328
370230690836926464
370230646855454720
370230588441366528
370229882883944448
370229605564964865
370229155616792576
370225530131722240
370225348027633664
370225188304326656
370218273801244672
370217916912111616
370217915720941568
370217177800278016
370216782701015040
370216304281911296
370215950685315072
370118698377682945
370117213480812545
370114507181666304
370113853033832448
370108447175761920
370108295916572672
369955441201401856
369952863214379009
369900110517657601
369828773853941760
369828463961989120
369783762135314432
369783220440944640
369783080573480960
369782262986203136
369781122538164224
369780895253016576
369779183519805440
369777767124303872
369777597003341824
369770140012789760
369769279614619649
369767748303585280
369767391972319232
369763412970340352
369763018634457088
369761152718635009
369754931219415040
369754287712514048
369753862313627648
369751711646486528
369751171424354304
369748510490779648
369745867563352064
369528890873503744
369527245049581569
369476423511445504
369450258809782272
369450226907906048
369450184108802048
369449561535688705
369449211357454336
369412467002056704
369389612399345664
369389491477553152
369343526070652928
369221167959121922
369217244532047872
369216343255842816
369216240331816960
369204584553525249
369204169749454848
369203118992396288
369201803683835904
369201132075114497
369200817682653185
369200134745120768
369199853567361024
369188790575050752
369171996556656640
369114428329181184
369114365363892224
369089231022329856
369084684439154689
369081735121604609
369080589363990528
369078625993117697
369077446470934529
369076973898706944
369076773734318080
369076458637242368
369076374788530176
369076261638782976
369075573043101697
369071856914927616
369069150116663296
369068746432053248
369068664588603392
369066535601438720
369063226358521857
369061787947532288
369052984312737795
369052200573894656
369051894075109376
369051461235142656
369050846647947264
369048468829925377
369040618271436802
369037038185480192
369036648551424000
369036564363370497
369036118244605954
369035642400800768
369033377619275776
369032532257288193
369027352803553280
369023985667043328
369021144495435776
369019786228822018
369017182610395137
369016906767806464
369015675315945472
369015504360710144
369011082385321984
368719843739959296
368719043777142784
368719010029776896
368492537943568384
368491068758560768
368490886608748544
368490848658280448
368489087180627968
368408921960357888
368407926605893632
368407078681190400
368405575899836416
368086204400427008
368061618539986944
368056746507780096
367767508344143872
367740873553223680
367740627704094721
367740223796813824
367739649990885376
367739405865586688
367738183628640256
367731098765492225
367729065819918336
367703202147213312
367621937679568896
367617342001651712
367614509231636480
367577321949392896
367577163748610048
367576922852974592
367571466151550976
367570676636733440
367569433289842688
367569169769709568
367567128259330048
367565150456664064
367564495499309056
367564119958106112
367563989297139712
367562262456057856
367561929285730304
367561439521034240
367560584101130240
367559144313978880
367555900590264320
367549050977255424
367548820844204032
367546134543482880
367544539860701184
367544366539501568
367543733774192640
367542652373573632
367541604078600192
367540640126877696
367540236672589824
367539935592857600
367538718154162176
367537791057801216
367537464849989632
367535787627540480
367533691704467456
367533210823299072
367530898218319872
367528548745359360
367363963514015744
367361553592745984
367361064327213056
367360632372604928
367358374754942976
367357768476684288
367355556123930624
367055963905589248
367052529957605376
367049019937136640
367048399016562688
367047628166819840
367046316951875584
367045665328992256
367045008610062336
367044638495866880
367044524515672065
367043955948388352
367041373675204608
367041275125444608
367041177285328896
367040795461054464
367040701332070402
367033691501260800
367031585822216192
367031395409223680
367028254085242881
367026345320386562
367026238508261377
367025194197868544
367023276750823424
367019104789467136
367018569655005184
367017786234511360
367015680211972096
367014424277557248
367010678290132992
366974238588010497
366972981257318400
366971448302112768
366297260708999170
366113037821808641
365951536246960130
365946358764548096
365944732830019585
365942973243998208
365941318456840192
365913146868768769
365912572442062848
365908885171089408
365908271544016897
365903827817349120
365899349181464576
365898641933729792
365767370167422978
365751975956058112
365724096744525824
365560043711635457
365557955774517248
365557935977406466
365538805119332353
365536918974369793
365535506311823361
365530980485849088
365524197298024448
365522061399031810
365521777767612418
365521038186004481
365520370641534976
365519376276918273
365518899757858816
365518604617256960
365516636062625792
365512825449349121
365512106986061824
365511936324018176
365510298712551424
365509392881291265
365509112001343488
365507591528398848
365506691099406336
365505927727693824
365493479368957953
365492549483364352
365489582755688448
365422969444515841
365422351065677824
365237508520419328
365229328360931328
365185557585854464
365185328010625024
365182854596415488
365182545354178560
365182251950026752
365181901683703809
365181080015351808
365167822709989376
365160494501330944
365158075738505216
365155050832011264
365152843902103553
365152146947186689
365150384861364224
365148489048535041
365147177992994818
365146792750354433
365146019148734466
365145338417393664
365144817849741312
365144077823508480
365144005173985283
365142708840448000
365141656967725057
365141526189322241
365141522704265216
365140841930563584
365140612648927232
365140318271717378
365133669792776192
365107943521255425
365085498345136129
365085187811454976
365082290218483712
365067454172508160
365058803877683200
365057431329452032
365052791229661184
365052233898930176
365051295566020608
365050599315734529
365049662199169025
365048679276621825
365048269895774208
365045371711393794
365045063618793473
365044914439979009
365044468216365056
365044343918178305
365043905403695104
365043270184738816
365042932622966784
365042644621074433
365042532171780096
365042272414334977
364879090165088257
364878381227462656
364877121346609152
364830527414870017
364830078988857346
364829298781601792
364827344436862976
364826927791886337
364826720395743232
364826180970483714
364825424800395265
364818342135492608
364815615967895552
364815023698628608
364779919122767877
364725383700033537
364721644519960576
364720870100439041
364708287075188736
364691803892494336
364691399519645696
364689195895230464
364688695539937280
364688247730872320
364687704073580545
364450469063569408
364447836273778689
364447022654300161
364446784505909248
364444652864151552
364444318401953792
364443824447168513
364362397114703872
364315764561424384
364313786884571136
363242654412181504
363203306610753536
363201272113295360
363023788352765952
363023395648438272
363000300783038464
362998332001497088
362959861157347328
362915725976936448
362914719054569472
362912615065849857
362894560331964417
362894005303906304
362713753420173314
362642681127641088
362632982986625025
362626378568441856
362618419570425856
362615395158474752
362613279543140353
362613123133358081
362611276360331265
362609989749178372
362608409880690689
362606757312356352
362606301882236928
362589034716987394
362588990488055808
362582507339780097
362581426861907970
362531094274392065
362183939634372608
362183890707824641
362183611421700096
362180217084715009
362168375985725440
362163541198905345
362163323107680256
362163162893660161
362162063885352960
362161481330069504
362157133443235840
362129123990175745
362128349990092801
362125598895771648
362123414078636035
362123345849888768
362122515570634753
361420921707298817
361420771609952256
361187085064994816
361184218375651330
360732091199139841
360729660444794880
360492160761610242
360452598194655232
360433166483333120
360427105319784448
360426186272280578
360394543188815874
360394075112865793
360393519002697729
360393341147414528
360383243608014848
360381756093898752
360341429911953408
360327177293660160
360320843382935553
360318461462843392
360316912883859457
360316478936981504
360179141439524864
360123370483892226
360122236511858688
360121445851987968
360103968711507969
360103557380317185
360103365990031361
360090190297042946
360085378801221632
360083288502702083
360082989188784128
360080254355779584
360077979507900416
360077054449958912
360076862187241474
360076486436331522
360076162438922241
360075951624822785
360075831835508736
360075216283639808
360067439540711424
360066719638753283
360057045518516227
360047717868773376
360026253383827456
360023391945768962
359944962399404034
359788313009328129
359787151686242304
359786554127953920
359782422432329728
359782222502440961
359781449014050819
359780363213602816
359777538165325825
359761357828141057
359749569619312641
359748527737405443
359747576695758848
359746264780390400
359727050531155970
359724227882000386
359718521879535617
359718394930532352
359717690404909057
359716789510356993
359716458508464130
359715976398372864
359715647321669633
359713851610116096
359711298944106497
359710920907304962
359710116494323714
359710066544353281
359709749605969921
359709441127485441
359707359557332992
359705248450879489
359695241000914944
359692170464219136
359691710491656192
359690585956810754
359401533495967745
359399308480614401
359398830590021632
359398236433293314
359397425338781700
359396993770086400
359377881849671680
359372843949105152
359371218476351488
359359076880220160
359283453516201984
359283079690457088
359064680192417792
358275944001175552
358233409815982080
358229369539399683
358229013786923009
358141102676652032
358128868492075008
357928522486390784
357928424435761153
357904206113820672
357902620964294657
357902049700102144
357807581487562752
357807215056781312
357778597160841216
357606639739736064
357591585464528896
357578493049057281
357573502053785601
357572967963705344
357571884549816320
357571131793883136
357570847835303936
357568928262160384
357567977685647360
357562673711837184
357562435630534656
357559077670359040
357558602355056640
357557746700267521
357557592228233218
357556991071232000
357555098764840960
357553478517784576
357552632098865152
357551272229998595
357550457503227904
357549600145551360
357549223803232257
357548327702765570
357548241123938304
357547806518566912
357547275171549184
357546260716208129
357545899636948994
357545716543008768
357529279195660289
357522288968605696
357512213919043585
357511224482738177
357510230231367680
357509956385259522
357506792466563072
357505379174854658
357505101902012416
357504789669629952
357504544265093121
357445100818792450
357443492487766016
357440160759152640
357439274808913920
357438701686628353
357438282755354624
357437737902678016
357437382489931776
357436484107780098
357436055059824640
357435472550703104
357434728527306752
357434545328496640
357434137746997248
357433619461050369
357433203788746752
357432323655991296
357428684753367040
357427211290173441
357425878378090496
357424968126038016
357424532300111872
357419625476145152
357419426938753024
357418623788257280
357417931350622208
357405937440944128
357257701018968064
357257066731159552
357253539443113984
357253211805069313
357252755187961857
357252331718459392
357240959240638466
357215532296052736
357195604063031296
357061622830862336
356752838736621568
356434194899034112
356352591405383681
356347280095322114
356347277415165952
356347101241802752
356345265302671361
356344061671665664
356307141268742146
355313727094013952
355293947322580992
354858551707045888
354514644712435713
354510886033043457
354509961612640256
354509753130549250
354310925064486912
354218814633820160
354217754494115842
354216972948484096
354173550158020609
353970744671223808
353942742755311616
353942588711116800
353932249927913472
353928414249484290
353927621739941888
353926791024480257
353926242153664512
353925401552240640
353924763334361088
353923321676562432
353922251965468673
353921047172620289
353919108275904514
353917435474223105
353917217701761025
353914203628781568
353913204545556481
353909894493118464
353909001706147841
353899006298034178
353898289000755200
353897762548498434
353881427714117632
353880701826908161
353776371190874112
353305223860715520
353302566106435584
353300937214918656
353300143115735040
353222066075471872
353196876738199552
353195136437596160
353193784550510592
352795990882926592
352795610375651328
352769701677506562
352768294291374080
352767717117407234
352767602440933376
352766382993178625
352765997704417280
352765483122040832
352762663899635713
352760081626054657
352746701796290561
352745309132169218
352745203964190720
352744860417130497
352744406253699073
352744221649801216
352497289652207616
352497196605779968
352496942460305408
352495781837684736
352492091705786369
352486758417567745
352486558626095104
352486279713288192
352485646042013697
352476768063586305
352467543564369920
352467387825664000
352465755268329472
352462769112621059
352462099982725121
352367359534702596
352364383545991168
352363067583107073
352348513004314624
352119621714845697
352119013184249856
352113992690442242
352113827355164672
352113561771839489
352106486744358915
352106265058611200
352105825218732032
352105008055066624
352102926409400321
352004222272802816
352003605156466688
351837693551968258
351804157323264001
351790244938539008
351773450177748992
351767582942035968
351765652891111425
351735896707579905
351735473611350016
351732332417388544
351675840188252161
351675153744265216
351674243735498752
351671621901225987
351661522260471809
351660451882475520
351660101708427264
351657332452777984
351657006953795584
351656814489784320
351656618255085568
351631834884472832
351629467615121408
351276297391050752
351271742863446019
351267009016758272
351266329451438081
351265025563955200
351242961306128384
351095351278702593
351094583259701248
351094131017269249
351094049010233345
351093285999230976
350940200408584192
350939048161984512
350938661195493377
350936603931324418
350929815051829248
350913456649670657
350906252945129472
350905598147166208
350869850140311553
350681189209739264
350672961923055616
350670869976186880
350647673239515138
350364477797044224
350351803642150912
350351332256907264
350342148144635904
350340846547243009
350339208709287936
350338653970644993
350337783342170112
350333995592073218
350324151023697921
350323675586768896
350319121369542658
350319028067250177
350315633453441024
350313335255867394
350312917037617152
350312511452635136
350310296281300993
350308954657681408
350308587945488384
350299696390082561
350291778445914112
350290672143699968
350285640820203520
350284941638119425
350284458953428992
350284227213934593
350283961014038529
350245937848909824
350245080038260737
350244339554856960
350240407784931329
350240162812395521
350237232872960000
350236780584370176
350236531769880576
350235069539028992
350234934079787010
350234827741601793
350233678712020993
350233047997751297
350232463504715777
350229834967941120
350229530780246016
350229051014791169
350228854654255104
350228754368430080
350228429217607681
350227977264578561
350227000457314305
350226521983696896
350226396855025665
350226205917720577
350225843311755264
350225414595166208
350225138903547904
350224724992868352
350224702993739776
350205305247903744
350205091023814656
350193243121647616
350192923033346051
350190220962050048
350189553786683392
350189162009346048
350188471807270912
350186670932496384
350186508898148352
350185726912110594
350185478454116352
350185350179721216
350182652915118080
350182057122594817
350179559993384960
350178540119011328
350177827930382338
350170226563878912
350170216929558529
350162214835077120
350159747460243456
350159430882557953
350157953371865088
350154190212968448
350152683149201408
350152138745319424
350151977256222720
350008176571203585
349991746576453633
349921724533456896
349919127395246081
349918357857906688
349917332690309120
349904804132294657
349904749639901185
349899075811938304
349898419998953474
349897788697481218
349891812435046400
349882999292182529
349882721838956545
349882584269991936
349880851514916865
349879691638882304
349879038329896960
349878848076275713
349878418826989568
349877295802097665
349876931736510466
349876690803101697
349876304285405185
349876056540446720
349874666065764352
349874385626218496
349873485960593410
349873053058093056
349871942809034752
349871022159306753
349870324092895232
349870164705157121
349869808558419968
349869636629704704
349869319523532800
349868792635064320
349868544277757954
349868193843650560
349868003988488192
349867865870049281
349867703416258560
349867192281608196
349867069745016832
349866590390583297
349866294805409792
349865617806995456
349864905777741824
349864523743772673
349864042522882049
349863221735329792
349862351794737152
349862005689155585
349861899254501376
349861571838742528
349860715605131265
349860499128721408
349860409681002498
349860066691784706
349859700445151234
349858572236111872
349858248947531777
349858110392897538
349857887755051009
349857516089376768
349856199799357440
349855984795140099
349855812862230528
349854913758642177
349854263435984898
349853998624419840
349853862045302784
349818953423523841
349817113298468864
349816805059080192
349816537223409665
349816063409668096
349814408614125568
349774670259691520
349773545552887811
349772801755983872
349772229896187904
349771996583825408
349604160242581504
349603663607627776
349603484728954882
349601621677838336
349601158249189377
349600203499782145
349600134683820034
349600045529698304
349599522504192002
349597538308980737
349591001326817281
349590719452807170
349589321604546561
349589195037224961
349588967131328513
349588420093411330
349580203019878400
349561722811596800
349561575360827393
349554050531995650
349535757049921536
349535557161984000
349535335430103040
349530216693104640
349529520157626368
349491214623584256
349491136961839104
349489052136906752
349464897098227713
349460367870660608
349459914499948544
349232207539343361
349231973258108928
349112239673966592
349112130924060674
348912263433949184
348912182739738624
348909841911259136
348906433145876480
348905649129799681
348905267573948417
348903598731694080
348903102033829889
348902208621907969
348899855852253185
348886961647390721
348886759272226816
348876921926459393
348848473287835650
348848170689773570
348847608300703746
348847341949825026
348846105544503296
348845771703062528
348845364851376132
348844338652004352
348844275536117760
348843962129334272
348843899961360385
348843665508155392
348842320730394624
348842251012677634
348841146195255296
348780221530505217
348776791948795906
348776685061156865
348776425354051585
348775454263619584
348774479251513344
348774306672680960
348774109682995201
348773686779715584
348771943912206336
348745712076476416
348744189028204545
348731088790765569
348730688352157696
348498376020615168
348497956674084864
348497613395476480
348465682192678912
348440170518962177
348439925911339009
348437619740377092
348434908194156544
348423164340088832
348422310161678337
348410623434035202
348409198666711040
348407250337017857
348397256896032768
348396292675878912
348395898168020992
348394975244976128
348394625393893376
348393354352017408
348389742611668992
348059302411517952
348059069984161793
348058272210747392
348040742779895808
348019431823249408
348017672560193536
348017481258000384
348016833992986624
348015471720812544
348013512641089536
348013390528126978
348013088726978563
348012651303010305
348012418905030656
348011804129112064
348010956045041664
348010354770604033
348009780381626370
348009048911777794
348008583633461248
348007329813372929
348007044835598337
348006119563747328
348004893275082752
348004596125409281
348004018871754752
348002913609715713
348002223302770688
348001566730620928
348000370213130240
347998759877214208
347819549766348800
347814240188514305
347814140846407681
347810355260583936
347810124989100032
347739181369409536
347736476303372288
347735097350451200
347734667593662464
347734265334751232
347714206092627968
347714080821362688
347714064719441921
347703858186833920
347703713747587072
347702566999691264
347643903236767746
347627299958554624
347626327978950656
347625145831129088
347624598046662657
347612826904449024
347605422733160448
347604558819753984
347464159694295040
347464141524582400
347463054524547072
347447518864478208
347447226752188416
347446943460499457
347446633388195842
347423687886114816
347422778544230400
347422589016215552
347316659427610624
347252582017810434
346976818592620544
346967988387336192
346963565191782402
346784155369082880
346602561442308096
346566019072020480
346563666977648641
346560654607540224
346538548326957057
346398781153083393
346395608044683264
346394853065773057
346394473988755456
346394272003661824
346391408128708608
346343252808564736
345633072680677377
345613464754061313
345612779790663680
345234492589481985
345219487143960577
345216987414294529
345216708417560576
345210969225576449
345210149255921664
345206726364127232
345188552289689601
345106094525399040
345104172762423296
345103745861963776
345103441095434242
345102977473843200
345099913648017409
345099499095588865
345099049457840128
345097996364562432
345096760391249921
345094774887428096
345094083129245696
345090999195926528
345088398031212545
345087033536049152
345083149434355714
345083029158494209
345082300347858945
345081743973416960
344940781750067200
344935594234871808
344890781020069888
344890207524507648
344877613308837888
344868930617233408
344868519734829057
344784355715080192
344784032971767808
344783867548418049
344783672853016576
344782809552023552
344781734585450497
344781460844183552
344755178941059073
344752282296000513
344523630606180353
344523169148854272
344522652947447809
344522285526437890
344522079372189698
344521720876638209
344521582099701760
344506044963229700
344504935154601984
344504132742299648
344489995568021506
344465874650005504
344452023552471041
344451347871039489
344450398586814465
344449883404644355
344402764333477888
344402583605100545
344402410787184640
344402230859923456
344401547297452033
344400428420710400
344162684868104192
344162163176390657
344161267923173376
344161082253914112
344160562776788992
344154116844552192
344146449270992896
344076162613530624
344062515304595456
344062030476623872
344059580923400193
344058557337067520
344057576595529728
344057516143017984
344055013183725568
344052183001600000
344050346617868288
344050173170810880
344049590896562176
344041887352639488
344041660386263041
344033716106035200
344030653576261634
344025321835732992
343146613105098753
343145094125334528
343144678767595520
343132924176109568
343113251560759296
343093132323332096
343093040434520064
343090952182853632
342982371152367618
342972080322654209
342970660718526464
342916132623228930
342776574229225472
342775953572904960
342775458707959808
342774371259142144
342772915084881921
342772578114486272
342771568994287616
342771216345604096
342770571416854529
342769962760421376
342767667016499200
342761297911373825
342758602131509249
342758496485384193
342755445812912128
342711634415976449
342711440932732929
342711208467628033
342707941826232320
342614691027238912
342584440884703232
342209991391969280
342209047220592640
341894639751671808
341480769455276032
341479926047838208
341479466066931713
341293417843806208
341206248898834434
340374427315367936
340373917896167424
340164275828060160
340161275483017216
340160920598757377
340125638713298944
340116389262135296
340105674216329218
340070970071068675
340070273036472321
340065984993968129
340065547880366080
340062541927550976
339782937337802752
339644584198021120
339509271513411586
339508951496392704
339278949790146561
338366183201968128
338361105678209024
338258899352297472
338064929842155520
338063372803272706
338063070226153472
338059143967555585
338056414964625408
338055504251191296
338055247597551616
338054341841793024
338051716694020097
338050999874879488
338050908556509185
337976904835547136
337972937317576704
337961285696237568
337935127634124800
337933798077513728
337878766133080064
337877540498710530
337877332054376448
337875548904755200
337874536571756544
337873858289860608
337871979292012544
337869105593978880
337868228191727616
337867913367269376
337866161586855936
337865945341100032
337865022837497856
337864102166802432
337843163463036928
337839852370399232
337556292442918913
337555875050958849
337554666202206208
337545288485056512
337524710298484736
337471550901075968
337279478457827329
337276685017821184
337274436099125250
337264749421137921
337249014464512002
337229714987048960
337218592858841091
337218505797677057
337218289329643524
337217822696558596
337216481098088449
337216057288835073
337214937850060802
337214552322224128
337207272650440705
337206700539006976
337187927954190336
337187646919028736
337185308544217088
337184343426473984
337183248209805312
337177988489695232
337177749821198336
337177141865234433
337176789774393345
337171604863844353
337169250055761920
337168276025114625
337166999559995392
337166728415023105
337166266349539328
337165576717873152
337165350934282240
337164910570135553
337164273979621376
337164013051985921
337163676517793793
337163176850370563
337162815586586625
337162611114246144
337162498853720065
337162422257340416
337162202127671296
337162160721510400
337161669304266752
336880042472771586
336867161337380864
336866634893512704
336865317227737089
336864142151528449
336858322911244289
336853104383361024
336853029703786496
336852899353214976
336852233708789760
336851938677235713
336851656950038528
336851428264013824
336605474252283904
336599629615472640
336591000971653120
336590670997356544
336559068116303872
336551631711780866
336551228064538624
336549637936795648
336548195503058945
336548108223795200
336546952638513154
336543202150604800
336534175702204416
336513971194560512
336512977056444417
336508558743072768
336506983098249217
336505862610878464
336505748190277632
336502925146849281
336501300160253952
336498997613187072
