398171108257845249
398171068911058944
398171035369234432
398074882191536128
398072707163885568
398067711093121024
398061818448326656
398049810642518016
398048136800641024
398038039919726592
398037751062605824
397736055308173312
397735999024812033
397735928682123264
397704650306387968
397704505162088448
397699457934192640
397698318001635328
397648176964186112
397449799970353152
397444021288566784
397441923876528128
397339545529643008
397339392559161344
397324412602834944
397313285072375808
397312034104430592
397098670560391168
397098049245569024
397037893916844033
397011576638951425
397009753521807360
397009526232457216
397000682815119360
396965616554225664
396724029044051968
396647392080318464
396573362291748864
396554363809693696
396250460442857474
396235533610795008
396233610782449664
396228046073921536
396226604063404032
396225751684378624
396221635826442241
396219475810586624
396005523755393024
395998260873424896
395892479712436224
395889264447483904
395879598900011008
395870055050661889
395869970271191041
395869899064504320
395869010589282304
395868909154213888
395864970216230912
395863897564909568
395858193969971200
395856970240249856
395855382599327744
395847730376871936
395806792904892416
395804876212428800
395803763589787648
395614095476785152
395599336480194560
395534727534637056
395530521918590976
395527498449952768
395525688632942592
395522854545932289
395520559645073408
395515705426460672
395505864045391872
395502471176392704
395501703849472000
395500316084686848
395499618672197632
395489645716205568
395444976672604160
395444172813250560
395439159885955072
395439104542138368
395436395650883584
395434392635863040
395304247400857600
395161721024692224
395161227594584064
395160147003461632
395159254015160320
395134107283636224
395134036727050240
395131202979364864
394867191000342528
394804023275950080
394802885294174208
394801043457839104
394789450737131520
394784528818274304
394781543433908226
394778207276507136
394778160702554112
394769501444923394
393853993153495040
393850357153296384
393829935925579776
393829759182192640
393829323641073665
393699759094906880
393683476106321920
393673886832656385
393668965911625728
393668873997647872
393667859076759552
393664399703289856
393614912058314753
393614823831109632
393492612256374784
393487703154909185
393487515774353408
393487423755542529
393487308324089856
393486941469298688
393486773701316608
393481318233022464
393469282178576384
393445913827745792
393445777034739712
393445675079573504
393445599909269504
393445552173903873
393445500420382721
393445389124521984
393445347311517696
393445285466472448
393445246102937600
393442540621672448
393441260926545920
393440701205069824
393332757449166849
393332471242031104
393322315275972608
393321404327661568
393321280256360448
393318607662632960
393313522941042689
393310494976512000
393309244537061377
393124647077969920
393049696924864512
392977749406515200
392966936406925313
392966578049789952
392959839842099200
392959196812939265
392958881019994112
392957449445314560
392952054186246144
392951972019851264
392948786500087808
392944354991828992
392940906732875777
392920673028681728
392741040773693440
392740827489140736
392739443301703681
392612652272201728
392604811134521344
392600331344814080
392600172552671232
392600046899720193
392598850835214337
392596470727475200
392595798384721920
392592331943051264
392590214348021760
392586213330128896
392586154077216769
392581382221754368
392581326764638209
392533790431928320
392249821127393280
392237707696803840
392237660431220736
392234886443962368
392234591244648448
392228008045465600
392219613733195777
392158103862804480
392030886587547648
392030744971083776
392030404813008896
391924083040206848
391859941407219712
391812113372442624
391808867706740737
391808744943648768
391807815955652608
391639244768555008
391449596054237184
391195923461570560
391175384211148800
391162381830602752
391161316305416194
391158736720371712
391150258614304768
391147466323525632
391146804378484736
391146599901970432
391140091487219712
391136032084594688
391132782275334144
391132357815975936
391131068624953344
391130767603937280
391128932507869184
391128175536640000
390942005674921985
390818295299207168
390804875010777088
390800542483501057
390799050653454337
390794336709136384
390794233483108352
390788217727119360
390778406738337792
390765766381150208
390765641969721344
390765525191491584
390765428601286656
390746851500384256
390566387066097664
390565672725798912
390450698959466496
390432120206016512
390413289781334017
390413089138413568
390406601150316544
390080405681893377
390079571082481664
390064012865454080
390059958873501696
390059632078516224
390059251902976000
390051813530951680
390047306717732865
390042293132341249
390019397689282560
389856310411681792
389786304156016641
389716659650719744
389701540178427904
389701421831954432
389697719284932608
389696126216990720
389689851118764032
389688267899031552
389678462811639808
389507210780635137
389371184397422592
389283224507383808
389042361642532864
388947140841861122
388947054636322816
388758238122213376
388625826675032064
388615729953509377
388611308607660032
388610027680169984
388604364345982977
388593699564703744
388591664836530176
388585151506432000
388544880248885248
388544251271081984
388406670277505024
388394314755477504
388388242892275712
388373340525961216
388269804807016448
388263831371530241
388260176681504768
388258776996139008
388247596403556352
388238914269360128
388237930033987586
388236482701709312
388232610104631296
388228480946544640
388226963338297344
388214858950647808
388029239158534144
387899434191036416
387892964673875968
387890860999725056
387883246383816704
387881865417216000
387873721840447488
387812311173693440
387653091132465152
387541413690224640
387540318188752896
387515271314812928
387515168952827904
387504764893683712
387249391306031104
387181329495756801
387179126857015297
387166056311029760
387165114102972416
387140751731085312
387095415000006656
386838792109580288
386774526929158144
386598799545995264
386587704810819585
386582789916995584
386579279993372672
386555386041729024
386463434373861376
386462553112842240
386458712959107072
386457197821329409
386431175512039425
386103114082041856
386088550027911168
386086308889628672
386069815192195072
386066107452231680
386064120463642625
386051672218542080
386048186454122497
386046070482288640
386026999174926336
386005678386843648
385875788819865600
385873380739928064
385873338390024192
385866351195459584
385851435755532288
385845622861217792
385792611346550786
385789817310941184
385764043396743169
385727095537532928
385724741979365376
385712257042481152
385709207367864320
385701341307621376
385680060381794304
385674051567747073
385511392205615104
385480259119759361
385480052671922176
385343485101867008
385343145157742592
385329506023919616
385324126111817728
385323529815597056
385323343991566336
385322823897874432
385322730251644928
385132035461095425
385127389078245376
385125830680403968
385123851463823361
385122168499355648
385120974590738432
385120543592448000
385120049566347264
385118749072031744
384995514199982080
384987057254191105
384986127305678848
384984336853766145
384984137846644736
384976693179338752
384971968027443200
384962487688261632
384961137973796865
384649546548400128
384647520623669248
384644453039742976
384638312041816064
384624634978516992
384623664823414784
384620514938867712
384618793940439040
384611355342286848
384193347021443072
384193295670603777
384187492636696576
383831155566321664
383681324705648640
383654591398936576
383633645979725825
383633350092931072
383632775003529216
383632324178763776
383624049295101952
383580139843751936
383557480233459712
383552960573100032
383552242000740352
383551926471651328
383547959465349121
383541717581848577
383536660480131072
383535433503617025
383535372216463360
383533248590008320
383533052925722624
383521493709103105
383271943136227328
383194211530452992
383192512552132608
383181445079900160
383178449570897920
383178164479877120
383178113313558528
383142694488662016
383138386711547905
383137552619679744
382831847190708224
382827295372615680
382827143312338945
382826894866927617
382823703790120960
382821630734397441
382817592605294592
382816146983886848
382816013105901568
382809420968624128
382803409033646080
382796612696670208
382794290927120384
382793675375247360
382793598489485312
382789047342465024
382788605879803904
382772214481031168
382539200224313344
382484724632915968
382467420293562368
382459022902702080
382456459910332418
382456163461120001
382453737811214336
382451561168777216
382449758809255936
382441196955521025
382436372998406144
382433504077684736
382433404102275072
382106674984517632
382106425171787777
382105980613324801
382105644829913088
382102635102208000
382102479363534848
382102446484373504
382102177231024128
382101349925543937
382100656229584896
382100271565795328
382099610442821632
382099409804091392
382099084728737792
382097837648920577
382092213720584192
382089186808848384
382087533229637632
382085311066406912
382084167992758272
382083797165953024
382083345259048961
382080535549321217
382078705939410945
382073877393727488
382073720019230720
382073254061436928
382064148118790144
382062831614824448
382062715835281408
382061748666511360
382061422416789504
382060856143781888
381879152129089536
381879054955479040
381876019332145153
381875919977459712
381875628855005184
381826181471170560
381503098415771648
381501979899723776
381500538535542784
381294221308997632
381291947148976128
381291897735897088
381288083620368384
381050636525395969
381048151509336064
381046875429695489
381036145368256512
381035453602074624
381035227969093632
381031662588424192
381020806043545600
381020692042358784
381018399041544192
381018044719308800
381017795925774336
381016365865263104
381005203958288385
381004000876695553
381003550349742081
381002748591738880
380993897536561152
380990322555101184
380986233121304576
380970477004812288
380969464130719744
380968187455868928
380934258837446656
380933633952870400
380777361190682625
380715256349093888
380714610456002560
380665011422916609
380659217759096833
380650645918711808
380650603564642304
380650549068046336
380646088589336576
380642891414003712
380640981898383360
380627180310368256
380623235521318912
380619593481334784
380574229583761408
380443785395990528
380442320895614976
380430979867095040
380424499709353984
380418072424632321
380288548215062528
380286434684317697
380272606852575232
380260799433826304
380259611355254784
380250663369728000
380248839845715968
380247142650368000
379932886050156544
379931469054869504
379924358417752064
379916939759742976
379916884688515072
379916773459374080
379916322781405184
379910963161341953
379893770033967104
379579838123626496
379567446597726210
379561984686972930
379556232714940416
379554900398448641
379544396678459392
379543846519980032
379539687230017537
379539000958017536
379538544131198976
379514981328633856
379514248784666624
378595883572424704
378573905113661440
378573600833691648
378572579491299328
378522722181332992
378522511098798080
378478992958828544
378477764170379264
378475735456837632
378475414106021888
378471884553084928
378460052165648385
378458557923872768
378458531080335360
378456263534714881
378257043716440064
378256971561832448
378256900812320768
378246799150292993
378234745869434881
378234687849648128
378234545759191040
378234440432242688
378211750094450688
378210166526578688
378185600035090433
378180328239931392
378180176397762560
378176014746001409
378170727267966976
378125310019256320
378115282985701376
378102833821659136
378099130427375617
378098061550952448
378094942930743296
378069358763069440
378067815049076736
378064766419615744
377903903024881664
377878511228551168
377846368116965377
377842613426331648
377813721969881088
377758035512680448
377753173345439744
377713387188523008
377524161281019904
377524099012370432
377496955695276032
377496852695760896
377381731864948736
377371783051374593
377350990489341952
377348909393510401
377348247188017152
377122842279964672
377090172523122689
377045072657022976
377044865202548737
377042445856301057
377042390323691522
376979372898787328
376975605272961024
376957135306776577
376261118844747776
376258567205957632
376257743222751232
376257606756466688
376230675579686912
376021118039384064
376005505530871809
375978602421948417
375956343007764481
375937645840711680
375937599166492672
375937532753883136
375936774927048704
375930135372787712
375898149963194368
375890940625301504
375655509828714496
375592288224698368
375592170394509312
375543324557717504
375521601913368576
375354312420900864
375332408297410560
375331474188537856
375293046549905408
375213426114842624
375190078806839296
375165351602188288
374955073476231168
374929250593153024
374923557026820096
374908546040598528
374902233583730688
374895892123234305
374778004150710272
374777976187285504
374777949964488704
374777844846436353
374620366515474432
374440994923479040
374430596627312640
374245924195016704
374245821879169025
374237904253747201
374222300985307137
374066630759682048
373919667468763136
373898344076029952
373895619561021440
373878074242134016
373678977950683136
373678544934948864
373531376978763776
373486933869359104
373431847327248385
373412226910019585
373200539775143936
373190424309297152
373188369876275200
373181558116843520
373171211985244160
373170535162998784
373159187750322176
373093915613614080
373059090362011648
373023201116569600
373000236479696896
372984004414562304
372983041914068992
372982746043645952
372982165380018176
372982083352014848
372982057116659712
372981809627553792
372834127193841664
372833155331268608
372819195915812865
372812389915185152
372811928856297472
372625668162330624
372622328871407616
372440661653745664
372434499185152000
372434169588383745
372433968794439680
372388808542928896
372364885449277440
372364589855678464
372298633103675392
372250798207795200
372090197061939200
372080535625297921
372080277524594688
372073499059556352
372072638283546624
371955323776425984
371954918619234304
371954565806952448
371912539204231168
371910953967054848
371910916776132608
371910889748037632
371910863797907457
371910845452025856
371910765600841728
371910714987790336
371899138058637312
371591369728352256
371267725110566912
371263717364625409
371247481549373440
371217623662727168
370990077838516224
370885803397754881
370852830116347904
370822965044072448
370806093800165376
370637570343849984
370583120602734592
370525660285898752
370462073152868352
370267862637625344
370161949373644800
370161884412256256
370161640236679168
370160762863382528
369897939214561280
369848510079696896
369845070351958016
369844480997732352
369544080784510976
369381676058558464
369381230518624259
369177252686090240
369176551339745280
369074704876728321
368999627820773376
368764547173085184
368677429532844032
368640736175984640
368636511668817921
368434061276356608
368372428701196288
368263782734110721
368054342223286273
367734621406236672
367733366021697536
367727547850964992
367532005128671232
367372705450184704
367370132303003648
367298775540187136
367290732681248769
367266264978563072
367233957076545536
367231095592345600
367219831096893440
367037282806943744
367037266113216512
367037029575852032
367036819193339907
367036327704797185
367003361624612864
366981757154770944
366956718049083392
366951657382223876
366831655316488192
366828717042966529
366635293333397505
366627264256946178
366554205562994688
366549271761256449
366544216685412354
366499204803215360
366479480342065152
366462166993350657
366452368772063232
366321768861925376
366321455849418752
366321107202101248
366208607454388224
365958871317102593
365957955641819136
365838634592632833
365812212419403777
365724713873465344
365724099386961920
365557065424453632
365541506427269120
365358647758446592
365186838601797633
364708883597496320
364705570739077122
364634963196383234
364391877421694977
363569401246662658
362597974339092481
362534147828367360
362533778628952064
362533514052255747
362498484710027264
362498265574424578
362497539846578176
361937958808461312
361391746262892545
361391567572959232
361053708710203392
361051114226991104
361050873146769408
360838067046711296
360836700139814913
360818543006195712
360817906679939075
360314654003703809
360126287832043520
360108404947156992
360043561254785024
359926452147322880
359628653962866689
358642606613340160
358641775079989249
358126744449978368
358123620976951296
358123018138030080
357808871571595264
357808488329646080
357162350819823616
356880411462344704
356869901316661248
356828021459668992
355938328345976833
355775995606859776
355775871296090113
355775812450009089
355753069922877441
355679109076107264
355678281871265793
355678153148071936
355678058604269571
355677708983861248
355637829960859650
355377733100007424
355348659040313344
355070560264392704
355067438691385344
355066731988918272
355031147526369281
354853748427862016
354709989518090241
354709238871900160
354707750032384002
354707308762263552
354706131848933376
354705944199966720
354704732977238019
354703881348980736
354342381304307712
354341457089409024
354340570505818112
354340028555599872
354339188587524096
354309508673183744
354264997297258496
354158758454247424
353629758199832576
353627085446725632
353625917802815488
353597168701034496
353578802384891904
353424174410235904
353422974247911424
353214434082164737
352886984919904256
352845009529212929
352684250845282304
352544438708477953
352539185107832832
352526743128645632
352524103883833346
352071487580168192
352058842831519744
351779512742195201
351776043155210240
351719063749271552
351718722815266817
351607138499559424
350890831751819264
350708433323954177
350505993601417216
350359194471370752
350359132118847488
350308058540417026
350293327628877825
350293055481450497
350292831639838721
350292764405141507
350292293443534848
350279289171750912
350203560807501825
350150868181590016
349915733926477826
349915518771281921
349914557730390017
349903908543533056
349899586346819584
349899568965615622
349898498042376192
349894715094753280
349835396189917185
349835309384601600
349830943235780610
349793661598433280
349791513334661120
349620852180000770
349618574383517696
349542345982750720
349542099684831232
349534843664744450
349525554359304192
349524649455009792
349515260551643136
349475452508844035
349475397261463553
349475311576039424
349475269096120320
349475172870389761
349473694403411970
349473581727617024
349473489318707200
349472970424594432
349472605205577728
349472521843769346
349472483839197184
349472418848444416
349472323889405952
349470426449211392
349152890742534144
349137771509739520
349131966181941250
349121993142042627
349119670567178241
349119423338135553
349056216401596416
348782245848436736
348724453804474368
348723569687162880
348723293907464192
348722862988881920
348528434370191361
348173380329033729
348173187080654848
348173054230274049
348172731503738881
348172175427108865
348170609424998400
347975287130181632
347974671192432641
347798059507384320
347777197483884544
347409285979975682
347291097229312000
347032574096441344
346956648667025410
346918024739180544
346904480425578496
346896320541372417
346892130742046720
346535983757553665
346535791230590977
346535707973648384
346535568584355841
346530680219512832
346210772554219520
346202114495766528
346165286837309440
346162393304408065
346161297261473794
346159282338803712
346158624021827584
346158012953669632
346023866931486720
346022450045280257
346018314256003072
346005554352762881
346005493719908353
345998957245243392
345988711164547073
345987351723532288
345985981570224128
345985148426272769
345984003934941184
345983855838236672
345983662921236481
345981909416951808
345973827064430592
345972937414828033
345843309480128512
345836753107701760
345833569307987969
345831175702581249
345579222191968257
345578790354837504
345212282743173120
345161751517597696
345135765082222592
345108125478686720
345065319162839040
344908064459198465
344907963493912577
344896016425836544
344798163728732162
344796047593312257
344708158939348992
344707700950708224
344707154743283712
344706743164612608
344484824024760320
344484250470461440
344483376847261698
344352017747169280
344195719357411328
344192215934988288
343820221028646914
343819737618325506
343819711512985600
343731845969629185
343719427021357056
343719294540070913
343704106566819840
343678762350682112
343678135788777472
343678085759115266
343674943055204353
343500086476697600
343497523803074560
343496515316228096
343490572322996225
343395526487732224
343295415384420352
343290679612547072
343054601290924032
342727594183102465
342725671442857984
342714636241620992
342689966255652866
342688720970977280
342688404720467969
342687598550056960
342379124612022273
342378533194186752
342378278834806786
342355808362827777
342355731774836737
342355333399855104
342239563772727297
342229947072540672
342025493261991937
342010048194682881
341967452483239936
341966779062575105
341912510049419266
341912333565702147
341865823633293312
341865545316057088
341572953563086850
341225637299773441
341100475455774720
341100375769755651
341099639677788160
340921472052756480
340522786231554048
340494701687881729
340493822398185473
340490037194018816
340391565702864896
340389266276360193
339685919831506944
339684418610405376
339662329937555456
339660944324042752
339477688601432065
339476033688449025
339475411673182208
339444703806234624
338754572745052160
338738139189366784
338683291827859456
338402782627385344
338389972958728192
338389227018526720
338349683707609088
338322973847089152
338017038859657216
337991339868311552
337991243026022402
337978446313566208
337928523169796096
337921705861328896
337919708089159680
337918829755764737
337918577279660032
337903956447596544
337873151247675392
337873082117152768
337873026953666560
337872998734385153
337872868782247936
337872834783240196
337851459079127040
337846781142515712
337846743645446144
337844924814852096
337844660099772417
337844370453700608
337643347281842176
337611919244537856
337611551802535937
337599839183458304
337597749287591938
337239390717878273
337238898054938624
337235251191484419
337234394634940416
337232818549714944
336955123974692864
336707310292439040
336706675354521600
336582985111461888
336582445094809600
336356817280065536
336356655740645376
336353271780364288
336339210883715072
336337486114607104
336146377165910016
336139871007686657
336012172633206785
336011678405758976
336011310313644032
335985576949977089
335964812079165441
335963963827310592
335573799992950784
335459568027054081
334755649072279552
334678704292786177
334553771948507136
334550448327495680
334327765748809730
334142383073665024
334122792410816514
334037983848198144
334035127145476096
334034715298381826
334034409185505280
334033978975715328
334033025321033729
334002303520632832
333634834301849600
333276578173829121
332546004849139712
332545458620743681
332075604667158528
332070757528125440
332023494701355008
331884571585036288
331473741013975040
331473111906127873
331472721814904832
331472581184077825
331472445112455168
331326462697304065
331318251848101888
331003283219030016
330675924624343040
330604202487328769
330601374867935232
330596628299935744
330593480860631040
330420444761055232
330419802894114819
330045233192648705
330044581137764352
330044187451981824
330043944278827008
330043618926678016
330018035442262016
330017847822671872
330017444993318913
329930515174019073
329924937659871232
329876235872247809
329552341462306816
329552141809246208
329525221184897024
328972979281211393
328972891880296448
328969839064543232
328924110426091520
328905359324508160
328533975117217793
328442471421980673
328440557988892673
328247506196652033
328225997445013504
328220281879543808
328212757558226944
327761937905627136
327760707435261952
327759033236852737
327758768962154498
327758559368597504
327758502443511808
327741552325697536
327488844083642368
327390098851241984
327159075899064321
327151594342846464
327074080840884224
327073943536152576
327073685661966337
327073434955821056
327073270979510272
327072818334420992
327072542022070274
327072335255437312
327072281585147904
327069521372405760
327061322959290369
327050375695847424
327042101281959936
326961793094266880
326791287799939073
326786561544970240
326677518612561921
326414755709460480
326374673715695616
326276689711751168
325574086833078272
325573778925043713
325573466357108736
325573199972683776
325572443701932033
325572307026313216
325291805442732032
325266159152812033
325265349220114433
325264266355687425
325264212316266499
325264088756264961
325263981461778433
325263784606302209
325263717681987584
325259017712713730
325258614820462593
325258247420387328
325257865583534080
325257792648802306
325257538725629952
325257347071090689
325256829208760321
325256066340356096
325255781492592640
324982900128894977
324889736361680896
324885918924288000
324885485933715457
324885421513379840
324885325283487744
324884439417094145
324630679910506496
324213391684153344
324184694885347329
324184397970554880
324183696448036864
324183073338032130
323856315338338304
323856209188904960
323847558495600640
323727911096029184
323348230001786880
323347645793968128
322826835543072769
322760041981702144
322754448290111490
322674424350384129
322674352619413504
322669735877689345
322669559591088128
322395003789930496
322394933313036288
322394874462736384
322392679981920256
322329664020418560
322309834726834176
322016510279315456
322016208088072192
322000204230430720
321998918269431808
321998700337561602
321661331470168064
321660951462027264
321633446432739329
321002716916772864
320861152609439744
320641112744263680
320274235639615488
320226404161695744
320154537790943232
320154323092901889
320144343014969345
320127475160068096
319927037483704320
319878144003817475
319878085715562496
319878022364819457
319863415382355970
319863096808206336
319373254928236544
319371302123216896
319369676067045376
319369518449307648
319175024026202112
319085277807267841
319083897386323968
318466333278863360
318466008228716544
318465400272715777
318363221423697921
318360466340581377
318359689542897665
318358636122476544
318358200669859841
318357790596931587
318309884905000960
318094726131765248
318062257479229440
318061118436290560
318061065453850624
318060981827825664
318052078054424576
318033284586147841
317761127230603264
317739345018765313
317738482057490434
317721330374041600
317719024786108417
317717945876897792
317691921910878209
317562040870924290
317325521652420608
317325085339955200
317219098532671490
316949994538143744
316949281028337665
316949207682535424
316910711739670529
316295263465664512
316278978946138114
316263840989978624
315928105795604481
315917465660030976
315780319737425920
315565625160392704
315565505534627840
315562382455885825
315558346868551680
315558101375938560
315179198396387328
315178798515617792
315145488838045696
315121640352645120
315118138222075905
315036836718329857
314730537354928128
314730444371394562
314729233190637569
314728925299347456
314727078316630017
314704622033960960
314664764854915072
314493718289862657
314489972717654019
314487733429100544
314486814876499969
314485540839882753
314341452614340608
314341217531985920
314341125819363328
314333549052432384
314105452248039424
314086867840667649
314050320156225537
313690233680048128
313684754564259840
313387637236985857
313385348510130177
312971695151542272
312940436224360448
312912381707706369
312909368926535680
312907324215939072
312888316880097281
312677126539190272
312676946603560960
312658727981416448
312648908243337216
312646005457821696
312505140915621888
312499209020530688
312497325991944193
312492255334236160
312491896247312385
312318566068264960
312308738826596352
312306590143365121
312295881267359745
312295035666309120
312293678821568512
312293476115030016
312252526865043458
312252322644361216
312252170697334784
312252059556671488
312223670821072896
311924754749743105
311829258693640192
311827129971122177
311826720137302016
311825654553382912
311778140710109184
311777128444198914
311777058017648640
311776904652943360
311776424916836352
311776271279464449
311775996636434432
311775633770418176
311774219677605889
311213718539218945
311123467338653696
311068076370194432
311066253219479553
310833852224520192
310833403614347264
310757669617168384
310698292642213888
310697640570540032
310696738077933568
310696724442267649
310696554149343232
310676984562847744
310676695478853632
310676553984008192
310671454716981248
310671031956275200
310670877018697728
310486837703630848
310373197545607168
310116504890920961
310015735453843456
310015425738063872
310002728661299200
310002278130135040
309744583439421440
309742375960444928
309742254409531392
309669704404971520
309420984396550144
309370075754934274
309331779339292673
309331629174841344
309330096815235074
309208751607529472
309161688010194945
309156043223609344
308953146749755394
308908050838867968
308906682036154368
308585543875321857
308535287229849600
308378636497608705
308295477252722688
308291437257179138
308280789756416001
307602253693468672
307588857627549696
307449616708820992
307445539396521985
307438511068413952
307438287683993600
307434652262617088
307432259210858496
307413532364906496
307140742831276033
307136419346907136
307093853670871041
306870846868320256
306870435566460928
306463277200838656
306092129627803648
305876483975544834
305866667450322944
305774600359399424
305451548970987520
305233353542610944
304492215240122368
303846457100881920
303825137713688576
303789309755002880
303604999152345088
303600201292189696
303599956843974658
303522828433625088
303522691263107073
303458529463914496
303457188658159616
303428793975070721
303270477948940289
303270388295667713
303269437203681280
303268899431002112
303070892580278272
303069166091501568
302895506898694144
302895328250695680
302895242242293762
302888443049029632
302863737277276160
302863590669549568
302820574915338241
302819915537215488
302373207925735427
302331963824537600
302132019788402688
302131957733658624
302127294623920128
302046771515887616
302046735864324097
302003140977377280
302000956562870275
301376630998302722
301376489696415744
301376337996836864
301376038657744897
301358017390206976
301320699132383232
300977217658294273
300704075840901120
300702302107492352
300658657367052288
300653214993358849
300557222075830272
300360037098995712
300358378771865600
300357932023951361
300357189107843073
300356914192191488
300346313910939648
300318160723247104
300317165922435074
300312281508634625
300307473145946112
300307389285023744
299975688058982402
299891193041522689
299885499512918016
299884105431134208
299880174063845376
299510541808967681
299510526491385857
299436168410460160
299140421878181890
298858548526473216
298782769402757121
298782697575301121
298782642491518976
298782516788224002
298780697357848576
298765746341830658
298765361279537152
298764361906925568
298147870027169793
298146437395525633
298136684405616641
298111189047734273
297324626051211265
297092838661971968
297092630070849537
297092370212728832
297092230215258112
297084521898201089
297011027810332672
297010783164977152
296713797526233088
296703665241206784
296701475315384321
296700171595677696
296296904743067649
296257901432029186
296256306178838530
296256195549863936
296254161815732224
296253682075447298
296253531206328320
296252661261533184
295976136628895744
295893210109190144
295893148855590912
295892936586059776
295870339651608576
295815813397639168
295814554422743040
295806945649123328
295586496151445504
295576499841540097
295576252956422145
295279756587458560
295180418393702401
294783583460147200
294727986735874048
294718020075544576
294541348198051840
294526300029321217
294484648296333312
294370557921734656
294368206385205249
294364594447712256
294364440034439169
294359296844632065
294359128019726336
294355838733271040
294181574050717697
294171891416043520
294170489176346624
294169700437458945
294154249590431744
294034135842975744
294033668731703296
293797066784780288
293698365512904704
293695480234389504
292758031366758401
292757000864014336
292756034886447104
292375640315936768
292282405925052416
292280106293014529
292279813706760194
292244038650843137
292241072623611904
292008406166933504
292007826375720961
292007760374157312
292004727795900416
292004397414748160
292004368100765696
292003834040045569
292003160187346945
292002794439843840
292001737135489025
291299734600155136
291262048627744769
291228117316538368
291221771644964864
291185106834579456
290534255614894082
289810769611214848
289791318916489216
289715639977918464
289678286366326784
289286456587997184
289277944306745344
289277685702733824
289114534977871872
289114410247663618
289096415991459840
289087208760164352
289086618210537472
289077280830025728
288364541274902528
288364327512207361
288364225821278209
288363899798056960
288012693972062209
287681995440549888
287681801726619649
287681545681117184
287558730428600320
287558541336788992
286592510074171392
286586719128670211
286586567760437251
286584346180202496
286577911165751296
286206556020809728
286192011164409856
286130277879791618
286130062837813249
285903465090269184
285827026231910401
285826362709774337
285818440772624385
285736536304136192
283575078514470913
283574641996480512
283501134239371264
283500760170385408
283500686652624897
283500606855999489
283500522776973313
283500468427173889
283230433876008960
283229903070060546
283228909150015489
283228724902649857
283203116353089536
283196162566156288
283195388180176897
283195162191089664
283193006155247617
283192345074225153
283192166958919681
283190622129618944
283186450302918656
283185794603163648
283185472212197377
283185336383836161
283184595392942080
283183537346199553
283182649529475072
283179614677921792
283179057552695297
283174774455287811
283172111734947841
283169291757559808
283162570167287808
283161196629196800
283151353356890112
283149951284936704
283148934162046977
283148878881124353
283148728846655489
283148681199378432
283148512890327040
283147839146704896
283147693663072256
283147377517408256
283147155059924992
283146357626245120
283146112129433600
283144531061387264
283142535193452545
283141246640345090
283140430521053184
282487436381134848
282395181838376960
282244103389986816
282244019105431552
282243895100854273
282241323275268096
282235726291165186
282233211281629184
282101914106228736
282091228483436544
282073558736318464
282071656543948800
282068118380093441
282068076814557184
282068028382916608
282065547225600000
281842068144402432
281834549103718400
281736987881398273
281727566283407360
281717422686347264
281712536821301248
281712219396382721
281688285435289600
281436881156190210
281436669629038592
281436560061255680
281436446856970242
281436321212428288
281436212600922114
281436017167302656
281374654680162304
281362435884077056
281340123126312961
281339282516488192
281149781374562305
281014146051477504
281012722387283971
281005855325945859
281003169016840193
281001246217891840
280999619704541184
280995022852198400
280990310220300288
280989696123875328
280982762620608512
280750904494399490
280719597857013760
280665380660322304
280653268315693056
280642864042622977
280640121441775616
280639917619568640
280638563366891521
280636776249454592
280630449099902976
280629653696286720
280629292604477441
280628367793987584
280627995612426241
280626689225138176
280625542926065664
280625465960591361
280623295341137920
280415804204384257
280415559726809088
280408837570306048
280388316099141633
280388234339565569
280387766016176128
280253913997930496
280026928184979458
279692737085837312
279692486857871361
279628640294166528
279598069262192641
279597923837308929
279597782661230593
279597182041067520
279596932521918466
279596837554503683
279596747427295232
279596545341550592
279596424436523008
279596250293223424
279596007040364545
279595858775908353
279595648511275009
279595282335932416
279595167688826880
279594951694761984
279594922200424449
279594749747421184
279594339418656770
279594214646480896
279593992595845121
279593910010011648
279593847158349826
279593729747218433
279593481167585280
279593350397562880
279593226283933696
279593089218252800
279592820568887297
279592601546543105
279592482453467136
279592331546595328
279592049592918016
279591533999710208
279591401300312065
279591124333629440
279591024232386563
279590907303579649
279590701514227712
279590324328861696
279589918781628416
279589706277203968
279589511128825856
279589280064618499
279589051919650816
279588997339176961
279588790400589825
279588546061426688
279588280792645635
279588079176646656
279587787114692608
279587727014498304
279587399724572672
279587230547333122
279586915399897088
279586657345363968
279582095108620288
279564306243256321
279562834457817088
279556229582426112
279550798969597952
279543495675490304
279542439574908928
279540958125772800
279532707489411072
279532644339970048
279531515182993408
279531376083087361
279530111068426240
279522100086190080
279326035634425856
279301386364129280
279204822555717632
279202419991248896
279202288151691266
279199208265900032
279192739671838720
279192670105128960
279191533339676673
279190417268957185
279181857134886913
279179183370944512
279178428790497280
279177330012868609
279175440751542273
279168739201667072
279168174384099328
279164916638830594
279155596664643584
278910490548240385
278873845107138561
278855002271936513
278854914233491456
278840093156970496
278833460074909697
278833034994782208
278812549829513217
278803891666173952
278802240020545536
278801936340369409
278768114836070400
278628802559623168
278438485495525376
278154695430795265
277829938403483649
277829718848450560
277829701039423489
277826615801704453
277826364210565120
277512811695972352
277512731752546305
277482568687951872
277345023933157376
277344376160677888
277145910293696512
276786507275182080
276783518745493506
276780813725622272
276780647354355712
276780292650450948
276780097116192768
276779916970827776
276779879863828481
276779425570369536
276779120795459584
276710718445862912
276710351683334144
276671467868008448
276614866226257920
276613941831028738
276598568150781952
276304826919440384
276303550370426881
276291222384021504
276285793369194496
276280621972721664
276265044763881472
276256841544130560
276252293039525888
275872975142674432
275676545908105216
275674931130417152
275582579611168768
275581881297297408
275580747467857920
275571873885069312
275565657536462850
275562332665561089
275554284656009216
275551523608621056
275546674380812288
275545533618221056
275535897401905153
275535594736742400
275532357946179584
275527277033435136
275358478900555777
275003577397829632
275003468643717120
275003335587811330
275003191307943937
274614586987118593
274582010629062656
274580218574946304
274579733910528001
274579532042878977
274579281475158017
274579101342396416
274578566920949760
274578334887845889
274578133565440001
274559192570925056
274494309158494209
274493877585596416
274492916494372864
274491566490529792
274491435783430144
274490918315380737
274490682050240512
274478003042533377
274475160428494848
274475102761013248
274472766001008640
274467224511733761
274457051432902657
274454997335416832
274452003776774144
274449849133432832
274428529779806208
274428375169392641
274427991235366913
274189230371110912
274186000509583360
274131982634610688
274130812583153664
274130564368441344
274129814670176256
274127132656013312
274117276918247425
274117169091063808
274116358822821888
274115653022130177
274115202612604928
274114735488782336
274112698680229888
274093813318946816
273909739505725441
273909718026711040
273909525013209088
273909423418777600
273900177692168192
273897719427379200
273865232009535489
273864620756828160
273765257325998080
273750258973020160
273750208251318272
273749204927655936
273748998509187072
273742901731811329
273740806878273536
273728333487935488
273544056200654849
273521515792830464
273450821688127491
273450634294992896
273400809159548928
273400780407590912
273400606016802816
273398593023516672
273385884823470081
273384766672355328
273372788230852608
273371422708084736
273370006924959744
273367201006882816
273147217865490432
273146922200600577
273097616391299072
273048878926925824
273044222167355392
273042179696500736
273023900324077569
273019024860917760
273017525023948800
273017201928331264
273015861948858368
273004438879367168
272845747517521923
272841151013351424
272840945022672897
272380089952514048
272278604019294208
272271572851646464
272037432990519296
272021999923122178
272021988174856192
272013678382034944
272013617501728768
272011427257126912
272011068195352576
272010914558001152
272010777282613248
272010399237423105
272009463857303552
272009232923103232
272009173275922432
272008161962110977
272008110024056832
272006690042417152
271957189088907264
271956968539832320
271955769430269952
271953882110906369
271945270126858240
271932689978884096
271932521460162560
271922570763309057
271921448669560832
271917208630874112
271640530218283008
271591770314403840
271591106507067392
271587198363639808
271579752551297024
271577479171407872
271573444003520512
271566581379780609
271566160493936642
271565118624641024
271564034707427329
271562390678675456
271560736919134208
271559975229333504
271558561706934272
271555096255533058
271554682994978816
271537386993876992
271393103481556992
271393009357172736
271392456531144704
271392435614134272
271392145385082881
271391774331785216
271390603835736065
271376281592004610
271254233687404544
271232996311453696
271226615177039872
271223351803002880
271220591514763264
271219135256592385
271211151902261249
271209347781124096
271206985217736704
271206735514062848
271205985157267456
271205683502911489
271203022024081408
271196839292829696
271186760980107264
271186161265942528
271186090319282176
271185041982377984
271182879835422720
271182745261182976
271180925138784256
271180438159126529
270865985735626754
270846056609247232
270838217023057920
270837599579553792
270835724297850881
270834979167158273
270793274216837120
270540834368266240
270503524310339585
270493275088097280
270187329648488451
270185643706028033
270112870786813952
269892606488629249
269850169791631360
269847377974800384
269826968768368641
269826621010239488
269595906129678337
269591851600855041
269588414385500161
269585332926824449
269546046840008706
269426856606973952
269423908351000577
269111700123426817
268857349400309760
268849829688512512
268692625698222080
268677647297556480
268677583070179328
268676883149910016
268676063167660032
268659030170411008
268657467641180160
268371472660189184
268330691215884290
268329999197675521
268328205310644225
268327160413028352
268321210465652737
268316821491433472
268311320326197248
268304380577603584
268302947471994880
268297530180259842
268094757580984321
268091940556402688
268070612180815873
267969256824659968
267968159229804544
267962405848506368
267957132748550145
267954248413745152
267943195269292032
267941638591090691
267940277149380608
267938953301213184
267932994864574464
267931511167275008
267926718147334144
267923026258055169
267918748898439168
267575744757129216
267544407874629632
267289738325655552
266883767539474432
266883682407682049
266883634986881026
266882566051729409
266851596317630465
266850243541364736
266843697210093568
266842990960599040
266837550604378112
266592575681622016
266520988584407040
266519652388184064
266518092320997376
266515766470377473
266515693153964032
266495230268805120
266492631306080256
266492591837683712
266488180180668416
266474467440619520
266474295256023040
266157914815868929
266144029358559232
266134983087898624
266129466558914560
266125770110410752
266118711503634432
266111935681007616
265932757203562496
265885596088672256
265884860244172801
265792766800449536
265787264053936128
265786874340208641
265762259375112192
265756872131375104
265755196485931008
265433458615148544
265430826269937664
265430608321331200
265429863970770944
265426176724566016
265410372205432832
265404693159768065
265403803501727744
265400038027583490
265394874554126337
265198009925660672
265171548342726657
264342836047130626
264326776849838083
264326084806447104
264325881403691008
264325852676902912
264319376579239936
264319308094648320
264318081533345792
264294403844239360
264271709098606592
264099178509107201
263990392905670656
263981012835520512
263972534838493184
263969342507593728
263951664258613248
263949753690251264
263725292663746560
263675071384674304
263673889438179328
263672003746213889
263671908313214978
263618664765485056
263601072260661248
263596011728011264
263595309303742464
263554122513526784
263553878883172352
263547612777562112
263418537291431936
263418314397724673
263416832420089857
263309652261998593
263309489766277120
263254715146596352
263254501027368960
263248636459225090
263247334119469056
263247281380286464
263243456233734147
263240268743061505
263237721374486528
263230362828824576
263229067308982272
262892505404674048
262886110038986752
262885249783054336
262884481092943873
262882937723289601
262880917176070144
262879423630565376
262879329317445632
262877095343054848
262876908264505344
262875822598275075
262873974504038400
262873731062460417
262863219935301632
262860735804231680
262856256023302145
262279193897869313
262278797267701762
262250070370557954
261860660068089856
261851064616239104
261850588109733889
261850541594902529
261850129177387008
261819138421424128
261817734575292416
261817583400005633
261794951912886274
261775987346374656
261760280122519552
261756448164425728
261753191832633345
261752055973167106
261750152480571392
261566211186384896
261564950349238272
261557916610473984
261553995049492481
261552370067054592
261552328878981120
261551671635750912
261433987430481920
261421731934253056
261421416359018496
261421287879086081
261421216630448129
261418478181957632
261416596646539264
261414739853328386
261410829113643008
261403102521982976
261395315230388224
261393502523490305
261212517202808832
261059836882612224
261053301955633152
261051681217843200
261037216560721920
261037101162844160
261036908271001601
261036299484545024
261030392121929728
260811039262785538
260805025859784704
260801408440344576
260788251726598145
260704951947382784
260703127429324801
260696228952698880
260687894119845888
260683397360398337
260681823028391936
260675511804628994
260668229226217472
260667049578205185
260407648296529921
260370727260282880
260370237696913409
260345725538406400
260345559284604929
260343262433406976
260342706637774848
260342361127792641
260337970115145729
260332614865534976
260331641661177856
260328498076467200
260328420624441344
260325838225027072
260322189092474880
260321804881629185
260320459734781952
260316832177725441
260309153216618496
260305358982103040
259759069248753665
259581485101760512
259242114020413440
259237593068224514
259210745714200577
259040996543852545
259039935212969984
259028486872776706
259027433326526464
258885852191678464
258885501375877121
258876408888180736
258873920990638080
258863794439204864
258856441178386432
258825958868529152
258689810439471104
258682436051939328
258682000817393664
258536240423518208
258531221401894912
258522410838532097
258522283642068992
258522048022855680
258517250968023040
258513667325308928
258507962228805632
258507563438596096
258505117354061824
258496441742417920
258164611075956736
258152896141615105
258152579563921408
258147065257934848
258133427163897856
257919808820097024
257806836575633408
257804742099603456
257795864217669632
257783457617412097
257782021517086720
257753038968733696
257752727118036993
257752442207350784
257223097831264256
257221010544275456
257075094537523200
257074508073168897
256816024945582080
256718380646678528
256698789593747456
256698589668077568
256697685648748544
256696903700475904
256695926436016128
256489192928997376
256488500935921664
256488122152529921
256487769491251200
256487275238653952
256487147182370816
256486997449924609
256428481800450049
256422395894718466
256358737487474688
256356900004831232
256356505769635841
256355852104118272
256352286450802688
256340285158748160
256339040385761283
256338813041901568
256335264438435841
256331315006296064
256299323585871872
256299283274428416
256142928077000704
256142540217151488
256142197353771009
256037042079821824
255984286216380416
255982520032706560
255969991705362432
255962481082646528
255955864794591232
255615684476821504
255612906857713664
255607575897333760
255269459290386432
255244610715152385
255244513793146880
255243025733791744
255242289725706240
255240658804174849
255234969767649280
255234012786872321
255232928517345280
255231898379501568
255231257879904257
255227928302985216
255225084690694144
255033748914053120
255031144918175744
255030929247068160
255029963307241473
254975936267681793
254975708038836226
254975683028209664
254974926363172864
254974653150396416
254941566022594560
254690721108471808
254690510671863808
254683886855024640
254683173487800320
254682661606547456
254680250368274432
254662356058116096
254653841876865024
254208719263498240
254208600724090880
254166182431715329
254148030729691137
254142155927482368
254141289774342144
253907893999509504
253803278905774080
253802447754121216
253796264406286336
253784005177143296
253778307538112512
253607628654141440
253606851583823872
253460463759785984
253441129733820416
253425365198987266
253424033318703104
253423667726397441
253418209275936768
253414445261393920
253406938459697153
253086208157159425
253083426108870657
253075935929188352
253074399308152832
253065766843318272
253061971992248321
251419708673359872
251401390897909760
251400823903485952
251374099715223552
251275632401580032
251272989373501440
251252746261516289
251249770079846400
251246014449733632
251237560033095680
251070541262381056
251069431290142720
251068248890691584
250903406762418176
250899068266622976
250893309306875904
250889447908982784
250886813651202049
250686445801582593
250639127790366721
250563914734129152
250546798605778944
250349194999640064
250343282641608704
250185553893535744
250185147406770176
250170160328093697
250159076204486656
249967184279920641
249966644720451584
249959036286554113
249949739020333058
249948926231322625
249948526967144449
249117283639767040
249116666959634432
249091690076450816
249060475504033793
248851150638555137
248541832546512897
248538454072381440
248537255663255552
248511891104743424
248369450863190016
248354086523645952
248350940233601024
248350902816227328
248076083344338944
248054698249187330
248024607481794560
248023154088374272
248013040044359681
248012721004621824
248003663799402496
248003028781772800
248000342321684480
247995896707555328
247995746094284800
247991322034716673
247990417570799616
247791391177056256
247717517202702336
247717337019588608
247716844427943936
247657834148409344
247652928935059456
247647350959517698
247635905676988416
247635529569542144
247630434362597376
247625182796185600
247624911517007872
247613157110059008
246929282528595968
246898167461867520
246343622985920512
246325230665101312
246325001324724224
246324867585163264
246324710365868032
246248473526140930
246248296211968001
246247256083267585
246247244137914369
246247195702071298
246247126156333056
246216950202646528
246207219429937153
246202083534053376
246201926113439744
246197367269888000
246196604447649792
246193549920595968
246187935341355008
246184528920580096
246179774022684672
246175908296273921
246173974122352641
246133812923338752
245997608944943105
245984808818311168
245850865787863041
245839072529100801
245836786515992576
245836057172660225
245833783557881856
245830056050565120
245827800228065280
245818603243466752
245816914146893824
245816176750510080
245814292245528578
245810385658187776
245808841328046080
245626656717426688
245613573450129408
245519779811717121
245493657355055107
245489220381192192
245487571172478977
245484466225704960
245483416798232576
245477048020238336
245476979908939776
245476368555585536
245475159547473922
245472220615438337
245463345031950336
245461385557979137
245459971297382400
245423821660758016
245256238823264256
245252480814940161
245134138414354432
245087413163147264
245084260812341249
245073241897566208
244899556817514496
244760362417807361
244757678210043904
244435982336802816
244052916753797120
244005703658901504
244003112044593152
244001798728327168
243817122483032064
243815745044238337
243664036233871360
243649891824435200
243641774483070976
243627718497947648
243461546586558464
243406620976095232
243405331986776064
243357123550015488
243340356681363457
243340001562206208
243339636376752129
243302265727901696
243302145431052288
243301233270591488
243298399200358401
243296004500230144
243291028226985985
243289764965523456
243284766194016256
243275299670876160
243256629460619264
243082739417493504
243052796771971072
242951740847161344
242935972847812608
242911681427152896
242674456793858048
242634715490832384
242589440621543424
242587456434761728
242587365544194048
242586785677451264
242586594454949889
242576568742985728
242574984512434176
242572304608030720
242572236588994560
242569771890135040
242567324538920960
242567141704990721
242565307787526144
242557336764444672
242555348760788992
242555159819976704
242550662217478144
242549394480717824
242548956599574529
242548916841754624
242548858045988864
242548675866394625
242542717190668288
242542676422049792
242538493170049024
242538389184860161
242537934077698048
242533872741531649
242522982726115328
242521111483543553
242520832948178945
242520630895988736
242520573278838785
242336469195304960
242300809516294146
241592047046365184
241550511717896193
241491784541278208
241485698002214912
241475298003124224
241448744028094464
241288968669364224
241288775274205184
241275347486793728
241188420234399744
241187924140490752
241169287014907905
241126181569703938
241116088010690560
241106268411015168
241105303695929344
241103929604190208
241103489256792064
241102447068717056
241100012887629824
241099871053037568
241099260207173632
241097613158535168
241095905745461248
241095204738850817
241076444262977536
240894462769905666
240877785332199425
240769855895252992
240768832560590848
240744244082511872
240738354688307200
240734740875980800
240418553029865473
240406088913141760
240404359215734784
240403951130910720
240402603534606336
240401926523588608
240401088719769600
240396806696103937
240384124597186560
240383969877708802
240061130343600130
239843145771257856
239820601685073922
239727230358523905
239725054890504192
239722203606839296
239712009560670208
239708340274483200
239483200773165056
239471377395093505
239467824060436480
239467079252709376
239451083993382912
239447754752000000
239069118823813120
239068112916467712
238965385913835520
238940836920963072
238940478039523328
238936033171996672
238934871811178496
238931264680366080
238926281138393089
238891216450772993
238890688199135232
238890336640974848
238890242596294656
238890132760039425
238890088258490368
238889927507595265
238889803364569089
238889108888485888
238738785016352768
238737526641274880
238736789119070208
238736346234122240
238735467573547008
238733556929675265
238733311537717251
238731170496540672
238687167692546048
238647700969648130
238647508425900032
238599009139322881
238598623632433153
238596445886898176
238594166156824576
238592145185988608
238588450947887104
238584933432569856
238584475167113217
238584394124767232
238583921288290304
238583354381987840
238582937505910784
238580413478600704
238578348043943937
238577193251381248
238576591972749312
238574671300276224
238551068844380160
238549190102360065
238344625407012864
238344018382172160
238340582655815681
238340504226516992
238339609669554176
238338884931551232
238337578301014017
238334066070540289
238226531858653184
238203513312792576
237893961241464832
237865908016644096
237864435388141568
237859930042937344
237853927276703746
237852448469942272
237852105237471232
237838070274220033
237824570671898624
237824495707111424
237642001078685696
237641613134938112
237589426862190594
237533595911196672
237517147092422656
237494124083834881
237493788606607360
237489528275881984
237485851553198080
237476071409328128
237472284317736961
234342371326824448
233851762874929152
233844265497804800
233519696761192448
233515200119177216
233509976251985920
233505943281876993
233496354406686720
233491590491041792
233452097436282880
233315308063031298
233315222939648000
233314965770096640
233314911801982976
233314821737689088
233314717639270400
233271820189593600
233174206387453952
233159497781227521
233159335977570304
233157208303599617
233155977304735744
233152254511820801
233147635270316032
233139743385350144
233132910646001664
233117304026714115
233117120077123584
233086611020210176
232939443911266304
232805103697022976
232805011749482496
232800229110456321
232785509087326208
232779791705722881
232776161976004608
232764991277764608
232433730491383808
232418661707689984
232417858536210433
232417556529573888
232415447935512577
232407238201978881
232182069877420032
231464485343358977
231451105366790144
231422837485875202
231345320892723200
231340953930170370
231340052981096449
231338178064314368
231336623428751360
231335032785096704
231084149203681281
231082429862002688
230972828667744256
230752525035372544
230752064836362240
230751293965205504
230688497692966912
230684743811862528
230682767908827137
230679761842761729
230628999292936193
230626106431111168
230623304371810305
230620054717341697
230619367937818625
230603245465247744
230601060304179200
230588609013624833
230364370016821249
230363143241605120
230268854763397120
230265697433972736
230241852144615424
230235713080287232
230234550603747328
230225876950855680
229887078182297601
229886672299491328
229884728407388162
229881512785477632
229878141982736384
229869509798928385
229862813403848704
229526911116795905
228994786621788160
228994506538745856
228989483855511553
228989251587563521
228988971512897537
228988429466206208
228970733357907968
228962750083248129
228949902531641345
228788898531274753
228785412288704512
228783739382136832
228782561608998912
228778672344154113
228777815225532416
228768048310534145
228767807830118401
228541195834515457
228517428018180097
228494731104120832
228438438997790720
228435206380605440
228431296119070720
228423515374772224
228421455996649474
228409114018082816
228079593842692096
228066675042435072
228065870860136449
228052158766002176
228051297268555776
228047039034978304
227770433934614529
227763634217037824
227726599905222656
227718801687470080
227716200170409985
227712135046782977
227706697383297024
227704465246023680
227699884701138944
227698947429392384
227694896880967681
227691812532412416
227691092840153088
227431374947241984
227367299047358464
227353778708430848
227350474003726336
227346489377173505
227340092828708865
227338341752918017
227334596524666880
227332974776033280
227330749882327041
227324607668047872
227321104757301248
226744187146600448
226704940788240384
226704510964334593
226421624344305664
226420343944933377
226397144117039104
226397004664823808
226396021410893826
226271993807388672
226270858832912384
226268466225770496
226245757144023040
226242159999848448
226239497262751744
226064491648012288
226043324283379713
225978791741255680
225957379932557312
225918138636709888
225909867037212672
225904867900788736
225870165768810496
225680834659762176
225680014035795970
225679723597029376
225555296368590849
225546360282296320
225546223795449857
225542678878748673
225539786323140609
225517167356026881
225514955435290625
225514596147003392
225513253592236034
225193956277886976
225191333806092288
225180214953639937
225177763655589888
225171573714329600
225167325509332992
225162544233447424
225161464099508225
225150931635929088
224831907379150848
224828966110900225
224823673666797569
224809806505058305
224808611329753088
224804738099712000
224796099054010368
224796002970898432
224795800637677569
224789430962094081
224776643984621569
224597421487964160
224533789353848834
223801446687178752
223734463467753473
223718532947509249
223714838839427073
223714378082549762
223713354294890496
223709496185335808
223702236876906497
223696419649880064
223672408186425344
223669746837622784
223502151182319616
223391135916228611
223371987676966912
223370782741512193
223369820819832832
223369232551907330
223350636689883136
223307324654231552
223115512400453632
223096059482742785
223020527533555712
223020368737222657
222986391934603265
222947208838922240
222946945105264641
222946927149461504
222785791351463936
222781834864508930
222718103283445761
222716590418956290
222672711095287808
222654027748478976
222650818841681921
222647377167777792
222643326187343872
222639834236329984
222639813944279041
222636151947804672
222632727877390336
222626611831386112
222621722946449409
222621114944323584
222596611065397250
222595633591230465
222290725436530688
222280300095471616
222271453884719104
222271259961065472
222265990917005312
222245997055721472
222245532184215552
222069832567369728
222065233894703104
222061359876161540
222051069499424768
222006186696912899
222006084796293121
221705782394228736
221269665295515648
221269274671595521
221215562871738369
221204352675741697
221194408253599744
221188661625110528
221187591993700354
221187275709616129
221187214690885632
221187045555585024
221186363800821760
221186035848187904
221184766114926594
221181639584264192
221181029996703744
221174189015572482
221168258575908865
