398178346745348096
398169328945602560
398132578231672832
398129971303948288
398099827617050624
398090974909325312
398088403989696512
398077512376668160
398074897089699840
398074096103067648
398057464001601536
398048717539770368
398039370378125312
398037813465059328
398032950148620289
398031859868647424
398031507261906944
398013404193226752
397864894520770560
397845650177417216
397840616962285572
397840378222505984
397839570076594176
397835583851986945
397831477171195904
397830550573948928
397829652934582272
397826020788559874
397823000847712256
397819981490311168
397815954886758400
397786463917457409
397786372179652608
397771283187773440
397749483519225856
397744087270301696
397720825920385024
397720497636397056
397707677968510977
397701632575565824
397698143967793152
397694801652375552
397674837750972416
397664085187502080
397653288596041728
397651210909782016
397651073059782656
397650793626886144
397650252070916096
397649711097974784
397648630334906368
397648243213234176
397647162521419776
397645001234337792
397644338530123776
397643089239879680
397486826484953088
397472687984898048
397468157842964481
397463628258873344
397460608309686272
397457589505888256
397453562017378305
397421872964304896
397407803104432128
397405517733453825
397404774385324032
397403558192369665
397395714306629632
397394179166572544
397393351437475840
397392344762552320
397376623797735424
397376615010689024
397371483074224128
397363318492385280
397344785679548416
397335118324703232
397332032025821184
397330807385505794
397330610383233024
397329616081539074
397325042230366210
397324031612817408
397317392495173632
397297548718649344
397295655703822336
397269908737626112
397128351938527232
397093568650551297
396989007063564288
396955696291278848
396953342733467648
396951944985870336
396951029205716992
396949683136126977
396949217492860928
396907713072209920
396672471887511552
396668269832437760
396661653716361216
396659876539424768
396646241724944384
396576323122266112
396563337959735296
396348625212960768
396319526783963136
396306845251280898
396290388958253056
396283727334375424
396268243398041600
396263095414185985
396257433510621184
396254194572611584
396252371808161792
396248071539281920
396237536898871296
396227808420036608
396220958727360512
396220207909203968
396216577026039808
396215715587690496
396206768801726464
396206711155195904
396203236472131584
396197354291744768
396191546955292672
396066023390334976
396062570647658496
396050120338595841
396049555398995968
396047034366435328
396013553594814464
396008268868239360
396003990950801408
395965127276494848
395956107731955712
395944088413143041
395924605325807616
395921001730428929
395919759654391808
395919153493577729
395913389626503168
395902250801172480
395901431112531968
395901001808359424
395893304522313728
395888893687791616
395884264320794625
395882685295783936
395878042490646528
395869774921883648
395864853300391936
395863705726246912
395862321077448704
395856986090524672
395855992967397376
395836854408597504
395827385184292864
395599979504361472
395599559453585408
395588539762487296
395584605564043265
395582900764418048
395582873065246720
395581162791260160
395568605372231680
395565000883847168
395561959204343808
395561849531674624
395561756556558336
395553839442427904
395553171227279360
395547127008755712
395543062644281344
395534936582938624
395534440094367744
395532877515214848
395528912253751297
395527201556557824
395522787668164608
395520552770629632
395515787705724929
395488384954945536
395480712205582336
395325016386334720
395320025776914432
395297652260098048
395293877000617984
395289097196953601
395286328264241152
395283308327624704
395279281330192384
395251598458634240
395242092546371584
395239792319143936
395227380442071040
395209803007397888
395208375589695489
395206204420419584
395205479506276352
395200015431266305
395197193747181568
395193441946443776
395192407307730944
395191655180943360
395180377914232832
395178357463461888
395174252644532225
395174004027191296
395169676583784449
395166946867433472
395165764120236032
395156158451032064
395156117862768640
395154724665585665
395148135896342528
395128895181029376
395119452922314752
395116727794941952
395114197635575809
395100351281786880
395097366082383872
394939031252779008
394935509379604480
394931481337794560
394926702410739712
394923931410259968
394920911784013825
394916884585271297
394908253651763200
394876721809215488
394871376986656768
394867123258159105
394858476138008578
394845125144477697
394837646138036224
394830906101620736
394830138061643776
394829152874164225
394827896705269760
394826418837659649
394811034726596608
394808665732939776
394797293234167808
394796572006821888
394795873852751872
394793723181432832
394789682472828928
394789456622129152
394781892471308289
394781732265672706
394780130997858304
394766480740716545
394757326441578496
394750190152077312
394747955632410624
394736419182510080
394732118448046081
394544524019896320
394543247353466880
394542261390028800
394541719766982656
394541250353037312
394540967199768576
394539357337833472
394538778842652672
394527879461347328
394527076990320640
394456011115102208
394439854375071744
394412160509415424
394398303586365440
394397165101268992
394395960715268096
394393774644023296
394378717906345984
394098712743780352
394096338990030849
394095898332246016
394095567812694016
394095363814350848
394094596252512256
394093734859902976
394053115605159936
394051641038872576
394050903701213184
394048879634939904
394044766260051968
394044518615760896
394044467298459648
393990059009249280
393896840195997696
393893799346573312
393890509753974784
393885991704215552
393836244993441792
393833230165504000
393829198957006848
393824418830368769
393821648802938880
393818628866314240
393814602191892480
393784124953350144
393776061202567168
393771814687498241
393770370043752449
393765187398144000
393762524174512128
393758156889006080
393757846271041537
393756101399035904
393753895890984960
393750131062759424
393748407078354944
393745810015256576
393742197557706753
393728261303201792
393726904215158784
393722569825988608
393712906904559616
393712250336182272
393707299732062209
393703610091315200
393697096005468160
393696802832412672
393682407045332992
393678398834630656
393676327686922240
393658882473467904
393657388211109888
393656835741614080
393655845814562816
393651144507289600
393475012440506369
393471237256519680
393466707324305409
393461926966996993
393459157698756609
393456138097655808
393453176759672832
393419668142043136
393405753257521152
393376116406104064
393374123608797184
393367479482736640
393361918833876992
393352710289768448
393348639096967169
393333616471576577
393330918875615232
393327691463925760
393327455676923904
393327267814047744
393326989232603136
393322626094866433
393312204633546753
393306693045481472
393280861027966976
393133461416202241
393115637330898944
393111106987651075
393108087273320448
393100057664577537
393096763222917120
393094245315133440
393089715693309952
393085973325963266
393037405738917889
393027900238073856
393013787537584129
393002115355795457
392985662904758272
392977392567713792
392968752519585792
392960140489396224
392941505989451776
392922490294792192
392762156263157760
392756513208406017
392751731789942785
392748711530352641
392745439537020929
392745397120413696
392741664868925440
392737386540433410
392734624469635072
392731598447050754
392727319904653313
392681967876976640
392677989671911424
392668139571273728
392667789267185664
392659574093668352
392652498601017344
392641216736927744
392626994778632192
392623469638057984
392606421675565058
392598669519646721
392596259501928448
392589510238035968
392588302278090752
392560136306565120
392558196940111872
392557317046403072
392534413655154688
392422725849190400
392387573319880704
392383043756777472
392381242206724096
392379520293949443
392374738531545088
392371970806792192
392368950194876418
392364923734343680
392356043079954432
392322548249010176
392313152416669696
392306062411309056
392305592028520448
392302169443278848
392300116687593473
392299938291277824
392296695804870657
392281964553596928
392278492156416000
392267650228690945
392264486163189760
392258883680342016
392258857310760960
392253872749559809
392253653811478528
392246075710390272
392241707321815040
392222853187534848
392222689097965568
392222159432462336
392217308170436609
392194798280781824
392174178155368448
392174122887036928
391920541982269440
391919852291891200
391919597735395328
391855565216825344
391851939115175936
391850390028689408
391848994378223616
391848329362939904
391847907466280960
391847330720133121
391545215011803136
391287800160452609
391285031202607104
391282011886743552
391277984683786240
391234919537455105
391229334326759424
391216800127795200
391215949103497216
391205877786476546
391193272594751489
391191708832399360
391187485902249985
391185754892038144
391185454969540608
391183351249649664
391180380654424064
391179000187338752
391176877999538176
391176723653742592
391176377506209792
391176019958571008
391175159975268352
391174768680255488
391172481006190592
391171033077936128
391170756232507392
391170190429282304
391170018651934720
391168000138940416
391162104772042752
391161071282958336
391160989678186497
391160635083341824
391155895393984512
391144708249890817
391143092461772800
391134497145896960
391132565853458432
391128485286387712
391125247698550784
391124871167475712
391112445722234880
391086341922254848
391075593452027904
391073653129236480
390878621453524993
390878395586056192
390869101209329664
390867583286910976
390858729739935744
390858214537199617
390856654113476608
390836566022553602
390821214911881216
390818830651760640
390814621939949568
390809851237904384
390807650000453633
390801164859502592
390793324849664000
390792763152687104
390789102859075584
390788790228619264
390786846101610496
390786351375056896
390778120368029696
390777755564277760
390771163569618944
390751305784107008
390583149043777536
390575596440264704
390571817837920256
390566028708552705
390534625891995648
390520298186883072
390515638243835904
390512588154753025
390508765369217024
390508436255150080
390508358974705664
390507290916585472
390498987910103040
390496440864497664
390496324875218944
390495975783272448
390495887912206336
390495761336504320
390495681409871872
390495614850453504
390494020712943616
390488902772875264
390488024791789568
390445860581953536
390443901628084224
390443428724473857
390440972158767104
390438663727095808
390435998213357568
390435062711590913
390433756076470272
390432597815607296
390432491875880960
390432443561680896
390429884528340993
390424278854017025
390418186526404608
390412973950660608
390410961422913536
390410714189692928
390408628278013952
390402024321601536
390397961647452160
390220035395829760
390217105825890305
390210975967637505
390210800121823234
390207956257476608
390201665590026241
390173205752590337
390171565876187137
390165013907767297
390156715683241984
390155712824737793
390150685704347648
390145136895610880
390131159759220736
390114066724700161
390107745157779457
390104944675532800
390102562528976896
390099451144335360
390098989175308288
390098786762371073
390098127895527425
390084416816820224
390078108646535168
390073468693516288
390070206719995904
390057899193409537
390049820570034176
390048763827716097
390046238982553600
390040476524744705
390034460000808960
390028201650843648
390024597250539520
390024338277421057
390023252971888640
390017447656697856
389997648058413056
389864096168161281
389857136941223936
389856444243533824
389854620853739520
389843298615304192
389842539903483904
389839771855777792
389835748343836672
389833229223882754
389828198575665154
389815287694258176
389794714674667520
389785226333130752
389785204220776448
389783691444375553
389777648853188608
389777545425866752
389776912090148865
389742681024643072
389740521490767872
389736817224069120
389734151806791680
389733621122486272
389722563129004032
389717663632859136
389716545490132992
389715979783376896
389715599372599296
389715305825845248
389714238778134528
389710188573630464
389707546862583808
389707321943011328
389707080980242433
389706945566740480
389704259081887744
389703456162058240
389702051447709696
389698871926202368
389693310820159488
389690761299894272
389688084381433857
389687160565411840
389687128453836800
389684857011724288
389683123119595520
389661884750004224
389481129180672000
389479819693805568
389366139593048065
389359084744744960
389357379852451840
389354983931801600
389353839662739456
389353521797414912
389353358496382976
389350086909915136
389339728241500160
389330109838417920
389329704970620928
389328920308641792
389049294591774722
388985589745594368
388959007102468096
388956682313031680
388951083168829441
388950096479801344
388949572766400512
388931290197938176
388930608938119168
388925665359458304
388925371007385600
388924822237216769
388740928313491456
388736908836491264
388736169934323713
388734791144972288
388734497703096320
388712471516971008
388710459605790720
388710429310345216
388710375501623296
388709326892072960
388701611846950912
388692407169990656
388686734587740160
388685564045570048
388667832705105920
388657404654936064
388651583468503040
388650624054992897
388641580149915648
388641562399227904
388641309701206016
388640213712797696
388637774674661376
388637654998581248
388635205969674240
388634051109978112
388632594767564800
388628364397137920
388626659412566016
388622002614841345
388616002642407424
388612454013349889
388607397193060352
388600047807369216
388599773559029760
388596488080986112
388596387547709440
388594953196404736
388590222541602817
388584974858727424
388584471500300288
388581622423252992
388580890907246592
388578465962020864
388576671739437056
388572864741265408
388569380625596416
388567535668703232
388564618454790144
388562644019716096
388405790043697153
388400505296130048
388396227278016512
388393458311757824
388388676763267072
388385908363243520
388382888443408385
388378867741622272
388335599330922496
388313317984317440
388308443934642176
388301105538801664
388298966624137216
388295522420658176
388275498784010240
388256742787653633
388251796264976384
388250103028256768
388248206225969152
388248127616323584
388247099684712448
388244620712218626
388244489959395328
388243455824367616
388243230493798400
388237445172834304
388235639755247616
388232698877448192
388231826504179712
388230826284285952
388227175918223360
388226392204541952
388225295964467200
388224216879099904
388223167460048896
388216849835384832
388216047251501056
388214542435889152
388214185123139584
388213253991841792
388210389554835456
388209941338923008
388208121589821441
388038956102594561
388034677690204161
388030902715949056
388026372863447040
388023358589108224
388020332927262720
388016306340904960
387984753049485313
387982519439998976
387976428643713024
387971334493331456
387965517124091904
387964205938139136
387959762912288768
387951046296756224
387950313237270528
387950011465474048
387949103482556416
387948655157989376
387940343099838464
387938136430354432
387931139827957761
387929840180932608
387929535758360576
387926058508369920
387922132858318851
387918203789541377
387916324103786496
387913801699303425
387911816258416640
387908514745573376
387904664496533504
387897938623483904
387897368202719232
387897002438053888
387896361154138112
387895171402055680
387894972499771392
387891535377104896
387885617188982784
387884914978611201
387884469048573952
387882753322418176
387882664671203328
387882078744084480
387879232946589696
387875322513088512
387863933475766272
387863851548815361
387858085592969217
387856800831528960
387855160409882624
387854047623249920
387853169335996416
387850253883695104
387849812311552000
387846453131218944
387709218109001728
387659989600727040
387626304667127808
387622442199293952
387622370430550016
387622150066016256
387620569698828288
387618234431598592
387601723381911552
387594072581738496
387580992791126016
387570247919607808
387570173382651904
387570078469738496
387569988560646144
387569885447864320
387569756464619521
387569458509643776
387559577723473920
387556398835306496
387552112478928897
387535874382000128
387530024347123712
387522678070210560
387509116681203712
387505917089947648
387504985837027328
387502618173394945
387496245725757440
387495100693377024
387492469740699648
387489273395810304
387487619535626240
387484564702380032
387484510293872640
387484276524318720
387475615173328896
387475553848426496
387475463146586112
387473125245743104
387337669719887872
387335456209522688
387335004407496705
387334565674901504
387316431265607680
387312879172845568
387310391249752064
387310365161566208
387309699785588736
387306113378430976
387301586604531712
387298563044036608
387295552074817537
387291516877541376
387259473426784258
387248565895979008
387245678558060545
387245056836390912
387243608702976001
387243274521436160
387241588918714368
387240961765421056
387240388756377601
387240220006957056
387239656146079744
387239536314441728
387239112064774145
387238866672840705
387238820074115072
387238774519775232
387236752059949057
387235357831729152
387232100308381697
387227892012163073
387221956032208896
387217693163520001
387217342557483009
387216726238048257
387216133431885824
387216090314465280
387214132069425153
387212271317180416
387212051010957312
387211498420199424
387209516485734400
387207662581972992
387206759212797952
387205095198187520
387204992240599040
387203415207845888
387203335096635392
387202295684800512
387201087339388928
387200420549898241
387197997207273472
387197630729568256
387195559158611969
387193859551133696
387192957855473665
387192216969838592
387191917739397120
387191679167758336
387191347033423872
387190183361126402
387189826849882112
387185818554470400
387182141093580800
387181289347895297
387180967879655424
387179616093609984
387179465408651264
387176380548411393
387175844667719680
387167883265990656
387166611498876928
387156990155563008
387155613153001472
387153214061445120
387149079006171136
387148296462286848
387147861202579456
387147613633789952
387144784529223680
387141270592053248
387137953341779968
387136351746801664
387121950222729216
387121755246313472
387120952657866752
387116576111333376
387116137852702720
387111024840949760
387109343206055936
387106522503081984
386991754983251968
386986569112240128
386979707994255360
386977231832367104
386976586802946048
386952728087646208
386951920558292994
386951372593455104
386950879263617024
386948661605068800
386948418197028864
386946829721804800
386946287125667840
386945620063567873
386945051345301504
386943644064022529
386943391021686784
386942130222297088
386940074027663360
386934602079936512
386932546002763776
386932166082711552
386931754738921472
386928645354561536
386884616348782592
386868719089385472
386826352126881792
386825160449597440
386796065535836160
386793289913233408
386791318904922112
386790979308511233
386790395520495616
386787551014428672
386785372174180352
386784137043914753
386627099991474176
386626716611141632
386621632053526528
386621438029221888
386616403476115456
386615413007978496
386614759510245376
386613950751997952
386612331528327168
386611393245769729
386610323350110209
386609633391280128
386608528280285184
386510605689290752
386510010916036608
386509811363639296
386509110617075712
386508707859021824
386506611600392192
386506054697488384
386504353160626176
386503967783813120
386502981795196928
386502959456321536
386500273545699328
386499935644164096
386494970569719808
386494773739388928
386419660557918209
386418993047011328
386418887879065600
386418746409381888
386418478653382656
386407299591729152
386407021320626176
386405728522874880
386403347550720000
386248409881251840
386218019653165056
386206867913179136
386206563096338432
386204151501565952
386202050088157184
386193701254737920
386193083404402688
386192612748959745
386190440388911104
386181972042977281
386181534623203329
386179378860003328
386174659940462593
386172466055614464
386171958544826368
386170927886897152
386170133322170368
386169753171394560
386169205978324992
386164704886157312
386164369857740800
386163023511318528
386162777272123393
386162230372622336
386161765538877440
386160853810442240
386160442235949056
386148059950116864
386147489209782272
386142497258622976
386132918659452928
386132065718394880
386124925762674689
386122768439205888
386121276995411968
386121171487719424
386115176824451072
386111509857714177
386102133004595200
386093510723526656
386082947834449920
386070274384207872
386055346810142720
386053227495428096
386039975210668032
386034653125431296
386032625980547072
386032446913146880
385918971138285568
385870655133995008
385866633043922944
385863608581640192
385859582024622080
385856561731493888
385856561727279104
385851781881675776
385849012839936000
385845992047640576
385841965759070209
385817544730615808
385813024285544448
385793084761452544
385792488684150784
385791906610806784
385780440692297729
385771235239395328
385755770450894849
385755302291058688
385748955369578497
385747393976995840
385746684296581120
385745227207946240
385738647783219200
385734791099711489
385730824836231168
385729245521391616
385727694438432768
385727136356904960
385726014942633984
385723659219767297
385723619315560448
385721375505526784
385720494852689920
385719569467588608
385718425441411072
385716184098029568
385714115354058752
385710810900594688
385708725799231488
385704537404624896
385680977550667776
385679473339027456
385679032790298624
385674547288375296
385674276449574913
385672679115997184
385672163082391552
385671794117844993
385462845619855360
385458014243008512
385417841824239616
385414080754118656
385411297279361024
385393999030538240
385393952071114752
385392656840683520
385376098244378624
385373817008562176
385372807905157120
385372315359649792
385372113399713792
385368527227850752
385367398846824448
385365107175591936
385363916563292164
385363665714966528
385362916842946560
385351750724898816
385347691343269888
385347107873624064
385334237576310784
385328844678238208
385326792166211584
385177706523934721
385115520594608128
385097433401032704
385094299224145920
385091245388746752
385075243444084736
385069915142508544
385059255319277568
385058191744458752
385027371629158402
385023553688461312
385008073317707777
384995732991668224
384986731457425408
384971405768417280
384969228677177344
384968590815797248
384745362696986624
384741153243152385
384739665167024128
384737488520368128
384735502731341824
384733658336468992
384733375527133184
384731415860244480
384730550705340416
384729936554389504
384722987582496768
384719320120852480
384719301821087744
384711993006899200
384696505627836416
384696183048110080
384696100323852288
384683183134240768
384677154568806400
384673404601004033
384668113910112256
384665381228781568
384656207811993600
384656138316546048
384655728159760384
384655410286055424
384649105798361088
384634861430243328
384628002510102528
384627938999951360
384625766623117312
384565268779114496
384422332640423937
384418558513405952
384415930031161344
384413953570271232
384348308535525376
384347833492860928
384342190681784320
384341760866279424
384317967213031424
384299658438541312
384293656272056320
384286312226119680
384285420642893824
384274960048345088
384270063223963648
384255951835889665
384252630278488066
384251116021903361
384250837587214336
384250292688007168
384227518691442688
384226021018705920
384225605149261824
384219075817504768
384215726724497408
383974491522879488
383934885066702848
383934594279825408
383933132460003328
383931565430296576
383931142925479936
383930908371587072
383930761872945152
383930487280267264
383929595965485056
383928479529852928
383927968248377344
383926540981260288
383924480575537152
383922439807184896
383920162099187712
383919876827803648
383911378970771456
383911111390945280
383909805196587008
383909050813263872
383906803031224320
383903540420575232
383903281728479232
383897538149224448
383895822766993408
383895245563658240
383894990528983040
383894772483915776
383894346703335424
383892740800397312
383891316239007745
383889766926012416
383888768853610496
383888604587900928
383888237263331328
383887056344453120
383886820779773952
383886453471997953
383885881347932160
383885326886125568
383884394496557056
383881617481420800
383880604129189888
383878989733175296
383878375632560128
383876819327651840
383685291502219264
383683199312076800
383628148556185600
383626222401363968
383625130355994624
383624864986595328
383614655823761409
383581935483625474
383566841274044416
383565029444182016
383555679463948288
383554811469103105
383545248380514304
383542248698572800
383541986419957761
383541030626525184
383539992502730752
383534313137905664
383523888388669440
383523249818042368
383516448812855296
383510194543923200
383501787933581312
383500104239689728
383497951190208512
383282652205559808
383282609914388480
383281806176694273
383278980125556737
383277963308826624
383272886230077440
383269992428736513
383269659749154816
383269204042207232
383267486256603136
383265863446847488
383265230538948608
383259060969406465
383256019675398144
383247480764125186
383243761024634880
383242752613699584
383237585235369984
383235596116037632
383234589692788736
383232972750848000
383228290833842176
383226013242892288
383225890412703744
383219320576163840
383214534250729472
383213189095518208
383204248336351232
383202717939666946
383196026326106112
383194021327564800
383190385121452033
383190330163871744
383190276732227585
383189324713308160
383187931474964480
383173300349726720
383169960459001858
383168912621592576
383168683658711040
383158050586365952
383157549115375616
383156557904883712
383155993523531776
383153586857074688
383151610979176448
383142317718536192
383141701139050496
383140882176036864
383138369280442368
382972460292784128
382969440142241792
382965916813647872
382963148480716800
382960380739211266
382957611785519105
382957408005279744
382954296394137601
382952830824222720
382950062004764673
382947042181398528
382943015318200320
382934166805176320
382930098166718464
382929904549257216
382929221125177344
382926500275949568
382922035875168256
382921062305890304
382920732088750080
382920357017305088
382908107598598144
382906877841248256
382906557023141888
382896633391755265
382880347924738048
382873161580019712
382866226025734144
382865088602177536
382861822585745408
382861140880932864
382856144659570688
382840042047037440
382835958778830848
382831803062444032
382824877423853568
382822014723293184
382820300942876673
382820296522096640
382815806406795264
382815136589041664
382813445542137856
382808753222868993
382807090982440960
382801864674516992
382797545421803520
382795800101003264
382793085031165952
382782967275618305
382776934528086016
382612580620976129
382610062570561536
382605281059827712
382601505959710720
382598737727467520
382595214348546049
382590684038840320
382587664437755904
382584645201575937
382580617830879233
382561877705756672
382544528433233921
382543471984513024
382536671599665153
382531641203515392
382529700783861761
382529467907710976
382519211760697344
382515901847060480
382512095276711938
382511675112693760
382510501315764224
382510217419706369
382508398350434304
382506924765634562
382505242321248256
382504241413103616
382503517027434496
382503417044021248
382502130889674752
382500761311010816
382499962430709760
382499898538475522
382499459180933120
382499417997463552
382498976756293632
382498791129370624
382498373976072192
382498301003960320
382498193411289089
382497881053077504
382496710440009728
382496416595054592
382495606276497408
382493993235660800
382492856272711680
382491994330656769
382479518596083712
382478408523202560
382478172991664129
382478040850518016
382477709953490944
382477214279036928
382476699180728320
382465290056904704
382465054047617024
382462332611211264
382454479108718593
382446017565556736
382436465612820480
382434031457288192
382433217326096384
382431126767566848
382430506107031552
382427981177978880
382427059618058240
382421909612535808
382418309062610944
382414795695464448
382413772390162432
382413412112019456
382238131078303745
382236430874865664
382235608502247424
382227470956888064
382225836818329600
382223992376930304
382201635726172160
382200384980516865
382199999729516544
382194333468078080
382193937894899713
382191627475095552
382188348456321024
382184465327329280
382184375372095488
382182869202137088
382180936630009857
382177855334936576
382176029663444992
382164561740038144
382160157557657600
382155381515902977
382153236649500672
382152774491725825
382144862654439425
382141813387059200
382141501095964675
382141340563156995
382139133310676992
382138979128061952
382135036373254144
382134028347777024
382128647340953601
382119141257125889
382118017414336512
382113600984190976
382108430099431424
382102772855742464
382101583820881921
382096229556957184
382096062833786880
382095241173413888
382094616222134272
382094167985254400
382093087100530688
382089545056923649
382086237126815745
382083270940573696
382082470675763200
382081522351620096
382081193384345600
382080438397075456
382077165610995712
382074774488629248
382074447743950848
382073866870616064
382071581536968704
382051990052040705
381896524734939136
381852919374839808
381818733536481280
381818279519866881
381816741036572672
381794931020673024
381793972643196928
381789205082673153
381786536582606848
381757700369309696
381747764096688128
381742105993166848
381730943410896896
381730230983229440
381722450053955584
381720268030238720
381719965834825728
381719233064738816
381719077016043520
381717641263472640
381717013359366144
381714819478720512
381714144388726784
381704800049852416
381700088697225216
381699029278932992
381692367411359744
381691317044379648
381551340306317312
381549155837304832
381548451227766784
381543815548768256
381538187463892992
381537173453156352
381531466318229504
381527022834814976
381526167448485888
381525515590701056
381523387551875072
381500632177606656
381499113004888064
381497568129449984
381492319633289216
381491663912587264
381485490362671104
381485171486502912
381482814950371328
381480762367025152
381473619001765889
381427234453856256
381401239801827328
381395526777724928
381394543897485313
381393057088028672
381389276380151808
381385095430418433
381380054112296960
381367361385017344
381365964983779328
381359989052669952
381122881796997120
381121364998246400
381095181594165249
381095089051017216
381094646937821184
381092049090789376
381089717686906881
381089646794399745
381089492125220865
381085377554960384
381083717910810625
381081945074974721
381080844729065473
381080805381918720
381078902380048384
381077119788646400
381076711787732992
381071656409509889
381071478424621056
381064682674458624
381062440433119232
381057626370351104
381057615780151296
381050255053053952
381049517472096256
381046580318830593
381042124621639680
381040939927470080
381040368210706432
381039440111493120
381026985301901314
381016800353202176
381010249508876288
381008684383350784
381007977710227458
381007721182420992
381006974068195328
380987007545401344
380984995155689472
380983359138455552
380980574451560448
380965829376221185
380791783631777793
380788764081000448
380783227398402051
380781554500665345
380778948868595714
380775677214994432
380772657249005568
380768630784270336
380733470776893441
380719408756555776
380718957063577600
380712156666544128
380709983366569984
380709888877674496
380703467410427904
380695382704930816
380672057232482305
380667629603545088
380651857766391809
380649605530001408
380646669412335616
380644735829811201
380634654593654784
380633614263664640
380626073085415424
380622863675310080
380622765625077760
380620719001841664
380616330506166273
380614022921728000
380613990734659584
380613575750201344
380613047918018560
380612725808062464
380604592091709441
380435928700821505
380433412776943616
380431650808545280
380428882827943936
380426113798778880
380423345704951808
380419822577664000
380415796041621504
380413027901652992
380410007864360960
380406232906858498
380402206387617792
380402041216331776
380401189869080576
380401130209312768
380397072266330112
380369805762912257
380348741745520640
380347933201141760
380342539745640448
380337746478243840
380337161112801282
380336284465508352
380334770179166208
380334586040823809
380334041989263360
380333584445616128
380333454518280192
380332551883083777
380331882929340417
380331319932104707
380327460283224064
380326561968566272
380324555052433408
380305763115081728
380305717422354433
380305116688965632
380305015513952256
380299023930101760
380293789652250624
380291055289401344
380287952796274688
380287676697427969
380287672062713857
380287080590364672
380286786716438528
380286620814962689
380286562950332416
380283132882063360
380282820909727745
380281028096425985
380279776139046913
380279540527808512
380277049723994112
380275652806836224
380273753005228032
380271281167691777
380268130029039616
380266240738336768
380266234492620801
380265988589379584
380263778564440064
380262445203615744
380262373283872768
380262162713022464
380260164903120896
380256828296536064
380254122588770304
380239294713315328
380238724501897216
380237818171498496
380236992103333888
380235351304200192
380234834343649280
380232784021049344
380232580840579072
380232222378561536
380231767233691649
380229207487700992
380228060777558016
380227850617782272
380227581230186496
380223655617515520
380217787903660032
380065730026172417
380061703469137920
380055411157508096
380053901610713088
380050881741205504
380047861448056832
380043835088203779
380037750080016385
380022879967920128
380008973279043584
379989001492373505
379988653935575041
379988479427362816
379984766646222848
379983560931041280
379982528330756096
379968251796914176
379960130395447296
379940759316598784
379929435119435777
379928369988526081
379915052070862848
379902055189458944
379892451453849600
379877390350286848
379708115450888192
379703842583375873
379699810364059648
379696035456901120
379691254369746944
379688485504155650
379685465680789504
379681438637232128
379676767898062849
379676119110516736
379649577860608000
379644522726043648
379641719920140288
379634487740469248
379629902531534848
379624500066652160
379622719530102784
379619835975462912
379618626346569728
379618077475737600
379606421673086976
379597951032512514
379589545643081728
379584359398780931
379583829591064576
379577887432925184
379567403752910848
379558359302557698
379557366120738816
379554497858904064
379551639352651776
379550818179231744
379542110677921793
379541806821564416
379539821472911360
379532086706569216
379530805233451008
379530640707702784
379522166813097984
379510356491915264
379367610413895682
379354699872600065
379311679764725760
379259481324269569
379259058458734592
379258676563156992
379257594785067008
379257515814703104
379257331743457280
379220003133718528
379214322875912193
379213845496987648
379199583915896832
379197365238128641
379183334783741952
379181000171220992
379179745558396928
379179502355898368
379178863995011072
379178696260993024
379177763955281920
379177064039186432
379176655040045056
379176246300921856
379171659166806017
379164213157330944
379163921547927552
379162603781902336
379160026927362048
379158096410836992
378996821370363904
378996198050648064
378991195630100480
378991030001205248
378990895418580992
378869431595991040
378868995900076032
378812773448577024
378812003558912000
378811304049668096
378780067486515200
378600791205871617
378594248469135360
378577822635536384
378548244638203905
378529062509363200
378515371528974336
378498808868376577
378492352865656833
378491371449241600
378482881116782592
378477076397178880
378466588422189056
378464433577951232
378464368322965504
378462822646448128
378462120918007808
378461287350829056
378450326711721984
378447706504450048
378447189657518080
378435449905115137
378426078282649600
378424821513613312
378423963376168960
378423702008135680
378421939112783872
378421360978325504
378408058034348033
378407856200228865
378267043377995777
378266490497400832
378261548340228096
378260888564015104
378257018080874496
378249226334900224
378246448573186048
378241666651394049
378238898553384960
378235879422038016
378231852013600768
378194495512522752
378190822581493760
378186698321960960
378185115085836289
378155061718679552
378153992293195776
378151198076850176
378150903985233920
378149930742714368
378147726862868480
378136477089398784
378136466271924225
378136098158804992
378135730725609472
378135586454118400
378135196832641024
378134758607568896
378134581553414144
378133293385781248
378132713682661376
378132366654320641
378131865430814721
378131127174582272
378120155986800640
378114915434643456
378113671991681024
378110373377085440
378109477028757504
378107066004824064
378105192157577216
378101213893763072
378099405083402240
378098852684787712
378089946873360384
378088641278386176
378085979607027712
378079155629608960
378078717651582976
378073178356342784
378069661344354305
378060191121805312
378050332599025664
377899152317087744
377895124791205888
377891602171445249
377888084081524736
377884052361322496
377879521900646401
377876501892714496
377873482027397120
377869456154046465
377831479977721856
377820345014566912
377804091541704705
377802093102661634
377801104786223105
377796570005381121
377792010604007424
377781045435064321
377778096885477376
377777803800113152
377777624837541889
377773385243430912
377772933202345984
377765087882534912
377764439296335873
377757936724230145
377757935763349504
377757121213136896
377756954631733248
377756586120589312
377756335695491072
377756108213223424
377755051831222272
377754768661159936
377753838931181568
377753085583851523
377751664104439808
377751189934198784
377750799591288832
377750671904096256
377750473614184448
377750159439835136
377749949942755329
377749435284852736
377748968442445824
377738910245593088
377735407733309440
377726108525162496
377725214794477569
377711142900346880
377710801605636096
377710290848477185
377709556471955456
377700077714018304
377699280838201344
377698045749886976
377569668003004416
377536753189388288
377534819946614784
377533515509678081
377533230586417152
377529472922046465
377524927827427328
377521653200084993
377517123527905280
377514103285092353
377511083205853185
377507057022152704
377495424539439104
377467091088982017
377466744903720960
377463964394741760
377459950395858944
377459727191781376
377458414827626496
377454889691275264
377453466693541888
377451044696891392
377450661257809920
377448783006949376
377448366264696832
377445139272056832
377439230810546176
377438067130241024
377435945122791425
377420840641384448
377404017862660096
377393884541624320
377388371817291777
377387668243775488
377385771516575744
377384722303053824
377381394533871616
377381236148555776
377380489629548544
377380319516958720
377380109487198208
377373673705197569
377372257129349121
377369977114091520
377366917805129729
377362506504613888
377361305130135552
377359670022656000
377358485849001984
377358185327124480
377357331006099456
377345953000615936
377345587538296833
377341158139363328
377340959962722304
377334824585154560
377217078660317184
377213562982113280
377210131340984321
377201632649695232
377171083863916544
377167309661413376
377163533600833536
377159255612067840
377154726652964864
377151705592246272
377149536395100160
377148697416458240
377144659211866112
377103566269214720
377103404729769985
377101682087567360
377087616107048961
377086724389625856
377080821573632002
377077198764523521
377074050079547392
377057747310608384
377037953035698176
377037411538055168
377033237073104897
377026694227722240
377024175959187456
377023671266594818
377021020022276096
377018530065293312
377018118050443265
377017640533102592
377016840939393024
377016796324581376
377014821516230656
377011157329915904
377010748687257600
377001281958973440
376995627873218560
376995209152045056
376980262829441024
376977736465924097
376975185670569984
376974225867014144
376973960371789824
376973364407332864
376971641651494913
376971597099577344
376968552169091072
376967701564227584
376963055781150720
376962213426511872
376962037735497728
376961309306519552
376960410949521408
376959886011432960
376815883865563136
376804383063023616
376683302658539520
376664011552874496
376663693788205056
376656815582621696
376656677229318144
376648514056376320
376646530255839232
376645084239773696
376644048938741760
376643542090665984
376643140544761857
376641738481209344
376462674017935360
376341532053614592
376332800452231168
376325649516212224
376269377500639232
376257802370445312
376253644645355520
376106001159974912
376104611125682176
376060047992037376
376029928577175552
376028100334583808
376021957307011072
376014997174116352
376008265907179520
376008159015747584
376007639106215936
376003781810733056
376003521251799040
376003242108665856
376002606004314113
376001814933815298
376001712852860928
376001090766258176
375996353362395137
375995848397950976
375994816712433664
375993885178466304
375993644987461632
375992835163430912
375984372157259777
375979573886078976
375975564185985024
375957476539002880
375946748218204160
375943792190169088
375939574997852160
375935683187068928
375932056985149440
375927796775653376
375921180093722624
375914212704673792
375912633393623040
375909805950394369
375907467172925440
375898477714079744
375896345162174464
375894641662783488
375893415076298752
375888474119090176
375883001164738560
375720486354685952
375715452829179904
375710671221956608
375705889493118976
375702869325799424
375699849653387264
375695320132231168
375674563193233408
375664381058875393
375650019044372480
375636894417027072
375631160002359298
375630910982344704
375625642152583168
375619766884786176
375616874866040832
375597836425240576
375595403741499392
375587712730165248
375584332179468288
375583926619619328
375575282372976640
375569512827224064
375568947879636992
375566804665778176
375561977541971968
375559664122863616
375556329697312769
375550026518253568
375548636043558912
375547256654790656
375529220451360768
375522753795092480
375521723120353280
375521414939680768
375393678241849344
375385296978063360
375383401295257600
375381512541450241
375376172483624960
375374982505041920
375363176147480576
375362116372267008
375358592955596800
375356579983286274
375353559803383809
375350791571120128
375350126413635584
375347519418429440
375342738905894912
375339969696382976
375336949495504898
375332924008050688
375296793615298560
375294582755323904
375289485585817600
375289035641847808
375288393875603456
375286983545065472
375281755931942913
375280552750108672
375280140965535744
375278928371658752
375278804416987136
375277888838574080
375270210002890752
375266024826089472
375265279770521601
375233864748511232
375232600954372096
375229299571576832
375222905556070402
375219195643826177
375212307111886848
375198644623777792
375197819625549824
375195501064228864
375190924890214400
375189587993563136
375189465582432257
375185317206032384
375181120058691584
375181081315926016
375179148442206208
375178617988603904
375172603058855936
375172208949489664
375171661756391424
375171441010167808
375171186805985280
375163856483811328
375160649204387840
375000223070035969
374996699619790848
374994434443968512
374991666362712064
374988646056992769
374985123026206720
374980341569949696
374977572775682049
374974554659373056
374970525808091137
374926532080185344
374922436988260354
374907390325293056
374904860501504002
374886487575126016
374873146769174528
374868486733844480
374862044807573505
374854179342135296
374843513390657537
374828789970132992
374821659628171265
374817943328018433
374804116553211904
374637823992668160
374635307494170624
374631532511506432
374629015811661824
374625493649072128
374622797563453440
374622168371699712
374621717492019200
374617942966538240
374615174214217728
374611650722004992
374608127670222848
374571968638750721
374567312403087362
374551017116811264
374542413765033984
374542340892786689
374540731366789120
374538956139790336
374538418962694145
374535932457676801
374529638321487873
374519981972930560
374515516259315712
374513727531679744
374508467899203584
374504681026101248
374504111066337281
374503783340195840
374503169860325378
374501416993562624
374501183094026240
374500363480875008
374499498833108995
374496859412520960
374496491639177217
374496201280090112
374495603864375296
374495406509817856
374485950300041216
374480899733467136
374480272060059648
374480027468840961
374479964089122816
374476237629972480
374475154945892354
374475014419935232
374469909881057280
374469580187783168
374466794096193536
374466318516649984
374464622524628992
374462542430871552
374461695546372096
374457089919578112
374436786539614208
374431314440908800
374190762323243008
374184508943527936
374169352150724608
374169335134420992
374149772443398144
374138836630405120
374137020488384512
374134759771111424
374111789057073152
374107964355149824
374107073044545536
374104281219338240
374103607777689600
374093639674519552
374081589724319744
373854256987918336
373750899505893377
373749913601200128
373563072411340800
373559504031735809
373555861668761602
373553825216360449
373552971436789760
373552510822535168
373550520830791680
373539559750893568
373535278675161089
373530750324187136
373527979944452097
373524960410497026
373520933501157376
373515616826974208
373514719321415680
373513214790995968
373507519530147840
373502812434743296
373497615482363904
373493678318583808
373485691466178560
373482852710895616
373482624435892225
373481327137685504
373481276327854080
373481040704471040
373474285165490176
373473668237918209
373469685502980096
373468008783417344
373466904511279104
373447968319217666
373440393096204288
373419758466498560
373416940381147136
373407522658332672
373404025082769408
373395077541801984
373394767100792832
373393428673204225
373391337468338176
373382963150725120
373381883671109632
373381772501057536
373377217679486976
373377141964308480
373376957343223808
373376705475276800
373376001872773120
373346026465132545
373345879987466240
373345031823695872
373322370171162624
373234968308510720
373233804359385088
373230601639174144
373221038240591872
373209030820655104
373204015943020544
373197647882235904
373197323213766656
373191228814557184
373189475549319168
373188232814407680
373184711469719552
373182422730698752
373180431278944256
373178920272932865
373176908151664641
373175568810115072
373173132430823424
373168352803311616
373165582318702592
373162562637926400
373159057605263360
373158536080941056
373118895890366464
373115026317787136
373114700957249536
373113405705424896
373111887233548289
373106025680732161
373103496913907713
373102587073269760
373097129889103872
373095186135384064
373093544069976064
373090713267085312
373090430159958016
373089740284641280
373089006877429760
373088112765063168
373088028891156480
373086937285787648
373086104729038848
373084598445424641
373081943841054720
373081542634913793
373080928458797057
373080505387732992
373078527072935936
373077812418064386
373075760833368064
373072778385035267
373068881868640256
373066375339577344
373064453065302016
373053993494134784
373053611602743296
373051234397085696
373050886051741696
373049058686148608
373048178930503680
373046864183963649
373046812229509120
373039497350750208
373034568158179328
373034528685576192
373034493910609920
373033968251047936
373024444731510785
373023677035864064
373023347468410880
373018683091976192
373017751587397632
373000296429256704
372983599923884032
372827092850712577
372823571195650048
372820801235329024
372817781911080961
372814509934514178
372810734670848000
372806204939976704
372803184822980608
372800164852805632
372796138606186496
372771425293438976
372764600166797314
372764583871934464
372753132985409536
372748888374906880
372743598816518144
372728254886461441
372717224835821573
372713690736635904
372711082852638721
372710505255030784
372709960503033856
372702987426078721
372680504283123712
372663920781041664
372647883851710464
372642836875055104
372641978674339841
372633758585069568
372621489473740800
372621128084094976
372619364757155840
372456390163316737
372452364315131904
372448336797646848
372446822859812864
372445972909285377
372443556041854978
372440787071418369
372437766555983872
372433740519071744
372388246908452866
372374418619502592
372365055280439297
372359624449486851
372351346822758401
372351068841467904
372349474670387200
372349294197882880
372348311375986688
372345824816406528
372330252317753344
372322635025108992
372321450239471616
372321192960864256
372318971011162112
372316402155524096
372315391860957184
372314959176552448
372311063405944834
372304028279246848
372297244957245440
372296051165642754
372295891769888768
372295795196035072
372295675985551361
372294575827988480
372292728295809024
372291124247134208
372290364197326849
372289613790199808
372287866283757568
372287825833902080
372287206800773120
372286723180359680
372285898668654592
372285586742456320
372284755074498560
372283896307941376
372283683816091648
372283513783189504
372283317946957824
372283067840622592
372282051862749186
372281602958966784
372281374361018368
372281284644859904
372281028632911872
372280817487450112
372280427144552448
372279602179473408
372278502927892480
372277856120094720
372275692509331456
372260962226954240
372258916169555968
372254505234354176
372251007264514048
372020139308638208
371891020881219584
371689169426608128
371658958286893056
371656159121645568
371652397644668928
371652047353163777
371606289815982080
371604851928883201
371369835927973888
371369662975836160
371340638731923456
371198262411538432
371195781522673664
371009819315941376
371005792675057664
371004043499675648
371002269094793216
371001383195254784
370998745938132992
370993965471768577
370991195905728513
370988175746793474
370984149340790784
370957974027894784
370949319249379329
370947625157394432
370946777169788928
370946242685448192
370945889596342273
370944500023447552
370944270427234304
370943254059315200
370928982440411136
370924324196466688
370920633292439553
370915337501679616
370914422187102208
370894896779231232
370893610767503360
370892341596655616
370889893847007232
370888465778745344
370887223719505921
370885794481045504
370881130536632320
370879761591308288
370876301072420864
370871572879659008
370869179198353408
370863185454448640
370859546454921216
370855367137579008
370853388394962944
370852421150732288
370846698450735104
370845136093065216
370842680743698432
370841001512169472
370840118048743425
370838691448893440
370836720457383936
370833869492457472
370833365592989696
370832333567688704
370831582288179200
370830863241474048
370826382017712128
370813547892469760
370813396725547008
370811159278284800
370644400738549760
370640625500033024
370636347691651072
370628797722132480
370625778368528384
370621751652143104
370565017512337408
370560042501562368
370527101985640448
370516455231479808
370497232740429824
370488916597428224
370483579689508864
370471569190965248
370454983717957632
370449150149926912
370446089217798145
370294244696915968
370294038144237568
370291317152047104
370288799944679426
370285273906950144
370285025243058176
370282495042154496
370281501906071552
370277475000922113
370273951689097216
370269421727535104
370266150065549312
370263130003083264
370259355129507840
370240827412709376
370239869479841792
370231746119614465
370229589819555840
370227277214543872
370226940235776000
370222528696188928
370219384477712384
370218122181349376
370215573273477120
370215368075137024
370213800915795968
370212655623331840
370208461281169408
370202523640291328
370200461631959040
370195151572176896
370190523564568576
370188500756598784
370185438339670016
370165153628573697
370152798798635008
370149352590671872
370145562097881088
370131470376910849
370124081544196096
370106841717436416
370087861183590400
370085551757877248
370079891355881473
369922615085113344
369921764245389312
369919105026912256
369915078239215616
369911555699138560
369907025137762304
369904009676484608
369900985302261760
369896958615236608
369863693158608896
369861319778115584
369861227746701312
369860793007087616
369860131070410752
369859144897277952
369858487360438272
369857267723939841
369856718005874689
369854700306173952
369852537228505088
369851163874975744
369850174686121984
369849615098871808
369848703689162752
369840478612901888
369840433914212352
369838277656068096
369838053638307840
369836954546077696
369836704683016192
369834529324027904
369834083616305152
369832765807935488
369816161871233024
369815688594350080
369810288939261952
369804882309419010
369795722041782272
369784616603111424
369782089597861888
369781435730628608
369776132851515392
369774836618260480
369771950291185664
369771797421359104
369771386027266048
369771077792047105
369769629436370944
369769038085648384
369766729570078720
369764832418873345
369762956990775296
369762553318359040
369760880353095680
369760692288901120
369760205372129280
369758296582135808
369756686015553536
369756523809234944
369756293617446912
369754904480743424
369751801106419713
369746438202204160
369742516343824384
369737300332146688
369734327078092800
369728256959737856
369599602171080705
369593827252006913
369591026144800768
369565431335747584
369559592276992000
369555564851757056
369552796611145728
369549273186050048
369548355594379264
369547213946380288
369545498522185729
369541723522736130
369538703858728960
369534677112999936
369505417375657985
369501897666727936
369491308169031680
369470876393025536
369467217701658624
369465183355146240
369448355308793856
369436076793810945
369424482743504896
369414755514994688
369398200836186112
369383303708540929
369382201919430656
369375732306161664
369375318873620481
369374135782096898
369358126778028032
369095028955942912
369093288663724032
369092875042455552
369089710984933376
369035340448661504
369022496684535808
368992518966607872
368818572375502848
368817677353353216
368815061919227904
368810601989931008
368765915745120258
368718966580985858
368718729489571840
368715963849400321
368715273794101248
368713334473764864
368711876529496065
368711470999011328
368710932232273922
368708125357920257
368702940552257538
368700336841957376
368699997182623744
368698081191006209
368697864706211840
368664141851934720
368396147552829440
368391992503324673
368386594237321216
368367844355866624
368363993192476672
368348134197719041
368347218983395328
368347204979032064
368338888613326848
368332404143841280
368311212066353152
368308755391602688
368043585481871360
368030913193467904
368017788381569024
368009806667210754
367997622780317696
367965694094094336
367965418461208576
367958203356557314
367953876273864704
367953648237965312
367952683015352320
367951918465024000
367951872436346880
367946787983593472
367944958101032960
367933509622841344
367782804819836928
367781486772367360
367779044336885760
367778425496678400
367778282089218049
367777907579817984
367775170876153856
367774578409746432
367774176175980544
367773782402162689
367687590121836545
367668442461372416
367667598496108544
367666882188705792
367663677433856000
367660352517193728
367659987071696897
367659864652537856
367659614336450560
367653701516660736
367640878493761536
367634990734925826
367629181653229568
367628537366188032
367625886897426432
367624852783783936
367624228260290560
367621841994518529
367621434723422208
367620688792018944
367610910174887936
367610363405426688
367609882964688896
367608608932233216
367608242261995520
367608185831448577
367608136171286528
367603808941002752
367592302421610498
367588877181005824
367585313889075200
367583579821191168
367581988091207681
367581522452172801
367581378520424448
367580945387237376
367576259842551808
367574320119545856
367572192235913216
367571785283534848
367571622196432897
367570887308247040
367555362150699008
367553714628091904
367553613608255488
367553544066695168
367552357099651072
367547789242556416
367546179359604736
367545594304552960
367541043941892096
367540472220483584
367399861198798848
367399460177199104
367390642206289920
367386361281531904
367382081363382272
367372519172354048
367367489388179456
367323126897840129
367315128741404672
367290954257940480
367268516069515264
367259194769932289
367253231862562816
367249991430963200
367242513796448257
367235136879734785
367234473835757568
367229808465289216
367229292603650048
367222275684052993
367206998691291136
367205675392585728
367201726996434944
367201239626690560
366991485515730944
366990726522880000
366989989563097088
366961882751442946
366955630570905600
366947199269076992
366930046511874049
366929762721071106
366928989211738112
366928963341262849
366928915027079170
366927875162652676
366926469227741184
366915740583997440
366914983302402051
366910170330181632
366908327755649025
366904953505198080
366898250969653248
366894128660877312
366892722268803072
366892361248284673
366892188115800065
366873180582854657
366865602566045696
366863873669754880
366858917604630528
366845922077982721
366844023148777472
366842688521244672
366830499697672193
366830177755471872
366823510921850880
366822126747004929
366820782225113088
366820639157387264
366797750232289280
366701187661172738
366674995830730752
366669953497169921
366666475794202625
366653081070477312
366143505514512384
366110984647098368
365876030117916672
365869112284557313
365858757261000705
365840199231602688
365830068817244160
365822414287929345
365804898404679682
365804646020816896
365799028715307009
365795978109911040
365795662467575808
365791171592728576
365782483708559362
365780796503633921
365773810877734912
365763884478496768
365736713852694530
365716295712387072
365708824486756352
365578416243736577
365575647852105729
365571873569910784
365568098960556033
365563573574959104
365559291308023809
365551416107999234
365550971306250242
365540116577533952
365512153014358016
365509433549262852
365497500100071424
365485842787074050
365472656566390785
365446872904646656
365429609740763137
365419119337684993
365419049007583232
365418983303811072
365403385106673664
365225081825267713
365221056040017921
365216274646712320
365212247921922049
365209480247517185
365202180975767552
365198406542573568
365193876153184256
365148357070569472
365140986122338306
365130095502954496
365124808150749185
365123933323800580
365122014664994816
365113497333403651
365113335596851201
365103278205308928
365090443114983425
365077411001417728
365075192071991297
365071045566283780
365068919876235264
365060034465505281
365057645507379200
365054178969661440
365053596003340291
365052592126042113
365052021147049986
365051460960002049
365048384328962048
365047216047521792
365045689962594304
365045241486651392
365045141129527297
365044599670059008
365044292290478080
365043801997312001
365043417891356672
365042391008677888
365042171369373696
365040902382694400
365040407379320832
365039770449088513
365032631227781120
365030632616759297
365028698128252930
365025701658755073
365025177265909760
365024296621453313
365022775318024195
365021526120079360
365013603029499904
365013027952656386
365009816881610752
364991156309868544
364856147330613249
364853630022594561
364849855568412672
364843309908246529
364838532939907072
364834757432967169
364832237042151424
364778119976058881
364768220911108099
364765843604774912
364760359741030401
364743558864961536
364740471710425088
364729840554868736
364721411006271489
364708099317174273
364702505898213377
364684528696041472
364674892068691968
364674335379685376
364628208739975168
364487459523919872
364483684528689153
364479908673626113
364476385688961024
364469842243358721
364467073713307649
364462040397516800
364460741757517824
364460506230571008
364430656094220288
364423646699208706
364420732849111041
364418296440815616
364406619683045376
364400648202104832
364381433327927296
364363640503144450
364347922759954432
364340791281328128
364330916824358916
364322372792619008
364318845567107072
364317487761850369
364317333633773568
363971064100954112
363969868892483584
363965063700299777
363961366765240320
363960757873934337
363960316708651008
363958853601198082
363766035586883585
363732831094456320
363731911237464064
363685911520755714
363680663264051200
363588912901808128
363587991748739072
363587950095118336
363586717036859392
363583791308083200
363579755934662657
363579344339218432
363565817260023808
363396173740380160
363327200826638337
363325013480308738
363316466826747905
363313582802345984
363300063881465856
363296217457250304
363286831195889664
363282797693120512
363274310774824961
363273845077049344
363260000640053248
363254446173589504
363252145501798400
363249423976890368
363248624584499201
363245922009882624
363245867551457280
363232023013363712
363231548147269632
363230869076451328
363229530703413249
363211821400207360
363210665059565568
363208000880001024
363201216647401473
363199166488387584
363191639344291841
363041150682140673
363037881805176833
363032342106877952
363029825809678336
363026050566987776
363021772678905856
363018752817762304
363015732809842688
363011706252820480
362991308828602368
362985423611920384
362984421177044993
362982578698981376
362980310520041473
362974274966929408
362974214896107522
362974085967396864
362972870147706880
362972637271584768
362970915056795649
362967478412251136
362966075471699968
362963379222102016
362958941975609344
362942992795324416
362939036425388033
362924791541399553
362921169495662593
362920744566525953
362917961155100673
362916142186106880
362916074615865346
362911660647776259
362910922743889920
362910263890026498
362908603289583616
362908468413337600
362907782489456642
362907595968749568
362899060237152257
362898603221598208
362898229379088384
362897697138683906
