398162870917017600
398161343661883392
398159662300016640
398142385353265152
398030930436034560
398030464285294592
398030330709295104
398029870304722944
398029486131646464
398029243788955648
397987916778979329
397839794601861120
397834164872826880
397829191975960576
397823917982633984
397819573069549568
397817329444081664
397813122045472769
397812617076428800
397790633815207936
397712208953892864
397635097689473024
397421472366338048
397421155063046144
397295268455915520
397294870651351040
397294696961044480
397294402650918912
397294277379649536
397294032004472832
397293915490885632
397293730559836160
397293551400140800
397293406050721792
397287989593657344
397073462532898817
397064603709865985
397058130665697280
397050794106572800
397043543631355904
397030111951597568
397021037428084736
397018603850960896
397018135665991680
397003444147322880
397002788388884480
397002541717663744
397002339573186561
397002162288336896
397001977093058560
397001120234500096
397000803665190912
397000301502164992
397000246611279872
397000056311517185
396999545885691907
396995988860047360
396900797230759936
396702833149747200
396701665652649984
396566955663978496
396228641065271296
396198304880803840
396188246398357504
396187359349182465
396054436499705856
396021175693766656
395981320171433984
395976344552480768
395957584806440960
395818760596357120
395676898623115264
395671137037729792
395669848224579584
395650523061157888
395625351763603456
395623561701773312
395622850960171008
395622540036435968
395612414101561344
395446983822807040
395350647945453568
395295857391579136
395287835197964288
395281724201893890
395275299539001344
395271099564294144
395270873101258752
395263934178947072
395263666410360832
395263542753886208
395263197566869504
395262457112821760
395262141936070657
395260755475300352
395260597777858560
395260242310598657
395259765367906304
395247386827972608
395247136717418496
395246712878428160
395113561761935360
394935216588206080
394903732540166144
394883849257504768
394871672018190336
394869675755966464
394869469798858752
394859392048197632
394846527434158080
394846239377735680
394835318714560512
394835071451934720
394834838949093376
394832951210295296
394832718208315392
394832546212499456
394832430520995840
394832255765331969
394832128778584064
394829399788249089
394761128087412736
394743293344374784
394530645948366848
394521809036382208
394510637889355776
394502285859897345
394492139511377920
394483286220615680
394482281655451648
394481585275158528
394478041935540224
394474896019165184
394474679458865152
394474351116181504
394474150435520512
394473689754132480
394473358366359552
394472927082844160
394472578351656961
394472445090209794
394471929006260224
394389360834920449
394004816722427904
394001344974970880
393691752223080448
393520328397586432
393293135733735424
393286443923025920
393086524238987264
393077572692504576
393075646726828032
393074274933542914
393071633415426048
393051755845390337
392975832567660544
392975655236694016
392975380467814401
392975123721887744
392974903382523904
392974565703303168
392922545738899457
392918679442440193
392896904494727169
392758228368773120
392756293213384704
392752782924451840
392748287905652736
392734384580608000
392728588765503488
392727701833801728
392711682016833536
392710094858633217
392666600907616256
392638996712407040
392637789373620224
392569822279909376
392549155983597568
392541198470365184
392312732730408960
392245958505168896
392225971652550656
392225769948471296
392225566717673472
392217332530962432
392191093418504192
392185411931734016
391983763221008385
391976031579422721
391964168233811969
391959809185964032
391958089366122496
391957303735250944
391954852734959617
391950941626171392
391934696851910656
391934328680087552
391932277489291264
391920526647906304
391860544015466496
391686324002246656
391465656878497792
391464679651807232
391318960895168512
391245373345644544
391178159430701056
391177241029120000
391176390998904832
391125940291788800
391106652335661056
390973510887432192
390973234742845440
390969553549029376
390969091277991936
390964260932575232
390961800088682496
390959063724752897
390957537518190592
390956046451507200
390951823085170688
390927386210213889
390914193018216448
390911264291291136
390895972815228929
390842536539222018
390772348405960704
390727641927806976
390615555436462081
390615300879953921
390610606778482688
390610249696428032
390610127268884480
390609256984375296
390445809805688832
390342652203634688
390232954972024832
390230435927572480
390226623330406400
390226311375245312
390222152999636992
390221831372017664
390221304517124097
390216497982758912
390200930689236992
390174848229470208
390172794220072960
390153484999225345
390152107031932928
390145517792940032
390143020923768832
390140248229150720
390139704177614849
390090488717774848
389891286247157760
389822640728604672
389813355885920256
389796207033610240
389737861475762176
389737240420970496
389736520875507712
389735798129852416
389735569653514240
389731248077545472
389731046721585152
389626669109358592
389625240047087616
389621811417481216
389517312321413120
389382364973252608
389371166412251136
389370949034049536
389370384942116864
389319328170258433
389318605407784960
389313447525351424
389313269246468096
389313005328285696
389312829914116096
389312432990330881
389308886374973440
389304504912740352
388928174157201408
388769629872848896
388764801331372032
388762960245829632
388760505818824704
388756911128342528
388722177484533760
388702103402991617
388672733095014400
388550682753523712
388418952160096256
388411384255774720
388305204929511424
388287981540241408
388287355783610368
388287065814609920
388286604864790528
388285811835162624
388282836777570306
388066048278556672
388063431519371264
388058782385053697
388052809188663296
388051120826097664
388033069267300353
388031043019612160
387998229943422976
387993093326532608
387926302684360704
387889525420478465
387839665753325568
387706736296984576
387705632414908416
387591663993896960
387591032583356420
387576305778044928
387561714751111168
387510912904470529
387236186542325761
387234160311812096
387233122225754112
386905538417545216
386904927252914176
386889751598354432
386881967297290240
386880821153394688
386880360979509248
386879468943323136
386866929496895488
386856535101411328
386854688752017408
386854248660480003
386853680017715200
386847600948699138
386847456610119681
386847293627846656
386847106616406016
386846863216750593
386846734648737792
386845303812268033
386845087063220224
386845017978847233
386844795345174528
386844608115666944
386844380314603522
386844041742020608
386747824861224961
386511352606388225
386462166511263744
386453391108751360
386407045442048000
386406791565037568
386406544545685504
386406366950461440
386406220057563136
386405863122284544
386250340859146240
386247617891799040
386247408642187264
386242232812314624
386242035260612609
386089693265158144
386089243015016449
386088953482199040
386088783759671296
386088446130794496
386088107646255104
386087983939452928
386087745111617537
386087588399808512
386087280131047426
386086960294420480
386086774620971008
386086334940463104
386086075568881664
386085916386676736
386085439443980288
386083978614026240
386040307889864704
386039099900968960
386038913980067840
386032953538527233
386031865867431936
386030732511940609
385895839681744896
385887159972270080
385791986206138368
385774329985658880
385751231882207234
385750290986590208
385749543091834880
385748842966040576
385748524173766656
385747971272212481
385747648918994944
385746503060316160
385746073257402368
385744928388558848
385744680362594304
385744457313705984
385744226375323648
385743980136108032
385703109214760960
385702844839383040
385701071676383232
385680271514669056
385654746092036096
385499968309444609
385499550342860800
385499166916374528
385495223238811648
385494285233029120
385488786836029441
385477504921645056
385465106043109376
385464874639183872
385464498477223938
385459968683425792
385458622278279168
385448721128763392
385448640568778752
385445738462724096
385434048367034368
385433881362448384
385433437923860480
385432649751207936
385305972761427968
385154585179852800
385154381999390721
385154222188007424
385153969070166016
385153334778138624
385126577454866432
385125560042549249
385118130894155776
385117100244619265
385115444853485568
385102603354243073
385099734852984832
385097908267143168
385091386686464001
385087366123110401
385085971730927617
384952186251517952
384951322782736384
384941116119724032
384652909742673920
384581786459582464
384368296016900096
384365379746684928
384359077687484416
384349731377266688
384344596743868418
384341451892457472
384339258145644544
384331868805410816
384331559500673025
384331424246947840
384331276544524288
384331138157658112
384330966941982721
384330821290582016
384330543413727232
384330419291705347
384330049387651072
384329825558622209
384327783444275200
384251707532009472
384180630772125696
384045661835911168
384045551051759616
384045004965965825
384044767190872064
384044654015942656
384044560906588160
384044407587999744
384044086006517760
384043858541043712
384043517346988032
384043314053275648
384043194972782592
384042991007977472
384042565885890560
384040306590498816
384038342829944832
383949598076567552
383946588999004160
383941504550445057
383940321786097664
383936206620200960
383934305778405377
383930663197356032
383927052493008896
383925484838338560
383924948068098049
383920307041357824
383909782429523969
383909682173071360
383909323027410945
383908348069818368
383907925011333120
383906215417233408
383886142463934464
383885930743885825
383884770070917120
383846451878440960
383643789707182080
383643494377848832
383643211065217024
383591190521978880
383560522462797825
383485789184593920
383485389912035328
383484552909320192
383484374110314496
383483571555422208
383483321247748096
383475026533445632
383109321258983424
382955744464617472
382952535683645440
382933078827495425
382927214028668928
382926896184307712
382926628059242497
382925627101163520
382924559499816960
382835403457167360
382835179225493504
382834895375986688
382834661879054337
382834219791032320
382833995353817088
382833713916022784
382829891630006272
382812332541640704
382812036276944896
382753787728781314
382744931317469184
382744683144675330
382742516002349056
382738399704002560
382613951378231297
382600182862340097
382586582550585344
382585371688591361
382566076833218560
382564972888195072
382557721759064064
382546380478087168
382545381726224384
382537270336565248
382502685800689664
382482912408780800
382396615413481472
382396263914041344
382395450030297088
382395048413122560
382367187903975424
382366973210136576
382225631754219520
382225397808525313
382188721254449152
382183572607483904
382183323767808001
382183015104774144
382182873324728320
382180946880905216
382180593577906177
382178794947092480
382170579119661056
382066508907573248
382066323376701440
382065976524566528
382065149047099392
382064690160865280
382064342872518656
382058784702464002
382057673950105600
382015218467225600
382014768477143040
382013493521960960
382009160772386816
381899612589948929
381827478223740928
381821451499610113
381817943501205504
381812643821940736
381811729891479552
381807853205336064
381802720375500800
381799433085521921
381794158672769024
381793816107175936
381784434489323520
381784323105378304
381783955524960256
381783806979473408
381783118895525889
381781573667807232
381781006920867842
381780666808938497
381779381086978049
381779204120903680
381778908695113728
381770958589411328
381754293432627201
381734139286020096
381663838761779200
381510617812590592
381506285507588096
381505804802617344
381504907179618304
381501424477032449
381500853904883712
381500368888135680
381499817379106817
381499570607243264
381499309738319873
381499097514930176
381498254103310337
381498004869373952
381497786425802753
381497569064386560
381497196257882112
381497043413241857
381496815872274432
381496380306374656
381495906236760064
381489846960668672
381371776531312640
381367526434689024
381347354609074176
381345154465939456
381334667317624832
381334411267960832
381331938952232960
381212818734739456
381212146605883392
381210491663548416
381210084623138816
381209779869204480
381209331795914752
381209112786137088
381208516255424512
381208356704104449
381208062339477504
381205354396147713
381204816669585408
380863323312386049
380795928665264128
380789748882612224
380784001889214465
380781548720504832
380777275500662784
380775408553050112
380759455622627329
380759286982262784
380759014075678720
380758831644413952
380758547543232513
380758455625080832
380757482139709440
380754251934617600
380752899036676096
380730682990813184
380660866951438336
380632191195037696
380631807990837248
380631519733092352
380630800921657344
380630014946852864
380628666591354880
380624387621130240
380624166757478400
380622405619552256
380621960985575426
380593265252515840
380592970808168448
380571800310398977
380434416591331328
380427090853494786
380424747139362817
380421611544793089
380413781169303552
380406758016954368
380406480853159936
380396271791386624
380396214509764608
380396106552586240
380386858599194624
380386276807278592
380383016721203201
380372645428359168
380372319719665664
380372095487979520
380371971160428544
380371743468421120
380243990987431936
380243619535650816
380243267293814784
380231695355871232
380098935253372928
380077884016033792
380077111379107841
380072342103531520
380072069662531584
380071847834181632
380063705003601920
380061519188197376
380058810783510528
380057957011959809
380057641491263488
380046250201997312
379868700209606656
379865791740776448
379864547974066177
379863410336227329
379721027468529664
379720824774594560
379716644722835456
379711373015396352
379701788795887616
379690649961787392
379688072008318977
379682187487899648
379678338618368000
379668359815512064
379667621743849472
379646386045599744
379555945254498304
379516589957070848
379516251090870273
379516002733543424
379515429669990400
379515038643396608
379512731335790592
379298922788708352
379273501061828609
379273369817853953
379273311135354882
379273067282718720
379272928388345857
379272832833691648
379272637802754049
379272376883507200
379253471498620928
379249857371705345
379249679176716288
379248990211956737
379247968299134976
379247646445035520
379242022306975745
379240316496117760
379167261413871616
379167094266667008
379166953333850112
379166734735138816
379166336741826561
379166113432895489
379165952161902592
379165731944140800
379162998059048960
378849180510199808
378811851305259008
378787226827497472
378783505225764864
378650683164999680
378585981307195392
378579418119016448
378573657812918272
378564965428654080
378485420830384128
378485045159153665
378484794159407107
378463472918736896
378459533598674944
378459372927467520
378459243138908160
378459174436237312
378459051811536897
378457145206775808
378457007457464320
378456363296251904
378456145557336064
378455332999024640
378455183287529472
378454856375095297
378454628217540608
378454388416598016
378411763471241216
378407261275578368
378398008771366912
378218428735049729
378218185977118720
378218050224287744
378217573596135424
378189111292878848
378185429406588928
378173401073852416
378173018314244096
378172132523393026
378049883183128576
378049676798226433
378048507589824512
378044194897793024
378042155257692160
377848262826266624
377848119343329280
377847897800196096
377847495352520704
377843535669510144
377674056184500225
377599114382704640
377598823805493248
377598650811416576
377598501737492480
377598300981301248
377597813766774784
377597484727795712
377596823801987072
377596633439281152
377595688999456768
377595431003619328
377594686648877057
377594535632961536
377594309274763266
377589911530254336
377565760710664192
377565514584694784
377564082137600000
377542134355591168
377541922014773248
377541506141126656
377541059368079360
377537994472706048
377536968038432768
377533663933501440
377528987401994240
377516035810660352
377503215874355200
377498060437192704
377483956976766976
377483445078724608
377481862169387008
377480826482466816
377479967660978176
377479274216689664
377479152661581825
377478902441992192
377478551357755392
377478097529868288
377477222715498496
377477049570451456
377475180303351808
377471230896386048
377470957784276993
377470720088870912
377470351468273665
377469891130843136
377468234846310402
377467751037550592
377467546242265088
377467256227119105
377466972746686464
377466854635094017
377466662938619904
377464356365402112
377462467213139968
377383802185588736
377351163605032960
377349332791345152
377348762286313472
377345440586694656
377179875804999680
377179521537286144
377179365706301441
377161870928789504
377154584634204160
377106321150967810
377105917805744129
377105380246949888
377105150747230208
377104643005759489
377093904845139969
377093687458541569
377093545640751104
377088894954930176
377086925297172480
377086103016464384
377039713242066944
377020637120057344
377020408769548288
376946757965737984
376946349012684800
376946145387626497
376945929666195456
376945760518291456
376934360298971136
376931543605735425
376787397054193664
376784118383521792
376689461037248512
376688584385769472
376688239492341760
376687929885593600
376687354603249664
376687083554750464
376634414601883648
376197526409326592
376099187575619584
376094533877891072
376093984336007168
376088008358785024
376086607918428161
376074301746597888
376070292868583424
376068163336544256
376064130261594112
376060359330656256
376057904693903360
376056781958414336
376045448558940160
376045199077543936
376039118213357570
376038805209243650
376038645804695552
376038161207410688
376037064354975744
376036876081037312
376036740424691713
376034722947670016
376034364649250816
376033511888535553
375963178250678273
375959908794896384
375921940554588160
375876045276463104
375864192076500992
375759403045367808
375664599309099008
375651022808432641
375648601906499584
375642833916424192
375525437331349504
375523407594401793
375496519979249664
375493204566499328
375492663849390080
375384120043798528
375370469735952384
375312978524258304
375312671438295040
375312356022435840
375312139290169344
375312008625020928
375289013298421761
375274574272659456
375273929515884544
375269222492151808
375265838087286784
375265462223142913
375265205414273024
375264628928184320
375264483918512129
375160323612753920
375149703890882561
375145614859702272
375145062075609088
375032127873892352
375029236853006336
374915546623778816
374885658688761857
374885456988889088
374875306328215552
374874969160683520
374865699182628865
374865433242791937
374865292947513344
374864866164498432
374864649377685505
374862369555365888
374858635844673537
374855190324600832
374834211750178816
374832585220059136
374787098210877440
374780152900636672
374675631793262593
374668157283471360
374666297973694464
374655518893428736
374634883702063105
374634735555051520
374605954501050368
374603107357196288
374598058131992576
374597739381669888
374490107035656192
374486095779479552
374429084853358592
374413923077742592
374408941607743488
374408894967054336
374408763114934273
374408381949153282
374407390818336768
374253146627121152
374188439035318272
374182936104271872
374180676196511744
374171895282667520
374167403027894272
374164005947834369
374161713030905856
374150421578674176
374148405322211328
374147338748456960
374145444122595329
374144088863281152
374141751587401728
374141433441050624
374123164202065921
374053550810079232
374049353419063296
374048950866567169
374045837061410816
373677805583609856
373677154862514176
373583884090626048
373561286107230208
373559993749876736
373559744893427712
373556823627804672
373555661377769473
373554715344134144
373551207949680641
373547709916934144
373546619813130240
373537671936626688
373533984099028992
373533531722379265
373531773960859648
373519819263340544
373513416628908032
373513195249352704
373509927722942466
373504594573541376
373504286157963264
373503761806655489
373503397799792640
373498494104764416
373497800119447552
373371178469302272
373370877683175424
373370563848601600
373360260813033472
373359670548656128
373354201083944960
373353713408040960
373352827059326976
373347873066201088
373345340310573056
373344131658940416
373127698429657088
373127174342975488
373126760054784001
373124023732797440
373123226538237953
373123063514013696
373122825122369537
373122620239003648
373122398440001536
373122106784894976
373121832599035904
373121612205129728
373120648253407232
373120486898552833
373120308959379456
373120101970493440
373119910664093696
373119759035797505
373119426486214656
373119183224987648
373118152445403136
373118010103320576
373117816943030272
373117579331530752
373117400901619712
373117116141948928
373116797668429825
373116537512538113
373116133437472768
373113428535029760
373112590978666496
373111028411674624
373109011437985793
373090471171461120
372968137148596224
372691640236122112
372658338535723008
372657871172804608
372643264098078720
372608575752785921
372608172378189824
372607505257357312
372607370536296448
372607238348632064
372606965999886336
372606842263715840
372606364868030464
372606234412580864
372605931416076288
372605774909816832
372605474153037824
372604965350412288
372604698949197824
372604442626895874
372604071091269632
372603916082348032
372603712725733376
372603310865272833
372603161149595649
372602730616868864
372599242717532160
372598550619619328
372596424032002048
372594060864675840
372376052641054720
372375937838759937
372375781349265408
372375613480632320
372371197419192320
372370700553555971
372370136423858177
372369842717728770
372368806007414785
372366026622517248
372365639966408704
372365329353027584
372364737385734144
372362800800100352
372362558734209025
372311991924580352
372289259446599680
372237979395166208
372236894530068481
372112399894974464
372100525342208000
372094358658359296
372083012634030080
372080172633038848
372072351648600065
372064329124048896
372058952202084353
372058497925390336
372030978824237056
372030250261024769
372022325589598208
371919758821560320
371918620752101376
371907154996760578
371902273720315904
371895174093221889
371879577955467265
371877730691719168
371678983521193984
371678004864241664
371674273557270528
371674265084780544
371668660479590401
371667811435028480
371661682780557314
371636878773989376
371635681258270720
371617530055774208
371524659398705152
371523207741726720
371521669631717376
371278824417533952
371269996418441216
371264500302749696
371264300439965696
371263372915793922
371261349382209536
371259193480577025
371257126141702144
371252808550330368
371252407000236032
371251794896093185
371247433113554944
371242500792406016
371240789776416769
371238822417154048
371236722454953984
371236275556081664
371233087096516608
371230337009213440
371168245794881537
371167321269600256
371164962669858816
371164417041256448
371161906679001089
370987274097287169
370987045214113792
370986889483792384
370986495789658112
370986338851368960
370986059657539584
370985801414217728
370985392113086464
370985172671279105
370798920949309440
370567409603993600
370556919658082305
370445807696105472
370444087956353024
370443600389095426
370300890306990080
370297045120061440
370291466884497408
370291093704699904
370290986187890688
370281374139183104
370278986607128576
370271726615031809
370270479262547968
370268165822889984
370262155402022912
370257179103612928
370248144140779521
370248020408823808
370247774459019264
370247581005144064
370247351769632769
370244665494089728
370242743961804800
370241877515059201
370240818126147584
370234939297374208
370226369222832128
370225935783448577
370225466063327232
370225255307943936
370225044963598336
370224892450320385
370224836389257218
370224688259035138
370224585427255296
370224502958866433
370224398529093632
370224278060277760
370224198213324800
370223973130199040
370223834978205696
370223750391660544
370223613229559808
370223431595196416
370223078044749826
370117462500847616
369805654451847168
369741786425876480
369739356652982272
369589189333221376
369558680334659584
369552519808045057
369547931566628866
369540375532158976
369536279890755584
369522315379236864
369521211425820672
369520274208587777
369495620693667843
369489907627986944
369488988127518721
369488807252332544
369390631614816256
369388240265965569
369177591493570561
369154434359513088
369148157935902720
369147689608286208
369144790484385792
369142800995987456
369135108294336512
369134063463825408
369127143487184897
369121351388250115
369117809382416384
369115206997131265
369111431188193280
369110257840046080
369102685602992128
369102597317095426
369102211550167040
369101339944419331
369100263816040450
369098604985585665
369096567652765696
369093548894744576
369033927547052032
369033731266187265
369033591927238656
369033534356209667
369033464386822146
369033257267904512
369033101269147648
369032895496585216
369032775770177537
369032660548476928
369032379697885184
369032179268861952
369031935227473920
369031697955692546
369031564308410369
369031323198844929
368997595886018562
368997223704440833
368735763552153602
368702455103500290
368630327301779457
368520968572243969
368400478914502656
368316547825405952
368286743708979200
368278264327852033
368138305030094848
368138220703584257
368137511195136000
368134942863400960
368125465409900544
367883538336473088
367803316807663616
367759803184984064
367756050063454209
367755808173744128
367755595442823169
367755426932473856
367755248108322816
367755157632995328
367754885682700288
367751486354100224
367744289939267584
367740195895906304
367739398160273410
367729603894206465
367725248189181952
367723554000732160
367703670386749440
367703410113384448
367702940921774080
367694999150141441
367683094163517440
367676859624222720
367675702512214016
367673176899481600
367672961987530752
367672848468705280
367672617228320768
367672403079741440
367672045095878656
367668134163259392
367664538810068992
367566726076325888
367551717438914560
367551340782055424
367412399667961857
367401091975380992
367306228092764160
367259725802373121
367246418945126400
367230465318854656
367229893203206144
367171010648612864
367166325308653570
367166208128200704
367166052678905856
367165652097699840
367165221938274304
367164676481630209
367162729741561856
367161295365095424
367160226275164160
367007610026721280
366886838335586306
366862346855002112
366857371785506816
366855728096481280
366853941620768770
366852090485669889
366815617271083008
366815413092364288
366815224239632384
366815059910995968
366811219618828288
366808460957974528
366807786312581121
366652849964716032
366587286848155649
366586579856261120
366577835831332866
366568524673597440
366566520853233665
366564447638130689
366558541076639744
366549624460283904
366546344929792002
366535429572403200
366530449432002562
366530360131072000
366529915341910017
366529671032082432
366527423346515968
366527397329252352
366515547124404224
366430317701107712
366425258435158018
366272516928442369
366160038454235136
366158690149076994
366153942268264448
366151060705906688
366150779863699456
366128554502656001
366108273411235840
366086195446419456
366083490694959104
366083252932448256
366079931110785024
366078621988827136
366078387011321857
366078221244043265
366078112343134208
366077390344040448
366070783375712256
366068455973208064
365938637529022464
365936358637846529
365858260785442816
365836844727934976
365777521532342272
365750716645650432
365742401962246146
365741562250010624
365740837566550016
365740659149254656
365740467570216961
365740171343310848
365738665537835009
365732212492079104
365729811412430848
365729182765948929
365724404681949184
365601778466693122
365597067751587840
365536727152070657
365536436117712896
365536211344949249
365515295735021569
365515057800556544
365514787972591617
365514715402735616
365514435609108481
365514169379856384
365470117804507137
365453436336095233
365446655933288448
365446468917669888
365446308527472640
365446206291312640
365445704346382338
365361269592694785
365360517231017984
365240369476145153
365240129360637954
365239916663275525
365239513049608192
365239367385624577
365239260577665025
365222594884009987
365214606672658434
365194781938290688
365190646610399232
365190487054888961
365173638208561153
365148563245768705
365065204641431552
365032632330883072
364988548983685122
364893607213273089
364893321082044418
364893104635002881
364892843929632768
364892648265367552
364892475099324416
364892337064783873
364892225311744001
364892041009831936
364891928073998336
364891755017011202
364891657264574464
364891472002170881
364891134121623553
364890906630959108
364890758030954498
364890617949585408
364890542498250755
364876697637621760
364809189601714176
364763165965287426
364759753756393473
364734708413775872
364733966609158144
364733724555886592
364733594570199040
364733392295702529
364733279938691072
364733047721041920
364732871786774528
364732746419027969
364732587006099457
364718618610634753
364713480407887872
364712587411202048
364698694190252033
364692227068395520
364691989679194112
364487806682677248
364487651300495360
364486851295735808
364486787949137920
364484227578216449
364482301151166465
364436437351272448
364434989108449280
364416210341228544
364415576149475329
364392214069116928
364392082724491264
364391788808646656
364391552124063748
364391454195449857
364391260280201216
364390941676675073
364390548607467521
364347232088510464
364341094089097216
364340855097671681
364305806356774912
364204311619698688
364204155184746501
364203690900471808
364203135884988417
364202850651344896
364202644379672576
364202535394873344
364202374690111490
364202234440982528
364201958153789441
364201685058457600
364201417562529793
364201087206563841
364200886894989315
364200711921221632
364200574612275200
364185632970919936
364159567699001344
364079390507810817
364074746494722048
364066911438372866
364049905175625728
364049790037794817
364049653395750912
364048950577201154
364048313965744131
364043729994133505
364031005432094722
363999851928760320
363995255651053568
363976853377122304
363634915625402368
363634370563047424
363634174877380611
363633948888662016
363601276128329730
363591947912359936
363587461781262336
363586922196631553
363586584697778176
363585625343000576
363584356855463936
363583841463566336
363583663352455169
363583421219471360
363582586972409857
363578788250001408
363578014719688704
363577804853481474
363577581750063105
363577330037305344
363577151502548992
363576865966915584
363576315535831040
363568026240557057
363561429942550528
363558288723410944
363448113698459648
363447844679999488
363447451975303169
363435450830032897
363427592461762560
363392517435174912
363390350934540288
363381022739529728
363380870972846081
363380560170713089
363380333632172032
363380025740902400
363378234865369088
363377727782404097
363377399280312320
363377171202441218
363373337445429249
363357555315466240
363357434972499968
363349633906786304
363251655409934336
363250112442531840
363196900679237633
363196692570845184
363196269088743424
363196020429451264
363195837503275008
363186888259022848
363044084287827968
363041175650840576
363039870551199745
363026676764000256
363020467176603649
363019613199536128
363017489535344642
363015979036459008
362990573419900929
362990059370201088
362989713751146496
362879934873604096
362807022544093186
362695330359283712
362662353873010689
362650705485504512
362451663874830336
362302301857251328
362302054301040640
362301861522444288
362090313399025664
361961411523522561
361894705467887616
361874963373899777
361792708492275712
361792527566782464
361792441227018240
361730332011151360
361730068667564035
361632478278062081
361632026723500033
361631236524998656
361630857691283456
361630531407974400
361629613077700608
361627273243279360
361626758698647552
361626465336430594
361626251015884800
361625121850527744
352478052330119169
352477925372735489
352477804220260352
352477560547983360
352477346764296193
352477159601881088
352476975861989377
352476825043214337
352476680281001985
352476472809750529
352462096509841409
352411934567575552
352410858632134662
352410512513970178
352410116340989953
352409621027241985
352409077890039810
352408981249081344
350383232837103617
350382425613930497
350381337393373185
350380653595987969
350380435538313216
350376645930131456
350375496636301313
350375169937784833
350375011275640833
350374536232972288
350372931047661568
350222331265822720
350161253915824128
350146068727595008
350145507974332417
349999440796459008
349998165409271808
349997902879391744
349995873033392129
349995549409292290
349994488573333506
349993125957214208
349914486334951424
349914303622676483
349865223848599552
349864354012868608
349863960742342656
349863669045280768
349863011927867394
349862570213113858
349862333574684674
349862138220785664
349861843986153473
349861662481846272
349831657374748673
349278195431907330
349259875009839105
349254187009314817
349254025134350336
349253864576397312
349253654718586880
349192892801228800
349138275610533888
349118433876652032
349114522201628672
349113724516315136
349110581367803904
349110508764413952
349107980622512128
349106896206168064
349098764981649408
349098584232308736
349098294099705856
349094908843401216
348734094756167680
348518392589860864
348500176362680320
348499961215860737
348499512970588160
348497634748678145
348325601725263873
347726864099471362
347726542991921152
347726378562629632
347710234262896640
347709460095070208
347709205194612739
347709112647307264
347708780873670656
347708507153383424
347708269952917504
347707321356541954
347707117676929025
347706193478815745
347705180608925696
347704371565428737
347703780109869056
347703700128669696
347703460269019136
347703352022405120
347703199962128384
347703035423764481
347702862719119360
347702527971713024
347702402155155456
347702302305558528
347702169832665088
347700173004218368
347621622024384512
347621298010193921
347331553375944706
347331187443912704
347267659236257792
347265185460916224
347264951930462208
347263940050423808
347247128776687616
347246598474063872
347246337621889026
347246040761634816
347245251586580480
347245141028904961
347110272718221314
347110057458163714
347106917514096641
347104709263388672
347098665019641856
347098462388625408
347098222562508802
347097950708715520
347097505013592064
347097360737918976
347084773367369728
347080867853787137
347071236892921856
347051691524374528
347051563694563328
347048488552525824
347048019465752577
347047791585009666
347047567663693825
347047462751596544
347047280949481472
347047165010513921
347047032512462848
347046927705206784
347046847715606528
347046753733836800
347046529510555648
347033863345803264
347033616120938499
347032149737750528
346995278156546049
346993774498557952
346991505182961664
346987363223879680
346660042524749825
346659433797001216
346622394758221824
346400379631710208
346399728424079360
346378336240549888
346378041469042688
346377890511863810
346377797566099456
346377456267173890
346377319964897281
346377230689116161
346376930817363968
346376388988776449
346375957604622336
346375757662138369
346375486827540480
346375274931314688
346375004532899840
346374681454063616
346374607462363136
346374185293053952
346373908619984896
346370334188003328
346369213667098625
346272018058076160
346271909777920000
346269128341983233
346269046288818178
346268670865068034
346268496818225152
346267559932338176
346267357271949313
346266114046693376
346264050394611712
346262506223828993
345465546961199104
345454901909929984
345183375490969600
345183219152453633
345182975505354753
345182682432557056
345182543118733313
345182182706401280
345181805994975233
345181670497992704
345176509155258368
345176100248383488
345175961043607552
345175442493423616
345175246191599617
345174870470057984
345174235217526784
345169432299061248
345164736259842048
345159148134076416
345158603646324738
345158031304163328
345157508601614337
345156952747294720
345085723495518208
345025807971917824
345024464381153281
344924306205208576
344923417885171714
344923239799222272
344922364091437056
344894607538135041
344894452663480320
344894205090471937
344868733182951425
344867840706359296
344858409654439936
344854390349373441
344844471768334336
344843855276953601
344843689908125697
344813944495538177
344801479871299585
344797840473731072
344772061396340737
344746945438437376
344746710830047233
344746529434763265
344745247076675584
344745051181699072
344726653483753472
344724358134132736
344723545412235264
344722835811491840
344722571587104768
344722446353563648
344713460371836928
344712334209581056
344702869557104640
344558953407066114
344542790862127104
344542449898762240
344541916215508992
344517780525154305
344515337112399872
344513201473458176
344512345650909186
344509823460728834
344509071413608448
344471291492962304
344468944125587456
344425357149085696
344423856427126784
344422761323720704
344325796946657280
344325554385862656
344325475419713536
344325329797644288
344325200885710848
344324944651513857
344324809632669698
344324614815625216
344324516933169152
344324255426699264
344301437582442496
344300935494918145
344212097191788545
344211655321845761
344187644353331200
344167861436170241
344148471747584001
344147563903066112
344104213288189952
344095605938868225
344088002638786560
344086974681980929
344085406393962497
344085360474730496
344085217931317248
344085105431695360
344084123066974209
344041552059977728
343989741760413696
343944090779516929
343934386032492545
343844417645465602
343842640732770304
343839333880569857
343838448186163200
343837748974743552
343837575594786816
343837193883762688
343837026220666881
343836964610523136
343836358227410945
343833764826324993
343833695406415872
343833517576294400
343833084770279424
343832546372624385
343832419335540737
343832114384498688
343832058096914433
343831877280481281
343831787656605697
343831745134751746
343831326077620224
343773229661429760
343769422814650368
343740569031438336
343740210015772672
343740011641974784
343739855748075521
343639696225751041
343639405208145923
343639256826249216
343639195656519681
343639079419793408
343638843771195393
343638726884356096
343638464929075200
343637920063819776
343637645135585280
343587742984331264
343587504680734720
343587142431293441
343586906015141889
343491858506342401
343491215360135168
343490815986909184
343489909669101568
343487780296466432
343487508874661888
343487373214113792
343487067625496577
343486975812186112
343486700875558916
343486549738016768
343486315196731392
343486127069618176
343485885301538817
343484260885348352
343435797980147712
343435360786870272
343430316410683394
343429922456469504
343429391558262784
343415698724380674
343414914578259969
343412298129498113
343411179407962112
343409387689349120
343406095223635969
343401218237947905
343397321574342657
343382435221868545
343380863750393857
343357526009589760
343257519432548353
343257331087310848
343257009300336641
343238869547884545
343237890769317888
343236259822575616
343232035776761856
343230689224843264
343115180584083456
343036556728229888
343029235293757441
343029021958885377
343009371166474240
343009325662490624
343009262517243905
343007202228977664
343006102780248064
342981320869281792
342964423033495552
342954606399197185
342953793098485760
342950956343898112
342935860888621056
342920590518272000
342906661045936128
342895405664702464
342894759439900674
342894568699740160
342894357659152384
342894241858592768
342758837679452160
342742836640366592
342741057987018752
342740995496091648
342740864231161857
342740733364674562
342740488417337344
342739367187587072
342736711459168256
342735774581669888
342730783431204864
342726854324654083
342726592612667392
342726132929556480
342725593940516864
342725320551587840
342724072540606464
342723821083713536
342723048081870848
342550585477849088
342550217503158272
342549719005929472
342549378273275904
342549016900423680
342548810398060544
342548546098171904
342548377126453248
342548085492314112
342504875147554816
342497605789556738
342383260313214976
342383054100238336
342371928188805120
342364853127761920
342360592943833089
342356552243634176
342356496627154944
342356387399077888
342356173523144705
342336422449127424
342335865781100544
342329837215694848
342329695146237952
342329574153134080
342329326588538881
342329002767302657
342328110374608896
342327903826108416
342327205474467840
342324174095777793
342324120589045761
342323864304500736
342323728295800833
342323617826217986
342323220038418432
342323175134216192
342323089952083969
342316485890428930
342270348802269185
342270172238856193
342158499221995521
342158262197706752
342157801713442816
342157469239357440
342157175692599296
342145608972386304
341873994879885312
341873296880570371
341871863259070465
341865555520790529
341692725814509571
341691041851768832
341690645200662528
341690427327541248
341688643716530178
341688439407775744
341686906758787072
341686483884855296
341686439827877889
341686257795092481
341686010666688512
341683461888815104
341630340462411776
341598439450226690
341597992228384768
341597776150421504
341597682562912257
341596153864937472
341581827762438144
341580312771436546
341551084441051136
341550645851062273
341549822773428225
341484111522844672
341341288639107072
341294213570363392
341293936867946496
341293181129863168
341290865760808962
341287991442038784
341282500213100544
341280902871126016
341259617986285568
341252619697790976
341251991370072064
341251593427095552
341245182408278016
341245100032159744
341244855189655552
341244687023230976
341244528839233536
341244428540850176
341243271688904704
341242615976579072
341241597406629888
341240381347876864
341231835352793088
341217671494397952
340886160131891200
340813014586511360
340574540700721153
340574466868379648
340574250157096960
340574051523248128
340573916277927936
340573793791660032
340573690351730689
340573389318139906
340573315745861632
340573135852150785
340572762252918784
340563526353567744
340551306441797632
340549062443016193
340540853875507200
340490513880846336
340488323426578432
340475677507739648
340473647150026752
340461842549862400
340440614262951939
340435498709446656
340435215702966273
340426152789282816
340425515460616192
340424721491451904
340424090324172800
340422159153377281
340420684322844673
340419791464566784
340419470164103169
340419206040395776
340418328596213762
340398188810870784
340397880651165696
340397732286042112
340315702806315008
340284452414554114
340284366448107520
340284083038986240
340284013610676224
340283945570664448
340283221180821504
340282691394088962
340282537010147328
340281155112816640
340280120403169281
340277760503209984
340055419705753600
339999953659260928
339987086423760896
339986831296847872
339854702495809536
339854194255220736
339854019541475328
339853835239571456
339835984776675330
339826257090981888
339824060789837824
339822518938529792
339817103735533569
339809655159144448
339804576607764480
339804345489047552
339803694352719872
339802979773321218
339797814295011329
339797592424722432
339797153830543360
339795508388323328
339786345666994176
339768812226367491
339516145935740929
339515034688434179
339514741292662786
339513847700414464
339513507345211393
339511888129957889
339410819693563905
339410403601833984
339409769137836032
339408057094254592
339407263049580544
339405952191180800
339405121165352960
339396408555732992
339367610468671489
339336826680655872
339332265878380544
339332088610295808
339331900399316992
339303799724310530
339303518215213056
339303258382286848
339301980478517248
339299819434688513
339278182052155392
339277745135710209
339275309822136321
339272993366757378
339259952470294528
339259756868952065
339259637490655232
339065521418928131
339059941518213120
339057523036409856
339053274521010177
339052705148440576
339051224995344384
339051096372805632
339050430359289856
339048995122987008
339041670635077632
339030516026187776
339030384492834816
339029985392214017
339014006629101568
339009201890263040
338977072414339072
338968373721448448
338967264852320256
338967166651076608
338966915550674945
338966598457106432
338958415856537601
338948664963764224
338948458524323840
338948362319585280
338947367774584834
338920559788298240
338565139278213122
338551644788760576
338551332447342593
338461157859917824
338461077367042048
338460787645497344
338430610152488960
338421701564047360
338414649286488065
338414109789929473
338413306069012480
338400417002184704
338399460298211328
338397522160672768
338395918162341891
338393304225964032
338391716086288384
338386411763933186
338384511924596736
338383410412285952
338368488185950208
338359339242905600
338356117295988738
338353321041596416
338349181083217921
338348560217153536
338346484137345024
338345983735894016
338331164731375616
338329502490976256
338322188581101568
338319286814789632
338045244929085440
338037684884881408
337872649357246464
337754929810780161
337754147745062913
337735515916861440
337504745277255682
337500626177126400
337268013864714240
337242244128063488
337241164426133504
337240725672558592
337240668026064896
337240261484748800
337235329448824833
337234609790140417
337232684835295233
337231483028774912
337231263041720321
337230755870699520
337229580911915009
337224168808517633
337199503079776257
337189440525049857
337139472309309441
337114727761186816
337092507424931840
336941309795381248
336938880630677505
336842255375663105
336799628911575041
336773442529542144
336773163482492928
336772917725626369
336756060134182912
336739198532980736
336735108709093376
336729955381682176
336729482457128960
336555904424083456
336225181594968066
336163822899437569
336162371498283008
336161171084300288
336160389156990976
336160246303186944
336157111933345792
336155753205354496
336153019349606400
336152759197913088
336144999613874176
336144771565371393
336143033890373632
336142695548465153
336140347358986240
336140297266425856
336137631295500289
336137304517255170
336136426435514370
336136147690455040
336134366809956352
336132748110594050
336132691768512512
336126989171818496
336125514911739904
336124821777813505
336122587543392259
336120056163471360
336106462759763970
336104207432179713
336104018432622593
336103671379136512
336103458136535042
336103303341551616
336103132004220928
336103038374797312
336102828374384640
336102679581433857
336102372336074752
336101982475522048
335996811036737536
335735188795584512
335735025364508673
335734667087081474
335709332966612993
335697602429476864
335692772248006656
335689767763210240
335682956469366785
335675160835272705
335670503115202560
335670117599944704
335657464907313152
335656653791838208
335645619995688960
335521626823225344
335515712909086720
335420984570028032
335420603802734592
335420425611927552
335420327456804864
335420247488217088
335400214544412672
335364823477014529
335360654250762240
335349815225483264
335341507143954432
335319614659653632
335319106368716800
335307291026931712
335303918059925504
335303466656358400
335263037349060609
335046434237861888
335046365136711680
335038562242289665
335035276630056960
334987508423213056
334971291281010689
334948802249228290
334925397500256257
334925101407555584
334924942783172608
334920872827707392
334919736674631680
334918047020249088
334780739709173760
334775101369229312
334773875512590336
334773535169994752
334772517103357952
334769263627870208
334762808698888192
334760792337555456
334726248720916480
334724729321684995
334706012042960896
334703501672345601
334699438914293760
334671984476684289
334626382359429120
334584677543329792
334576499271270401
334572315729870848
334541440413745152
334541217549414400
334541101849522176
334540995104493568
334540805727477761
334525317626609665
334437602088321026
334423194696024064
334414593088688128
334414211994222592
334407515817259008
334405052271820800
334402576059617281
334401255017414656
334400492899823618
334399083261353986
334398018763763712
334394831562502147
334393259919032320
334391550480105473
334382501093052416
334381762950090753
334381676853608448
334381337970618368
334369078561107968
334368708904505344
334368206594641923
334301903951368193
334292242934149123
334292147647950848
334222705157079040
334209047513411584
334207582560464897
334065341724491777
334058503083794435
333861844613742592
333640007233466368
333639749518647297
333634864840581120
333634755079860224
333631739979247616
333626504116305920
333626035172171777
333623638236479488
333614134996389888
333607425565405184
333601635790114816
333597028737228800
333594509927657472
333591706886873089
333585668708122624
333584938182000640
333583373870194689
333577500137508864
333556525668909056
333483623103725568
333483200145928192
333328031399682048
333302005143568384
333301095109648384
333300582653775872
333299026038501376
333296338487889920
333294833395462145
333293811776225280
333293466132033536
333292866954731520
333288579566563328
333283223171915776
333281983109140480
333280321296556032
333277029002780674
333270317529174016
333270095642124289
333259375852519425
333257032775892992
333254304595054593
333253946799968256
333253318635831296
333243148350398466
333240682045124608
333240068238086144
333238491901218816
333237998298755072
333234930861625346
333228974090113027
333222282283610115
333207165441564672
333185567355453440
333125950118182912
333124070356971520
333122698584653824
333116818371796992
333116378674507776
333115825814913024
333115431260938240
333115139089895424
333111994322411520
333111027170439168
333109254665940994
332998382677274624
332998105173745664
332864010192027648
332838982067056640
332838536355135489
332837930152386560
332782579596001280
332770235776135168
332770086270169088
332763382501486593
332762273980510208
332762056958828544
332761855145676800
332761405902172163
332703863431901185
332617627832827904
332617186432651264
332616644423712768
332615711245598723
332615424543948803
332614558004948993
332612372856451072
332610523659132928
332610399704842240
332610158310092800
332609973995593728
332609872657010689
332609784484331520
332579809186181120
332492011204644866
332481536832176129
332476424902557697
332469133239271426
332451737824817153
332414265153687552
332412486684909568
332408943798280192
332407593223983104
332406369170911235
332405232686469120
332368418663714816
332075040432603136
332066501836275712
332062168692441088
332061241197621248
332017157275803648
331878982645596161
331868260331032578
331865861109473283
331861590175543297
331859945618288642
331859146964103168
331855164875096065
331852635814637568
331830494809444352
331829915336974336
331825628829597696
331821896905666560
331818481169342464
331816102361448449
331727347877289984
331726007792979968
331675368710893568
331672991287087104
331652452678000640
331504349006159872
331492280445829120
331485964331528192
331474753099558913
331473752758046720
331473191522418689
331459791119581184
331459652908896257
331329878156779521
331329761349611521
331329586434547712
331326741639471104
331317396948279296
331196507413966848
331196185383690240
331194070414290944
331172405202526208
331088774303981569
331087425495519233
331083123104288770
331080613081800705
331072028029362177
331070820313083904
331069986141507586
331059663938404352
331059608737181696
331059530035249152
331059437940899840
331059339693547521
331052579486318592
331052360971464704
331048834186747905
331047636079607808
331042437696995330
331041912662401025
331038853131546624
331038454446182400
331038126237691904
330998687889240064
330981965828329472
330974487455625216
330970240588599296
330938527846117376
330778920150503424
330722419255943168
330715649913536512
330715374045769729
330714416498757632
330712769336852481
330712613434560512
330708669887049728
330642881792573440
330641769597399041
330579006170750976
330578782018732032
330578678532673536
330382313508724738
330381709973524481
330381278308360192
330380975496380416
330380796261195777
330380630225465344
330380501330325505
330380229711376384
330380024945442817
330379814601117696
330379571448934401
330379505757732864
330379357254213632
330379103779840000
330378858643726336
330365007617482754
330331203477590016
330328319604191232
330328211709890562
330328096186191872
330327900479946753
330326160586199040
330325495709306880
330324861996122115
330304056960634880
330276901115547648
330276492959428608
330268819522195456
330268406945296385
330267173920583680
330263863901712385
330248510261829632
330245809973112832
330244377765097473
330240928734400512
330217085709996033
330096341713825793
330095928306438144
330095822106681345
330095350004203520
330085004875022336
330065410781233156
330065273606533121
330065179654107136
330061575371227137
330059832759570432
330059092846579712
330054477405118464
330052658952019970
330052150778552321
330047349927866368
330037519456559104
330034620479451136
330017460197683200
330016915097538560
330013884696113153
330013630093475840
330004662457626625
330000594972581888
329999423960653824
329997071765618690
329991908174737408
329989201787506689
329989036167032833
329988971864129536
329988919603101699
329988806918930433
329988643324325889
329981270085992449
329980413000957952
329961992481812480
329961814576218113
329952611027537921
329914324611121153
329906620861673476
329906229793157121
329888075360653312
329857545143459840
329701039513149440
329694372738265088
329691067672834048
329690618068615169
329684444879400961
329673477449723905
329663070634926080
329662916620083200
329656622521671680
329638891055349761
329638578424524801
329638013921546241
329637191322071040
329635440355323904
329635339826262016
329634911461994496
329634780952002560
329629709547753474
329542866034626562
329542451637403648
329538047471403008
329537818491760640
329494205439279104
329488304187777024
329487560344731648
329365650323689473
329365214522908672
329365095761182721
329364907403386880
329347718545813505
329336609201864705
329334840061218818
329332200162086912
329331707721445376
329330909486673922
329318259893620736
329309315703910400
329305476166729728
329299684768227328
329298855990546434
329295783423787008
329295653891096576
329295371551526913
329295278895153152
329295105452302337
329295008903614465
329294911063068672
329294762999939072
329294673325744128
329294544334123008
329294132944183297
329293550464401408
329292639444815872
329285763881644033
329179182984744960
329147073956028416
329132623513411584
329131977091448833
328973866703667200
328973688013717505
328970100071858176
328966799221719040
328965455861661700
328956400254468098
328954970005192706
328954605876699137
328951997996863488
328938731702734849
328938560600285184
328937111485034496
328916943493005312
328916689607618561
328909618686357506
328867544909889536
328852979056779265
328832234440241152
328644216265781248
328642240190767105
328640769491611648
328638701246754816
328636785649401857
328618580625211392
328583660720750594
328546830201786370
328543995418509313
328538830883938304
328537960498724865
328535085383028738
328524636956524544
328524143249203202
328522700328939520
328512467145723904
328511230547472384
328509897794793472
328500059677278208
328499100939083776
328489019941982210
328452210444869632
328451916730355713
328450904040812545
328450729197064192
328443764261658624
328436940590432257
328271838767636480
328271169134419968
328270947167649793
328264829007716352
328264685839323136
328263836824117248
328262883223957505
328169161693990913
328168829563846656
328091049815842816
328071407772762112
328052122937606146
327918670129016832
327918568475852800
327917555215912962
327916987185504256
327823895656812544
327823681436938241
327818556827918336
327816290146340864
327814631731130368
327809552282169344
327809047061467138
327806616000921600
327796154119094272
327795660994772994
327791166143737856
327791020244881408
327790674881703936
327775608702644225
327702283276144640
327701885354123265
327701508923740161
327700763730128896
327700034483261440
327699335993245696
327694517677477889
327643591159717888
327634396821729280
327542334248075264
327535963112894465
327534594217885696
327533871107280896
327529415254872065
327526285821739008
327524921871831040
327510631802613760
327502448690339840
327495534313082880
327493341606469632
327487330283839489
327483992452517888
327483515992145920
327482877954633729
327481091667677184
327480315297808384
327477062120124417
327469392688467968
327468649722036224
327468171722371072
327467501137043456
327467299797864448
327466560967028736
327464252929622016
327406559594438657
327397999430991873
327371352023629825
327370887022129152
327354245986795520
327345818761850880
327345266174853120
327342617509650432
327340708807733248
327336150371020800
327335936184709120
327335638619799552
327335381706108928
327320182215303168
327317643201744896
327316267591671808
327316063681388544
327315683975262208
327315051696517121
327296667864944640
327295157714173952
327292962075725825
327292790398652416
327205001791434752
327203044674646016
327202746522533889
327202597222105089
327197949501255680
327197698719629312
327196136941162498
327177524654260224
327171230740385792
327171069289066496
327167366406496257
327164251544354816
327163781186744320
327152717590044672
327149717215662080
327148308030173184
327143324848910336
327142366819536897
327133455555100672
327118424541102080
327117746993242113
327117175422853121
327092151299227648
327082398636466177
327051137389846529
327001155848769537
327000962201968640
326987824119312385
326987358580903936
326987165915545600
326966171427540992
326933973169238016
326933291716444160
326932842783334400
326932311184650240
326932100882259968
326929071269347328
326926404585394177
326918721258020865
326917733776252928
326807894785925120
326807747884642304
326804646972780548
326804230742618112
326801621797453825
326801484685656065
326801198529249280
326796805054533632
326795994610159616
326795105270919170
326793880852897792
326791576720404481
326785477036351488
326776789793914880
326774966567723008
326768059291430912
326767639391260672
326767287027777536
326767214759907329
326767154382925824
326767107167645697
326766874207612929
326766634062708736
326766450394140673
326766403141107713
326766265068830721
326766184760496129
326765755628679169
326754022822408192
326752545009709056
326751901855133696
326751160302198784
326738467566530560
326738152427495425
326738046844276736
326733416349458432
326731189534740482
326728207116148739
326727909064724480
326727534324637697
326723874211381250
326719690351198208
326648598160883716
326648363938361346
326647550511824896
326647443674501122
326647310899609600
326646999803908096
326590302892720128
326420508579074048
326418521099747328
326415025269006336
326413852239609856
326410826238017537
326396890461634560
326373630021877760
326373358096756736
326372299911618560
326371008896446465
326351440475987968
326351130760192004
326301331067383808
326280277800398849
326279885737820160
326279668821028864
326279380756217858
326279168780279808
326278918078357504
326278737207382016
326278533779451904
326278083978072064
326277915274788864
326277661007683585
326277542283722752
326277185352638464
326276959896227840
326276857022525441
326275427809255424
326273278299746304
326218990877806592
326146621077323777
326145676280995840
326143776059949056
326071748556640256
326020729894236160
326020143937376257
326016155665973248
326011932119289856
326005849187315712
326004729618501634
326000160637325313
325995231466110977
325995163182833665
325995121151733761
325994167484440576
325988094367133697
325986672821022720
325975819900026881
325975302050291712
325974350559854592
325971705191350273
325889941219450881
325888906446921728
325518913679024128
325385643570110464
325385303282049024
325385193240293376
325384624744304641
325384339728769024
325384292555448321
325384040494551040
325383690853175296
325383617352183809
325383494555545602
325383379094761472
325383262501470208
325383063980867584
325382951636447233
325382665823981568
325377916261244931
325375726696161280
325375454146097152
325375124159229955
325374866058526720
325374747695271937
325213429034004480
325210526235893761
325207583055048704
325206468787838976
324932563326099457
324796805034409984
324613467673853953
324611798730948608
324607376118407168
324602274779389952
324598749026471936
324593852042317824
324593653353938945
324593127916703749
324593058391920640
324584146817134593
324581121507590144
324500413393014786
324460250755387393
324459960819908608
324459641385918464
324456989226840064
324452218663215104
324448884912975872
324336985206554624
324336623103901696
324335634477101056
324333442928087040
324333128174956544
324268591077814272
324268118182612993
324267972640243713
324267049947918337
324266907119271936
324244757205372930
324241735146430464
324233218905735168
324220894367064064
324219394014208000
324182841732788224
324109446982811648
324106268073660417
324095699459403776
324081648197070849
324072206365773824
324071895215509504
324059241579167744
323916105787793409
323915263852552193
323769203788230656
