398042866292756480
398038256404549632
397825102513209344
397824084245221376
397468850888769536
397454832350822400
397099284191281152
397090132198961152
397087832919273472
397087493491003392
397085696810573825
397084588667064320
397083585330827264
397083183751397377
396727574615031809
396727123790286848
396719751877365760
396719391448244225
396715927322243072
396714435353780224
396714098920288256
396711738999320576
396708876537847808
396174852866211840
396024099186966529
396022818842107904
395694707655069696
395686162482077696
395680507130019840
395679349548281856
395678682737819649
395677591744806912
395644546517721089
395639892555726849
395603431542779904
395602880985833472
395602093102596097
395601736523841536
395601397548597248
395589801186820096
395588823381315587
395558151803514880
395556900302888960
394925146047520768
394925134727094273
394887113512353792
394854516320792576
394849703147212800
394756628278693888
394756523773411328
394755972188893184
394755624636276736
394755537260535808
394552797322309632
394550455080329216
394548168903634944
394547510473400320
394527631112425472
394178905143533568
394173125107404800
394169542991446016
394165515184537600
394163413133582336
394161033008644096
394159794514567168
394154153930661888
393994715198414848
393994369017348096
393332505526689792
393075633175416832
392765679965052928
392764689098481664
392763785897066496
392739993284009984
392738960923164673
392737823805419521
392708505729527809
392652821218066432
392642438323384320
392387628063940608
392382950936834048
392001546952929280
392001398021566464
391998166805258240
391994938684354560
391934674097807360
391888307719643136
391677889219141632
391675189488275456
391672887939461120
391661264621273088
391660253106176000
391650249905029121
391628869268426752
391626647080026113
391626151229423616
391587785997836288
391587059636264963
391586003678294016
391149991307530240
391099067146985472
390485246413918208
390485190122164224
390439840992731136
390424264433618944
390422968666296321
390221873117929472
390221787990347776
390217552355676160
390216564903256064
390214498629738497
390212257214631936
390206827222544384
390205837157097472
390203382989717504
390200890487214080
390154759212388352
389747295904100352
389494126770925568
389493985703915520
389493278972084224
389492544352317441
389465252875993088
389464125816180736
389462333975957504
389459903783653376
389459049114513408
389457599688876034
389122422664097792
389117928614154240
389117793750495232
389107457362264064
389107185030299648
389102212984872960
389099834923573249
389098951003348992
389097153899274240
389096400388370432
389095145448423424
389094897258872832
389094740148625408
389089333820813312
389088181960065024
389086118266044416
389084906749722624
388772292098277376
388771886647496704
388757099406430208
388745816330211328
388745247796506624
388744889850421250
388644369852817408
388560461559365633
388208004094373888
388005894492938240
388000229523324928
387998719263522816
387987751821266944
387970634489548801
387927087622807553
387911110449696768
386565002712580096
386560020290490368
386554412367626240
386552052723486720
386484291330248704
386453883897536512
386453010588913664
385964365083848704
385964314299224064
385849782696427520
385657625964470272
385471189164257280
385471139340124160
385471009996156928
385470940026765313
385470001375117312
385459698579030016
385459619688378368
385459365844885504
385444774909468672
385432183189823488
385431958635175936
385431110999887872
385430508236447744
385430272394932224
385430037379686400
385429469164752896
385315761017065472
385315154151628800
385314691960291328
385304520190066688
385287419631001600
385287301527769088
385287056941150209
385286226519265280
385285749010358272
384911761876746240
384911665755873281
384910861598728192
384910037560606720
384909960301527040
384909829091102720
384909725848330240
384909481035190272
384909176453214208
384909021662420992
384908285159436288
384773104721227776
384619436226793472
384391886687195136
384297294516203520
384207205836521472
384086989689323520
384063309563297792
384052655490093056
384052549198032897
384045507494285312
384035093242986496
384033618844471296
384031540747194369
384030827098939392
384029775314309120
384027359718178816
384026134218014720
384023251565162496
384019738902667264
384018473938321408
384016910016606209
383888152840388608
383658900719140864
383658698658578432
383658606266421248
383658385075630080
383658341811355649
383629362668773376
383629326887157761
383619379193470976
383601873074528256
383294169126825984
383269047632412672
382978871647551489
382748556060540928
382254940682727424
382253440107560960
382249308437118977
382208482784464896
382203020450476032
381885009441087488
381883545889030144
381883414137544704
381801135977533441
381800391954137088
381800166061527040
381799876444827649
381799787986972672
381762098222870528
381759802277654528
381759645020598272
381754597326721024
381754171323863040
381751748647321600
381742502971465728
381731572715495424
381731329429078016
381731021667844096
381726341600538624
381725321088618496
381722521533288448
381479229176971264
381471245176299520
381470883539206144
381466919536037889
381366074799063040
381355236767850496
381347921049829376
381347354055430144
381346905164242944
381346274965872640
381345947113910273
381345636374687744
381345299425288192
381344786906484736
381340785779560448
381287828527009792
381286640943366144
381104885691064320
381104695861059585
381098835445284864
381097538239348736
381000333024964608
380952840208130048
380952694279909376
380951979285311488
380822019090440192
380817523283066880
380817390051028994
380769748407308288
380769671131435008
380769534665568256
380768319466246144
380765185130393600
380764481317388289
380757048704520192
380752261825044481
380750112546246656
380748684159225856
380745778513195008
380719927919140864
380706538677354496
380683487269093376
380673960910028800
380673724590329856
380646494157565952
380645832812290048
380628948679663616
380625443679789056
380410701539704832
380230809330126848
380230410313035776
380221942919618560
380219976948670464
380219266462916608
380218313135370240
380077343660052480
380077138076254208
380058278580867072
380020360478879744
380019443616604160
380019012727369728
380018581926187008
379989969005064192
379989320808947712
379988837004349440
379988506677743617
379988077734658048
379987852349558784
379987333237313536
379986997193895936
379974329645019137
379973987108782080
379973541778579457
379973286970396672
379972895650226176
379972527419703296
379965365532372992
379952199775698944
379951788117340160
379947010838638593
379946460810579968
379945592517951488
379945036109979648
379944553052008449
379943968701575168
379943211843584000
379941951694700544
379927121327448064
379919626706386944
379917182668247040
379916624226025472
379908898347438082
379908558403301378
379907162731851776
379906609658732544
379893381167849472
379893272141111296
379862043190648832
379861948915269632
379861770044985344
379681344965865472
379680921601212416
379678573462028288
379677800036597760
379677534025441280
379672033015390208
379664357820739584
379663413565468672
379662475538759680
379652618802716672
379648246303297536
379647302291292160
379647110913617920
379644756303020032
379634892448870400
379634500684091392
379634143102910465
379633751128428544
379602532395266049
379601270052773888
379600658573172738
379600115154952193
379599737394970625
379592938550202369
379585172959547392
379584883179282432
379584250921492481
379583999510728705
379575475523158018
379565967673528320
379565664639254528
379565371063164929
379564798515507201
379563759859429376
379559566159409153
379559122624327680
379558112857837569
379548759836733440
379546405905235968
379545367920263168
379544705257570305
379518674677166082
379355332721782784
379355168166658048
379353647337177088
379351673980092416
379351501992255488
379351112110702592
379296521360912384
379296196675637248
379295955922599936
379279631100436480
379265007709855744
379263462188544000
379245976302923776
379236145982210048
379235199633989632
379234734347284480
379233839698022400
379231542972661760
379213329312387072
379213000189558785
379208994767634432
379198775384096768
379198467895492608
379196925603749888
378934290408804352
378934146535395329
378933429594640385
378932620349812736
378932124595671041
378931366110326784
378931101802057728
378930504604459008
378926952817901568
378917735876415488
378916224291196928
378915762582196224
378901966119641088
378901027744800769
378900504979324929
378900197780119552
378884491525505024
378878300812476417
378874422527930368
378873860755451904
378870423645339648
378867469655752704
378865503076229120
378859564952588288
378857990478393344
378844577022496769
378843161428107264
378842373762994176
378817939069497345
378816616332394497
378813288319967233
378811585310883840
378811244100063232
378810637532426240
378810432254783488
378809722062647296
378809364905070592
378796922128973824
378796357252689920
378795988212654080
378795697996173313
378792782019584000
378783505364549632
378625847009107968
378624493767241728
378623114378104832
378592309287202817
378590865892990976
378572063784439808
378571775828701184
378571384059752448
378571075430264833
378570628640423936
378570058781315073
378563857272152065
378558980563668992
378558858723360769
378558352919642112
378527063256616960
378526936810938368
378525187630985216
378522947603791873
378522266981511168
378521579375693826
378520517923594241
378511964932407296
378511689484103680
378511587185000448
378510222081679360
378507365550526464
378506879879483393
378506124686675968
378497092207251456
378493188652023808
378492433694093313
378479887943598081
378477975844298752
378471876361990144
378462747869974528
378460299017199616
378455771425415168
378448804942741504
378440948398579712
378440231491354625
378435458088173568
378434786282717184
378428161022623744
378067938777255936
378047107279892480
378046375453540352
378046212425129984
378045673117327360
378015010800541696
378014914641936384
378013225063022592
378013117986652160
378012807855628288
378012063605739520
378011588835680256
378011445495361536
378011311873216512
378010879142658048
378010657750532096
377903918963245056
377872204350107648
377831912909586432
377831548281958400
377786493986947072
377683072747331584
377681780603899904
377501433140375552
377500488088162304
377500425760808960
377491911348875264
377491725289545728
377490985514958848
377445858922352640
377429712483909632
377400443720065024
377141675451514880
377128205733601280
377090783423516672
377069101421559810
377068056511393792
377061213307293696
376995409039990784
376989202568986624
376989022281039872
376988610656223232
376988364299587584
376988167993556992
376908479539470336
376908353743908864
376908090140274688
376907707674271744
376906728237191168
376789139502690304
376634196699394048
376634093766991872
376419706737274881
376419224111304704
376418504431665152
376415417625214976
376414766245629953
376412888661245952
376412124668788736
376411795264901120
376411483347120128
376410444912939008
376408767526887424
376407887880650752
376407445733933056
376407229702078464
376406974600335360
376404844548194304
376404093784588288
376400504244690944
376386467062616064
376235234645520384
376235008098570240
376234741235990528
376071880022953985
376067873799962624
376028433702486016
376028420964368384
375674774217052160
375652054628196352
375645124908580864
375606256179752963
375322641118150657
375314324459225088
375288392650858496
375263341754986496
374917472132268032
374915366537150464
374830603612737536
374818577536122880
374605566020452352
374605170703085568
374566740010614786
374557258845138944
374551189079474176
374546384470278146
374535287940333568
374535216846897152
374425590331604992
373979040484700160
373877548662669313
373877058495328257
373814311287656448
373191112972054528
373084851114487808
373073398454554624
373042042609598465
373041872123731969
373037044512989184
373035480822325248
373035398156787712
373029783418204160
372968670668288000
372968469392003072
372941484754231297
371932015945588736
370874504844943360
370870808740388864
369503770612228096
369373710701973504
362895108909182976
362662184603885568
362662093008289792
362634307304566785
362634001581735936
362482414209077248
362302110097874944
362301507330260993
362300049071407105
362277480037511168
362276249042837504
362255161437061121
362254893068713984
362158694756126720
362157113155403776
361812489744289793
360748743953358850
360748299990478849
360747943386546176
360743470874378240
360742877577482242
360733378800128001
360732328068251649
360525619806736385
360525291707310080
360056577450975234
359792357878661121
359792303897980928
359789666741923844
359784328445693952
359782805401632768
359740637064601601
359647060804386816
359421374923681793
359418523044429825
359413057165860864
359398842074005504
359359891774771200
359350912696860672
359228011758895104
359201832297431040
358238872259792896
358237811713273857
357950126041464832
357949537815498754
357930021156962307
357828218151505920
357828046784835584
357808578205196288
357808370700804096
357596460910510080
357490974064263168
357216542687113216
357216266848710656
357212680400023552
357208581952634881
357208243124174849
357188521229955077
357176807327416321
357175959029415939
357034112927793152
356794023765241856
356793268853420032
356793053907914752
356791006835912704
356789140475498496
356755255322611712
356166767862767617
356164864747634689
356158420761591808
356157849929388032
356122912626974721
356122733131739136
356122370148282368
355706989621428227
355672342376103937
355417914599419905
355412461857427456
355392117184548864
355390915633897472
355378957970976768
355378829931446272
355378677028102144
355308997877825536
355307493850746880
355301788137701378
355301438798311427
355078873324589056
355078182212345857
354987529658834944
354586163656396801
353251949866524672
353244256896430080
353200438478241794
353083004341596160
352915055035162624
352914757134721024
352914591409381376
352914317370339328
352914214043648001
352888685815017472
352883344264007683
352878512224477184
352877513241931776
352873079740968960
352870486054670338
352869293404323840
352868565914902528
352866458688172032
352865296471695360
352861105212780544
352858565905612800
352812592080748544
352807131877093376
352800815817302016
352793846637264896
352491095181103106
352485103114534912
352484139192172544
352467841846493184
352461912665104384
352459193187446784
352455155888824320
352450312562421760
352442832092528642
352436540129026048
352390974116352000
352377921119350784
352374400332468224
352373223112978433
352373048751566850
352372973384118272
352372283286896640
352327730299289600
352171696469458944
352168740508545024
352168183521746946
352165446553837569
352146408423428096
352141378408574976
352138971414937601
352087039967113216
351809781293518848
351808149717659650
351702372218716160
351701923554000896
351701599816675328
351687269628911616
351648199653613568
351647101677088768
351452118143614976
351451695735250944
351451513849249792
351450553684992000
351450441235701760
351450357135704064
351418447604883456
351410059001077760
351408754241187841
351406417300824064
351406034880970753
351204313055494145
351203734975549440
351113103561334785
351112620494950400
351112043845279744
351111958273064961
351107018528014336
351106889389600768
351101937330057217
351101063153197056
351100623158124544
351096442829549568
351096051064791040
351093218634506240
351092319698685953
351090762634641408
351086947470548992
351084062405955586
351081238301376512
351077904337219584
351060759947657217
350949705192177665
350743862207193088
350743407032934400
350734345167835136
350731453543350273
350726047374917633
350725620193431553
350703367611359233
350699142454067200
350698975118114817
350698850111062016
350687209596260353
350680935685046274
350679946760445952
350677526458277888
350654791619321857
350649218773430273
350560517141692416
350538833529552897
350538561830920192
350538334537396224
350538096825208833
350537968194289664
350521997912076288
350313596753948672
350311717177270275
350301100898914304
350285867102908416
349945747438968832
349945499979231232
349944839900626944
349944656634720257
349939124809121792
349878077595201538
349863740172275712
349862933007839232
349860256475643904
349858602858708994
349645308701052929
349639760991633408
349639350243426306
349638335863590916
349617716484767747
349603638865440769
349602627199307778
349599484621225984
349597304979849216
349589076548132864
349589006176108547
349542547330318337
349541344533946370
349510783606079488
349510549270315008
349510316691976192
349510149125312515
349293548786548741
349223470233686016
349222266648793088
349221830294384641
349153593745633281
349138599108816896
349096785236590592
349086430213054465
348909557071880193
348883309717241858
348882836843020289
348882335099412481
348881103760785408
348880340309401601
348879249299628034
348878472074117120
348878185691234305
348769317237714944
348752342105063424
348589888578408448
348535177514975235
348534515691556865
348533385876107266
348530889795448832
348525292068950016
348524011602452480
348523111278342145
348516796443262976
348513836019642368
348512188220190720
348511655577137152
348507420395438080
348506555043418112
348506369227362304
348474362703265792
348473048392949760
348472270685085696
348366420263985152
348176124909600769
348171471639683073
347778809422024705
347429006750146560
347339229111676928
347295634602221569
347295316166463489
347295101451644928
347069830391820288
347067557783666688
347067239444381697
347064821868527617
347064267331207168
347063482975395840
346948286785138688
346942472150204416
346939960567398400
346939400573304833
346936819209863168
346936437792448512
346936052826644482
346693181276033024
346656894141726720
346656280561201152
346656163141656577
346656075120001024
346620777778515970
346607449349976065
346319134671396864
346317883711844353
346301626530807808
346298470442876928
346295674616287232
346267444358283264
346267347079806977
346257933031575553
346257244012294144
346256699541303296
346256631098646528
346000571351834626
345999512617230336
345996308261249025
345996094607597568
345994681269760001
345993591065305089
345993347296542720
345992807921635329
345992360217427968
345992070449729537
345991803356475392
345989986191036416
345985414919766019
345978116696596481
345977470400466944
345977253873725442
345976681237970944
345976001471344641
345972229420482561
345972091021053953
345678994827509761
345639151149936640
345573617016385536
345573313965330433
345513291705114626
345511255378903040
345293496091025408
345286821376311296
345286400322703362
345286014518046720
345270467751452672
345270385249501184
345269542492184576
345269521688444928
345257930112778241
345222837667237888
345130743871184897
344948822998401024
344948699627151360
344914297903792128
344825849620619266
344566033178308608
344531991473053696
344530082435584000
344478716937768960
344478510435418113
344473948261609472
344461612649951232
344461310928486401
344461068984266752
344460921122476032
344070930483511297
344013161172713472
344011457656152064
343845388714917890
343836225288949760
343835628208812033
343835058647465984
343825708923105280
343790688737050625
343777042317312000
343766871268536322
343765762273591296
343709050602651648
343647926096125952
343471745338068993
343470349121376256
343469905854750720
343465803749928960
343465643112267777
343465499184726016
343464266688524288
343463153184698368
343461385407176704
343461295779086337
343460041921277952
343459688454696962
343459502110167042
343456677611307008
343453944615424000
343437628617678849
343433341552431106
343314696306323456
343314251227729921
343259265311580161
343131323201888258
343131208747712512
343109012973293568
343107676722565121
343106608731152384
343105970290966528
343105421944434689
343104918569226241
343103968454533120
343103439150137344
343092299435225089
343091821112598528
343091145108250624
343089151844970496
343086292663418880
343085064340520961
343081650869125120
343081522343063554
343079432359129089
343078393509736448
343072275261710336
343068517572173824
343067891232538624
343067740979990529
343058359202750467
343058109431943169
343057967849013248
343057823476887556
343057767600373760
343057320357539842
343046106319552512
343046062027710465
342755917005197315
342714167553306626
342683032639119361
342661234312744960
342661090687193088
342415686448082944
342369524802281472
342360591962365952
342353021981835264
342351315290181632
342351011987472385
342348857457381376
342347530299924480
342342540621668352
342317921336451072
342301983367110657
342301422563520512
342298207344283648
342289957118939136
342259149876383746
342237765821419522
342236560844021760
342234561318633474
342217539113336833
342216504936390656
342177196212887552
342005291040256001
342002702156443649
342002329475768320
342001729610584065
342001296280260608
342000782171848704
342000227189915649
341999916958240768
341999052663189504
341998691260960768
341997748691824640
341996879388737536
341959169680736257
341914170956058624
341910288565669894
341910033971429377
341909647483092992
341908877434056707
341908422243016704
341907667494789120
341906739198832640
341906227674112001
341905330353086465
341904917507743745
341904555950342144
341904175082385408
341903432149512192
341899798892396544
341898040455606274
341893275973722113
341892742600863746
341892126600200192
341891562134990848
341890141884907520
341889563293257728
341888926614700033
341888530810802178
341887715584929792
341886948442517504
341886582183317504
341885748171116544
341885022632026116
341884178016649216
341883537693229056
341882232027373568
341880861765025792
341880783587377153
341874782096224257
341866238143787008
341865679164678147
341865114586214400
341862180360179712
341858447421235200
341847124000002048
341843970441224192
341826432697245697
341825291389386752
341670552227954688
341669903767572480
341666563725869056
341666011742887937
341662639585366017
341661711926968320
341661421077151745
341661139282833408
341661013592117249
341660856070848512
341623711713095680
341617838013964289
341617035484229632
341616617400188929
341615783153111041
341615076186415104
341614752432287744
341614245332525058
341613741181382656
341612998076534784
341612456864530434
341611899470876672
341611207217774594
341610718468124672
341610309863215104
341509206681214976
341508203617595392
341507417051389952
341506754598817792
341506180687998976
341505767028965376
341505428506697728
341505043490541568
341504735582502913
341504369847586816
341502693568819201
341502198246682624
341501664886390784
341500140462411777
341499205216530433
341495300466307072
341490620755505152
341489486703755264
341488688326377474
341487659228741632
341486287599067137
341485738224918528
341479420088954880
341471364101844992
341460526909505536
341458678307753984
341240438734352384
341209648189296640
341197812773560320
341167350688649216
341166291157135360
341165902156423168
341164713520021504
341164117203238912
341162761969094656
341160781603299328
341159532589887488
341158534328745984
341147747866521601
341146625273630720
341141502350721025
341140982395461632
341139375746318336
341116967530414080
341114035741278209
341113233878421504
341112597107601408
341110713751842816
341109973931139072
341109270349221888
341108624921358336
341107746680233984
341106773907890176
341104671282307073
341103910376853505
340815988079607808
339466830596947968
339466186796441601
339465512843100161
339465151818375169
339465096176746497
339465051255738368
339459371870334976
339385006336122880
336912047159779330
336902295612694529
336901107135688704
336899726651830272
336883702720233472
336883023477878784
336599249674436609
336598834492887040
336598148908736513
336596703228600320
336595687384969216
336590975415767040
336589346784296960
336579762954829824
336574970513723392
336573650394304512
336567385291100161
336566915625541632
336531920945029121
336483459054858240
335891935904546818
335890406195748864
335884889192820736
335876962377670656
335865895643648000
335805033075601409
335500900992946176
335478041251823616
335475460655951873
335464228167225344
335464021648084993
335451729317482496
335438933947191296
335428898852597760
335428637400633344
335428259925860353
335417468711469057
335339512844660737
335037251631316993
335037109834489857
335034667721953280
335028551533359105
334990985652228098
334978272221880320
334969921903677440
334745829783007232
334742104351862785
334354464729350144
334244828063870976
334237654558318592
334053010630131712
333972204494675968
333927307976769536
333647400352751618
333645497522864128
333339720404828160
333339327377596417
333302848773308418
333302314918109184
333301983119290368
333239993927606273
333129282538848256
332984865106567168
332984560306511872
332977530556538880
332977198409584640
332951562731261952
332912404738498561
332692673121103873
332690847906799616
332554047041183746
332554012144566273
332544846990544897
332543458638180352
332499244026060801
332474966874402817
332471820806660097
332174611007545344
331856689148080128
331856626313199617
329929753467420673
329888962128777216
329888612298657792
329888577708236800
329888361458302976
329672240864034816
329653700027088896
329305118933655556
329297834140647424
328938366043320321
328936129850114048
328931028129419265
328910178810482688
328909840279801858
328909208122703876
328907309352878082
328904653230190594
328903299669581824
328901073848913920
328899069676249088
328898026330525696
328897363622109186
328838262787559425
328825685504319488
328815374751653889
328800853815336962
328796604503035905
328746670793822208
328593022348558339
328577266793709568
328564099011203072
328563617396043776
328562598071115776
328562083023167488
328560485010112513
328560147683225600
328559542248013826
328554939053928449
328542456561934337
328541302922805248
328539127513485312
328533020657201152
328532164750766081
328531424514801665
328528619565641730
328526749224804352
328233643115950080
328229690802319360
328222669344485376
328217972885831681
328216196317061120
328215778832838658
328213201332363266
328212131109556224
328211396556894209
328206419876802562
328190412936318978
328189830821449729
328188704017481728
328180869661593602
328180292084981760
328173864246968321
328170147502252036
328169214630313985
328149755937038336
328105609876615169
328062194589761538
327853637541982210
327851354905247744
327848642046222336
327791240269664256
327768687824216066
327766391056920576
327745228645744641
327743983277178881
327737557066600448
327717052456509440
327679380430143488
327672182043987968
327671077746647040
327669287718371328
327486259054387200
327428257202962434
327109500161105920
327103244507688960
327102702012207104
327097859696623617
327089032335085568
327088548790550528
327086064797876225
326898035315585024
326895236397805568
326879712305639424
326732955068280834
326705724132569090
326597656870801408
326440162009677824
326429965354672128
326429764023889920
326425533741166594
326420604347633665
326394040343994368
326389060065173505
326388720049721345
326388512985333760
326051899340095489
325700325791117312
325699562092240896
325580387449454592
325374923277221888
325374334094946304
325374315925221378
325374196995727360
325367206563180545
325363644768587776
325362297960820736
325361165700046848
325359093118275586
325358935429222401
325357869941792769
325332805204721667
325296394158100481
325262933309403136
325262590773190657
325262096390557696
325261950604943360
325261762519785473
325240474841518081
324953864086360065
324953490067697664
324953430567292929
324953072847687681
324952698740953088
324952567366971392
324894207774961664
324670121832484864
324610150843445248
324569194060476416
324548712997203968
324477889963773953
324474951908347904
324474578464280576
324474106575728640
324473505318064128
324472510341062656
324464881950654464
324458840890408960
324458432482643969
324452999906865152
324450124501762049
324448853514416128
324425932792295424
324172655366373376
324172253371715584
324066797366165504
324007178396655618
324006775311433728
324006196501700608
324005548150362112
324005454407671808
323911034324795393
323908886186831874
323908775775969281
323908716887961600
323903892905680899
323903650634285058
323900964769763328
323900868678279168
323899962234650626
323896469927116800
323896403757776896
323896332408479744
323896239513022464
323882691701374976
323856653848023040
323817841067433986
323533525489954816
323533233998422017
323533085482299392
322809178911559680
322767095886659584
322355889728274435
322343531861655552
322340307452719104
322333639616630785
322031063952146433
322030031650045952
322029794843844608
322029334430875649
321960540358455296
319194430752051200
319194060365647872
319192823184359424
319037769433370625
318730929453531137
318709840295903232
318708608105869314
318707886803017730
317739134242390017
317735876320972800
317725262827626496
317595435139207168
317382648580427776
316700568787750912
316700461078036480
316700401552482304
316636793908899840
316622026381082624
316273690323075073
315920138660610048
315919099869921280
315919045759213568
315872699178180608
315872253210415104
315566168259829762
315377794647457793
315225163996225536
315157331061112833
315086597462839297
315086281732403201
315028051220131840
314794991543255041
314793835077189632
314727999578730496
314663964166479873
314490177156435968
314489471301214209
314466897573859331
314444330871959552
314036080905179137
314018359488430080
313748064001204224
313720422803841024
313704875617812482
313681030043279360
313630713696096257
313190275688312832
312582469914333184
312582255556034560
312328314440257536
312326862548398080
312325048239267840
312324487892852736
312322603169767426
312322434520997888
312314571694145536
312313827628822528
312313286601367552
312312924846845953
312308114730921985
312307069350985729
312306202371571712
312305966517456897
312305839769788416
312305460667621376
312304637850042368
312302786614267904
312297699254874112
312297474960285696
312286517508837376
312284909593047040
312284184179789824
312283738975383553
312283259771969538
312281860833165312
312281316081156098
312276488202366976
312272541492334594
312270511667286016
312223685765369856
312223049594322945
312193591009218560
312173220449120256
312147065813745665
312114314049908736
312113954468012032
312092442633584641
312089840470618113
311869900547317761
311810961034067969
311117677726945280
311049505833353216
311029298427486208
310856596781670400
310840753733652480
310839040586969089
310834357524889600
310828689963233282
310822987823734784
310811901221294080
310811504280748032
310335841052545024
310335205523214336
310178744763551744
310085808579280897
310079985593487360
309747691955572736
309746682655027201
309746100196237312
309733592932683776
309684717962280960
309641746957103104
309641621782290432
309641571857477632
309641302683840512
309641227685482497
309638564033986561
309638505292763136
309638182188761091
309637921642795009
309637677156814848
309637457031360512
309637018374254594
309626969585246208
309405530139541504
309243852907245568
309048268522930176
309037977663840256
309023959360339969
308567115751911425
307761748600033280
306687516436754432
306687010393948160
306686376143896576
306546395584794624
306533485429018625
306527593753100288
306526761510924289
306525853502816256
306524749935284224
306380210490712064
306323899082240000
306323223140782081
306322601096146944
306152261342601216
305777910088863744
305721712761270275
305710080035287041
305640318735364097
305637613858070528
305397223984861186
305395781123313664
305393729722798080
305303398994026497
305253316542201856
305252326577418240
305251334972649472
305250724630106112
304959408335630337
304864136167313408
304836461197406209
304726467605057537
304726052750630913
304681918392311809
304633874208669697
304633298943107072
304013600379502594
303596268482076672
303543524593385473
303539665170993153
303536335929622528
303536053845889024
303231235604504576
303230543120699393
303215751374979073
303212286762422272
303187755159150592
303183633798270977
303183066829037569
303182607124926465
303182074595143680
303178991886536704
303177830043377664
303175912655036416
303112439405363200
303082194639917056
303081039209832448
303077552182939648
302921408823033856
302921369115566081
302905605931294720
302881696951451648
302872672839282688
302846860907925505
302846406094385152
302801702329909248
302800528075804672
302798681109831680
302796999936319488
302796297470083072
302786223716569090
302785470415392768
302785159109959680
302784328180592643
302783939876110336
302783482256556033
302783216039890944
302779532748922880
302752900805963776
302751897264218112
302554670038147072
302511376226738176
302504729555124225
302362642004209664
302351163200765953
302212300176240640
302187920842960896
302176166763188224
302170149493035008
302114772470611971
302043422724866048
302022333265219585
302021673744474112
302019008968929280
301964946508484608
301694836455661568
301682556665999360
301677886358818819
301610322643525632
301603186622464001
301444977265893376
301444106066993153
301438084292153344
301042788743667713
300865896019292160
300862637087014913
300860712161529856
300856885869957123
300855706255495168
300855005353754624
300682345508388864
300680567811366913
300645476758323200
300611895113678852
300535066046656512
300303267764768768
300302662606389250
300148552091435008
299936980286967808
299935619310837760
299935435667423232
299933274866872320
299631161787949056
299563998771281920
299485327377182720
299425552052396032
299424868854820865
299239902355275777
299171705321054208
298906695395074049
298901068182589440
298845368412688385
298752626756042753
298710711566217216
298686246660751360
298678757298929664
298678608006877185
298542817972715521
298460635128274944
298435580176523264
298428803175313410
297471506571751425
297435308578967552
297332899299078144
297323370226262016
297267093282369536
297253633198788608
297253438243348480
297252732044189696
297251950171398144
297250734141997056
297249943238877186
297075414067724288
297050572371152896
297050541488476160
297050510169612288
297050476543885313
297050436496658432
297050414539489280
297050402174664704
297050257647349761
297050238382907392
297050059147706368
297050025492619265
297049979455942656
297049970731786240
297040060824551426
296893773475094529
296893218170216448
296750081305088000
296740640325246976
296736921198161920
296727640361025537
296721186312830976
296715198985818112
296709100232912897
296708372667961344
296704141017886720
296700906404184065
296381161905733633
296354224755851265
296334288855654401
296333647500410880
296325431114756098
296324789193302017
296324652622565376
296251524210913280
296251389204652032
296245755759427584
295947264608837632
295945654478454784
295932115118338048
295930216847646720
295614602736197632
295613775208394753
295612268333375491
295610014842888193
295596238022262784
294565650670702592
294561567704506368
294525111262928896
294397803646562304
294374682705133568
293977542866657280
293781036645638144
293774839347568640
293697531882373121
293328440252313600
293116813707976704
293108925337833472
293108578502463488
293102177424113665
293100981959405568
293100380789805058
293099338824032256
293098447622512640
293097282809769984
293095209775034370
293090131328528384
293072899718397952
292711044990783488
292688146683023360
292361088094314498
292359836484636673
292186419764547584
292185704144982018
291954105830739968
291953605936816128
291953162800230400
291952778245443586
291952003943374849
291946552644218880
291945488125661185
291944581375873024
291942541731962882
291941170358149120
291940620946251776
291921865440641025
291856882610618369
291843741491294208
291815047351631872
291764706966904833
291595665639878657
291594407675830272
291593206498463745
291591480844369921
291582932269817856
291582310443261952
291579981765701632
291579229605330944
291575445479104512
291572068359741440
291562731000180736
291558688622256130
291430173482569729
291409696336793600
291245089286660098
291244546589872128
291238026137448448
291237420010184704
291235501204185089
291232525630717953
291225784570486784
291225082624364545
291218502289874944
291218047967039489
291199076496728065
291127130165768192
291046720303923200
291046340283224064
291041011860398080
290562507821707264
289855364604784643
289855137571278848
289729697884024832
289710201563652097
289053107915194368
289052358468595712
289051734297415680
288915632534216705
288764703809892352
288763564649508864
288763379693281280
288762770793586689
288762101177151490
288326348429225984
286566128354996225
286561102714793984
286122537992204288
286122304528850944
285860894368468992
285858657114140674
284324073880834048
284233863490859008
283319231859273729
283243407827140609
283111457867055104
283111318217707520
282933003817205760
282932296871473153
282912072570900481
282779720335126528
282612513986707456
282606402583793664
282606008180826112
282601563728515072
282597262155206658
282596901386334208
282595192727564290
282592682818277376
282591395481538561
282591049522753536
282590429319421952
282573764322009089
282573403653820416
282572460543582208
282572154917249025
282571894400638977
282569071084593152
282567748687650816
282566842793484288
282565319162208256
282564678545195009
282564066793357312
282563458095017984
282562572551589888
282561976591347712
282561322997133313
282560610875604993
282560185522876416
282559913484509184
282558892133740545
282558442487566336
282557688892751872
282556411400052736
282555150940393473
282554849432850433
282537142603886593
282536729750151168
282445680486801408
282385100707090433
282208654768361472
282142082544578561
282094932125159425
282042213817544705
281736409394601985
281733995392270336
281733633562251264
281707781520777216
281707302451568640
281704447120400384
281695240555999232
281694087839621121
281691545743286273
281682211797864449
281682146899415040
281681672318111744
281482124522033152
281482098706112512
281478608155975680
281477818183995394
281476702587203587
281475617839517696
281452826411036673
281429011916267520
281388177875423235
281368908223635456
281358496757317632
281357627601076224
281303989654544384
281289051724718080
281287963189596160
280945839906619394
280935265567113216
280738444827824128
280672383700983810
280597752537300993
280392319369371650
280390068638736384
280387554656788481
280387164469071872
280384657806200832
280375746432749568
280371830202720256
280355169894555648
280306005701705729
280090244781588480
280089559725907968
280042426075324416
280039818933714944
280036307852464129
280035014094229504
280035013255372800
280034424899379200
280034422173097984
280033121263562754
280032961192144896
280029995794067456
280029609188286464
280029373871042560
280028637028302849
280026534637617152
280026054796660736
280026052007436291
280023711103463424
280023237851766784
280022297094520832
280022001043791872
280021923554013186
280018897086849024
280009590760931329
280009059497832448
280008538431029249
280008476917379072
280003173635219456
279999180636823552
279999014282338305
279998354233098240
279691734278078465
279646945541234692
279612949600022528
279520945562087424
279520445726879745
279520198028050432
279501687184576513
279501078314246145
279500569767444480
279492248691945473
279237252880666624
279214627286548480
279211786597699585
278975042979782656
278914831418003456
278894456013471744
278802011242254336
278765974663086080
278765408285241344
278623892694761472
278623805616824320
278620339720826880
278518956917153793
278123708898476035
278097465746534401
277890269758771200
277889625324916736
277889567569367040
277888682051121152
277888402911809536
277887918712975363
277887144746442752
277886564124749825
277884731767525376
277883805744902144
277883435589197825
277882783471398914
277880796197560320
277878450403028993
277877003380736001
277876751382769664
277875664995098626
277875577535467520
277868474561355776
277865204220575745
277864602321186816
277862135361581056
277861207527022592
277860797907099649
277860489869004800
277860090336395267
277859915119345664
277859738543345664
277859303761772544
277859133267537920
277858982448754688
277858501437579264
277857800334479360
277857266957430784
277856500410613760
277854978763259905
277854621286944768
277854044251369472
277853621796892673
277853337368543232
277853335485292546
277852635548250113
277852041030815744
277851740798320640
277851179927613440
277851068849852416
277842402717351936
277841462895468545
277840726530859008
277814596306354176
277810669674455040
277786194740408321
277740147074797569
277686306182688769
277533674411536386
277533551610699776
277533308185886720
277531957951348738
277531887705128960
277531622394437632
277525645486084097
277523697068306433
277522334250852353
277522255544737792
277521617721126912
277519585446604800
277519584402235392
277519231589949440
277516004945453056
277511097106444288
277510531936567296
277507756494311427
277501368279920640
277501302899097600
277500126413594626
277499472211222528
277498994580672512
277498672160317440
277498333063417856
277497964195368961
277497378955730945
277497151133736960
277496697809166336
277496199395815426
277495966523850754
277495708653867008
277495496719863808
277495008364466176
277494406205038592
277493638433488896
277492742018453504
277492265646190592
277490721458638848
277490069928030208
277488960157147136
277039977546805248
277037336548761600
277036224684900352
276824245965840386
276823640207667201
276749915051397120
276666946341179392
276655255712845824
276461324265979904
276381377556004864
276349787387854848
276349628679602176
276305394471677952
276238626331979777
276236854527926272
276235682165436416
276235216748699648
276234489125023744
276233611441754113
276084564542226432
275864041723928576
275863209657909248
275750101887115264
275748966572888064
275674838469844992
275674496306921474
275669419303251968
275666397114273792
275588408510930944
275587171363221505
275324507345006592
275324212506394624
275323101967970304
275319949541638144
275316314808152066
274965530253873152
274965151764078592
274964947224637440
274964668538294272
274963684240019456
274963580271591424
274958522259734528
274958197838729216
274956322657665026
274956141757358080
274955109480402944
274954157226614786
274949386428116992
274921214416412673
274921086477533185
274920821317840896
274920457868820480
274026196063371265
273910611958693889
273897856933433344
273897206157803520
273862403148632064
273859742001160192
273836480395370496
273835899941437441
273763706339467264
273740354765848576
273548875569184769
273538888499331072
273537090388623361
273519527340425217
273517979596120064
273517073269923840
273515735811227648
273514659196321792
273513142200455168
273512052335710208
273511240620470273
273511037720989696
273509829400727553
273508534086406144
273508202992267264
273506183002873856
273505332804857856
273504209272438784
273495036270878720
273477005566160896
273476633061650432
273476191120392193
273460564926291968
273460300873859072
273189621356183553
273179241443651584
273098770256904192
273048837202006016
273048512386703360
272844309131296769
272791724454199296
272788136617209856
272785692805967872
272784852137410562
272721504041570304
272715969774891008
272508723908460544
272434085518004224
272426560710119424
272422691364028416
272421937165246464
272421661490417664
272420160554545152
272419528565207041
272419080538030082
272418683119353856
272417539508817920
272414816747003904
272414267066679297
272412144862130176
272411364545417216
272397304361779200
272394793403940864
272394670468907008
272394182046384129
272256798692614144
272253631007424512
272080081864777728
271748657760587776
271747820095143936
271747522391859200
271731485487288320
271599518036918272
271379364288028673
271379126441619456
271378586848616448
271378495433736192
271378420221505537
271378074430492672
271202669572530177
270647835874193409
270647542742654976
270582902486622208
270581245413572609
270548349357281280
270531644228767745
270521129733586944
270255600414388224
270253954955354112
270253077062377472
270252557719457792
270251799590625280
270251217211518978
270247633044512769
270247554762014720
270246128321196032
270242411530301441
270241692802748416
270240663948378113
270239610234363906
270215645176659968
269907818293891072
269905560017702912
269903844555780096
269903205201227776
269891589600579587
269890884424839170
269890574239297536
269889550468399104
269887666026336256
269884330426396672
269882584866115584
269882068006219776
269881451913297921
269881052087070720
269880312044089344
269879652821118976
269879280031383552
269878251801956352
269873393128574977
269872356439248897
269870033772105729
269865981105557508
269853850251452416
269813468910198784
269509553316573184
269507895459201025
269469922768326657
269469183555805184
269316479357440000
269316160988782592
269316069959806976
269174891914330112
269169701328936961
269136543736799233
269132318973767680
269131312084971520
269123850770472962
269016299747827712
269016051948343296
268766792829247490
268680409938808832
268479162514284544
268478964387950593
268283576963960832
268261393449492480
268261183054823424
268260977047384065
268260715587043329
268252687819223040
268040075449864193
268033174473416704
267926695162556416
267926504019742720
267926055686402048
267772314832228353
267755146388316160
267732791561699329
267732395879440384
267731029777854466
267730817751592960
267729112838307840
267728474050002944
267728174341820416
267728032112984065
267727828169142272
267723119748329472
267722119230652417
267719708843859968
267717893842669569
267716656132927488
267715482457628673
267714301983354882
267712233969164290
267711839591337984
267711619029692416
267710218438324225
267709958022369280
267663433418276864
267656175783387136
267387080290746368
267386995515478017
267385176768774144
267384389170778112
267384156261060608
267362719294971904
267356546894290945
267353130050658305
267352102198722561
267350849787949058
267349972637319169
267342416997122048
267341672906620928
267341147272261635
267334847691890688
266962880296022017
266961468115808257
266961272107577345
266961195196641280
266960352477081600
266959748686045184
266959597036769280
266958886412632065
266916234879184896
266915948810887168
266663790412697600
266637332990554112
266604903907086337
266604011451473921
266560830684946433
266532805671010305
266523205349543936
266522903581962240
266522066419851265
266520407773954048
266433329853779968
266151223571410944
266139281309958144
266076726029864960
265929874563268608
265870438587064320
265869885438042113
265867965411520512
265578429309669376
265573632783286272
265572693737349120
265572052172435457
265570568978452481
265569933163888640
265569441348210688
265568845228556288
265568234370125824
265567501121880064
265567006588301313
265566519294046208
265566064874766336
265565423645380609
265564860773969920
265564202230509568
265563659483377664
265563153893572608
265562529013579776
265561880314138625
265561154951200769
265535919258497026
265534387951632385
265532173111668736
265519497010630656
265501950936752128
265411329471442944
265410276239736832
265224954738528257
265200163021271040
265186289312219136
265182433387876352
265181263831371776
265181079189741569
265180668449943552
265180472160706560
265180206552195072
265177825361936384
265177398390165504
265175709255876609
265174734235377664
265172822643589120
265072647317118976
265052538057920512
265052097286926336
265051670503899136
265049888239271936
265049501344088064
265048183288238080
261656694034165762
261641906742779904
261635346033410048
261634262829236224
261443304850333696
261387688391868416
261362970200772608
261148391600431104
261146974814863360
261136619409657858
261127382369464320
261125409570177024
261108700742303744
261107374692114434
261106664575471617
261105646211043328
261103477286113281
261102831015178240
261100407542120448
261098670383046657
261097665998249985
261055915757797376
261055330069405697
261053996494639104
261049569738117120
260869580115832833
260800857036177409
260755446950928384
260754543007129600
260698945523703808
260698907187757056
260698875831123968
260698803949170688
260698732578873344
260696932756889600
260695061682073600
260690518697189377
260683985242435584
260353455112204288
260339953899294721
260297711226585088
260092637929951232
260092521798070273
260089551404556289
260087291719069696
260086995647361024
260085143040053248
260084111643910145
260053134670450688
259781532875644928
259736230881796097
259735346068201473
259734453411258369
259732344368406528
259731830759112704
259731415921479680
259730564515495938
259725344884547584
259722120161017856
259720416908673024
259719781391929344
259718981487833088
259717878448783360
259717682079858688
259716312673185792
259715914411433984
259714585504927745
259713572626640897
259708013730996225
259700562180857856
259700289425268736
259628422047875073
259627072199217153
259626767189438464
259363221666926592
259352836041740288
259352251007655938
259351966990356480
259350143114035200
259349149546344448
259334577548558336
259318879501836288
259318258941956096
259058952703197184
259058253391097858
259032138463191040
259031835357630465
259031597691568128
258996571180503042
258995949999894528
258992391661432832
258991858955452416
258990962578186243
258990537800048640
258989043562446848
258983992311808000
258979350106476544
258974975002820608
258974368573554688
258974000506605568
258950339452104705
258949825112985601
258921570158915585
258920109429624833
258919230148317184
258915287733264384
258914449111531520
258701205981777920
258699663178342401
258697466239672320
258683872261308416
258675308297859073
258662827882057729
258637016344952832
258628237851238401
258627663617470464
258614481851142144
258594112821936128
258593719287181312
258587546362191873
258543892016799744
258302330422824960
258137150359486464
257955768366686208
257952867376320515
257792849322598403
257579253909053440
257548276553883650
257545403589857280
257545069849108481
257544753485324288
257544650297049088
257542634984337408
257542426695184385
257197895445512194
257197735852244992
257197075320692736
257196865362214912
257195939335401472
257195542092849152
257194043363176448
257193570715463680
257189597900062720
257189039852122112
257187940252397569
257187298142212096
257186680296046592
257184983452626945
257183348995284993
257182754519793666
257181359460728832
257180932837105664
257174230020538370
257173166374404096
257171124679483392
257170850325864448
257170781954523136
257137552933416960
257137384649531392
257136917404057600
257136521235292160
256690070613008384
256465559074504705
256335738029879296
256052192144920576
256038718018822145
256032873323302914
255947356195913728
255932052166299649
255703537743441920
255637474267766787
255636827678052352
255625437638696960
255601347183906816
255594713158135808
255585632540299264
255565705456541696
255308672442437632
255305625255424000
255253512382976000
255068444662325249
254654446661926912
254653676801626112
254653113162682368
254652947273752576
254652679077384192
254652396125425666
254652154156027904
254650677148663809
254649751478345728
254647398289264640
254646927554138112
254643375574224896
254640361618673664
254635871519780865
254322557266829312
254320945622315008
254320869453742081
254319879673487361
254318757231620096
254317316098109440
254316896206323712
254316197254946816
254313183098056705
254312276004335616
254310606570663936
254228404411441153
253907717171863552
253594595366141952
253542441200795648
253533752108650496
253526147378335744
253520425018081280
253398125128065024
253183051914428416
253181949538099201
253158008190816256
253106559066963968
253106298302906368
253093082956959744
253078262375411714
253035229781041152
252876677942743041
252677203261800448
252506393519730688
252312610442190848
252150050065641473
252140038035488768
252102195846184961
252101550237954048
252101018991611904
251949782715736064
251781234135539713
251780433455497216
251772432678019072
251755158994837504
251754696614744064
251725225228652544
251704491638927360
251498778836729857
251491482048024578
251487677231276032
251394434556645376
251214339862847488
251213763255083008
251084316178792448
251042486410174464
250674170374000641
250672621669212163
250664127087902720
250615629722316803
250566780886605824
249918895337664512
249893361236979714
249883915865690113
249883099306012674
249822271294803969
249816083886911488
249814563539804160
249175333364977667
249174015007133696
249141614017118209
248897174224650240
248895029450530817
248890665486938113
248890054343282690
248888427632812033
248864252385972225
248704113146228736
248703769548820480
248668052487553024
248475074510860288
248422226217553920
248417486461104128
248356160414052352
248320957691875328
248314313230667776
248311284666339328
248151417611776000
248130100774715392
248121151224700930
248102166903005184
248047916944592896
247981142777659392
247938598312214528
247808092237094913
247806119387480064
247786559229804544
247786126507651072
247785775087894529
247785212531052545
247760976814936065
247749843521515521
247715651781799938
247715650997469186
247714451401371650
247714311370317824
247714272753381376
247710464946098176
247708206401478656
247686407865397249
247685801478074368
247685139524624385
247684998415659008
247684292854026240
247676768851488768
247675976711041024
247672737198395392
247672576426520576
247669404547051520
247668550825820160
247437034619289600
247435832288501760
247435044556247040
247434103958433792
247433315932594176
247431736714203136
247429180336271360
247427187374972928
247425851858223104
247408726657609728
247408058383347712
247249689798402048
247055588494802944
247039196445949952
247038978870616065
247037504866365441
247036602994524160
247032843988004864
247031756635639808
247031345770008576
247030902725677056
247029647534063616
247005488284319744
247003687631847424
247003098038562816
246989546292658176
246988562657062912
246985952122261504
246978823919370240
246978033888661504
246972824441475075
246972075242303488
246969884074995712
246963204079640579
246962924957093888
246961344929214464
246960533432041472
246950527450087424
246950274432917505
246949411287093248
246949068935421953
246948941487292416
246948568827572224
246948349532594176
246946530811068416
246946112118849536
246945864902402048
246938762926510081
246935888884555776
246917566805708800
246916779400634368
246912573805559809
246907385837412352
246905572249702401
246905093537026049
246904637402275840
246901647962423297
246899983826186241
246897594117263360
246897429344043009
246896653309706241
246688186015830016
246619521123753984
246617892718792704
246617440031760385
246616851935813632
246616349059731456
246602902561501185
246601842010750976
246601337511485441
246583794537209857
246581897302515712
246553246771060736
246550145632702465
246548593962520577
246539522928685056
246538764338475008
246537128446664705
246528100253442048
246524687914500096
246518639560359936
246515968392695808
246512161680146432
246511194343628800
246349233458929664
246347376074301441
246346795586830337
246332714104520704
246314667440480256
246311498081775616
246300245414252544
246295958898487296
246292701249679361
246159166652170240
246159116739940353
246156917230161920
246125029845250049
246121765816909824
246120673305571329
245928237279105024
245909732425072640
245814860460486656
245803558690234368
245800088499257344
245636095948247040
245625403862052864
245204705502957568
245176995380600833
244885532474212352
244856087600324608
244855794993090560
244851520611438593
244851026077822976
244843374773952513
244824372110581761
244821569212391424
244810940573433856
244808109208510465
244514323425271808
244511884798197761
244341263241973760
244148192864780288
243968566360154112
243967511861813248
243934356815613952
243668377959297025
243419367461752832
243418825293447168
243418238095065088
243417573247561729
243265462492860416
243236301581721600
243235725833797632
243234019930669056
243233116653776896
243055568435167232
242953241833377793
241634936820494336
241584665885028353
241583915184312321
241564489525366784
241271277145440257
241270955693973504
241270589887750146
241266823234981888
241243216836427776
241242568598368256
241241927285104640
240929325346603009
240913504301879297
240910909218885632
240910790490730496
240909859049062400
240909597962035201
240905006499381248
240902947200974848
240902606543785985
240900896643489794
240900370937815040
240899570207449088
240898142546046976
240895103726669824
240776176270979072
240773827179732992
240772920325046272
240523216756555777
240522183930175488
240521917478617088
229674592275402752
229629405130022912
229629119984455681
229596722303729664
229565903539429376
229531567855390720
229301726719647745
229301165047816192
229299778012454912
229276569145835520
229218692448256001
229147880512958464
229145966484279298
229082742929891328
229000427604168705
229000409660940289
228997470783410176
228997168617373697
228996034750201857
228995827568357376
228994741147140096
228994137037352961
228993658735693824
228992803244490752
228992551246499841
228989731696955392
228989521503604736
228989298198855682
228987377794834434
228987051842891776
228986726771720192
228986064168165376
228984344323178496
228982933879402498
228981605161639936
228981096233185280
228978667978620928
228978468048736256
228977886802092033
228977650750873601
228977357803884546
228977241307107328
228976981864226817
228976632973647872
228976468619833344
228976087026253824
228975421142757377
228974827996856322
228974573025107969
228974322440601601
228974122640744451
228973945339121664
228973817538691073
228973167958450176
228971731048611840
228971029299621888
228970898319896577
228970571856228352
228970119278239745
228965715196121088
228964017950048256
228963041847418881
228961646343770112
228960178224132096
228959000371273728
228958572954935296
228958068342419456
228955253117186049
228954743714742272
228953588708298752
228953435121283072
228953157315751936
228952456430755840
228951295157997569
228950768894496768
228949778048884737
228949404793573377
228948785454276610
228948321631367168
228947872383647744
228947326012641280
228944000097341440
228892049481547779
228610307050860546
228599438015340546
228590206213844992
228584930744094720
228570882166104064
228560000774201344
228556401050525696
228554009160585216
228552667566313472
228470209290326016
228437267344134144
228224443724468224
228217056036782080
228155235212853250
228152545019834368
228101871879979008
228085777106624513
228085405604528129
227856891697582081
227849665893244928
227845063294713858
227842456400564224
227839208201531392
227837156599676929
227836318451896321
227821670893776896
227516246759976960
227514551879487488
227512577863872512
227510982736478208
227504694401069057
227504155797905408
227503171675762688
227501966656421888
227501607074541568
227500275118784512
227499692848713728
227498868999331841
227012448375410689
226616552533929985
226435765134057472
226428935234273280
226428370165051393
226427937732313088
226422935383064576
226422429516439553
226414151470284800
226413676599595008
226408189875351552
226407121720332289
226402181320937472
226360340810706944
226351619497947136
226349577954013184
226348736891203584
226317232173633536
226263732219691008
226243322660937728
226074888174178304
226066445728104448
226065901827543040
226065343058173952
226060551632076800
226059453764628481
226059031985401856
226052897077596160
226052452212944898
226051914687717376
225891138656149505
225699645383385088
225697128889073664
225639094892498945
225595223848386560
225551883178221569
225519833180155904
225519252344537088
225518460816470016
225517358859563008
225498424705957892
225303016000065536
225236083703685122
225158549553156096
225157759459524608
225134526421147648
224978687823589376
224975708160663552
224974434308591616
224973466284199936
224971497255612416
224959209089925120
224958850636328960
224950822591672320
224941640308101120
224176926133194752
224176322447032320
224143690606714881
223546651883745283
223546435734470656
223545817234026496
223441167382097922
223437031844483072
223347425010647041
222984954471133184
221888546481508352
221888031072845824
221454871528869888
221300250651017217
221298434311847938
221295318908674048
221288405491916801
221218658511355904
221215052785655808
221132013074251776
220962990592241664
220526707134840833
220493898194239489
220479832897748993
220172339915132929
220139393644634112
220123246157242368
220122289042227204
219893073788928002
219528885975523329
219528717691662336
219527697792110594
219526072096665600
