398164001554563072
398155568084312064
398153813657280512
398147365955055616
398126278215081984
398119159001010176
398113756989124608
398099092879835136
398084909459185665
398084218174980096
398060183231803393
398056419464732672
398035064216616960
398026374616608768
398023502940221440
398022560115220480
398015407723773952
397854520853544961
397827557577351168
397822793703636992
397817985038970880
397812997457842176
397812924179173376
397808793041399808
397807758390476800
397807637825216512
397807567839055872
397807433738764288
397783968700825600
397756741036687360
397752152971415552
397748867375976448
397743302650253313
397743204247678976
397742931148144640
397742203864231936
397741348712742912
397706130912059392
397687192559955968
397679834370809857
397679304345006081
397639695032922112
397422847653457920
397403318311321600
397403276603187200
397375812862615552
397337703097696256
397320985265065984
397315845983973376
397309093821427713
397305561483464704
397298404776103937
397297658928185344
397295938869293056
397295847873867776
397106655193997315
397061225378377728
397052290831355904
397046771819352064
397032771027103744
397030189252612097
397028464865210370
397008472568385536
397007274306064385
396998279801470976
396939129134399488
396935121887952896
396767724887474176
396755539377393664
396749506781278208
396635597877825536
396625000993538049
396413230530039808
396398907195801600
396378155809640450
396364916883329025
396360972329168896
396359967764017152
396355868570030080
396355287453429760
396339956777373696
396338964522491904
396336861582348288
396336224203325440
396332465221947392
396321747722440705
396317533835243521
396304756013948928
396291330449485825
396234608028950528
396212975821791232
396201274971926528
396054547258671104
396054360293404672
396053348010700800
396051518853353472
396049978813992961
396026285136560128
395992994311966721
395991132196196352
395955916001914880
395952880084979713
395936504733630464
395932662130413569
395932512439914496
395918463912275968
395918390730055680
395918293770330112
395918179328729089
395910883274403840
395863247036747776
395836808472182784
395702645761249280
395692114308505600
395691361481269249
395686492276023296
395662195142717440
395660122523193345
395568157806436352
395283731750981632
395276026265104384
395264887284187136
395257488833908736
395255086311424000
395228866333011968
395227168361291776
395219447683620864
395172264934526976
395142931289759744
395141274581233664
394915421041590272
394909543349506048
394890644402880512
394887085250707457
394852957847445504
394845589684240384
394837428239728640
394831609636986882
394592433008173057
394576615738310656
394465287539417088
394424257003782144
394140043519864833
393864269197885440
393854683921408000
393850566431883264
393841585391017984
393820856087887872
393810781860417536
393805567602331649
393795315284721665
393769193411055617
393762042315681792
393746230192242688
393740277375971329
393727572619436032
393718258613755904
393662319307157504
393526579956965376
393519780159709184
393515032064950272
393511970596323328
393511605922590720
393510563633844224
393501517178626048
393480239159844864
393476606460588033
393459880029212672
393437804090236928
393425517279330304
393415002050134016
393410811252584448
393407066720583680
393395258307801088
393385373851590656
393385066639785987
393384889279471617
393367746143989762
393365309412753409
393309139020947456
393304187028508672
393301997870276608
393301382028996608
393301299489275904
393299862826909696
393299406687961088
393156405290483712
393132964407951362
393128954174787584
393123918354997248
393066913711923200
392996709225086978
392986868578398208
392984872714649601
392975853094572032
392964951125417984
392964326551592960
392962527472017408
392945067406544896
392931641720451072
392931071727128576
392718369276702720
392709283298570241
392703056208343040
392686356276596736
392674360416165888
392671538429689856
392671286574342144
392647048568139776
392635831464112129
392626729627291649
392625961734123520
392353229612130304
392351931265712128
392349942452207617
392339901292638208
392295842381434881
392275181202202624
392256962005450752
392256657868066816
391877153161109504
391526472734625792
391524046346518528
391515978200121344
391331102578581504
391274273181929473
391270824352559104
391263370046742528
391261407070531584
391255901199290368
391244786687942656
391225333405335552
391222294594334720
391221499677274112
391204624792711168
391203687822946304
391195291723898880
391183489556434945
391180728454479872
391162500168679425
391158970154352640
391134887761043456
391116735333425152
390974196613775361
390972863441674240
390969081244811265
390968640608026624
390968116215177216
390967882135248896
390967039432478720
390966401625628672
390966194255040512
390960658759426048
390958594595639296
390901029316726784
390886095774162944
390881586964463616
390872491708518400
390860924321427456
390855763918213120
390853289039785984
390848591209570304
390836601447649280
390800751275933696
390798264238637056
390588667762585600
390588236269371392
390567100831383553
390562660120403968
390555660876005376
390548807580008448
390545979432128512
390543466192592896
390525434539950080
390513927781498880
390501932864774144
390500724418678784
390486716806483968
390484401626152961
390470859527163905
390467968057868289
390394193597566976
390242727884886016
390238821809270785
390229184640860161
390149872281600000
390124852163538945
390101726268633088
390060888905900032
390035974157107200
389772115559198720
389766189288660992
389764668895404033
389756085843668992
389664080924917761
389530301250011136
389527446497681408
389512961523335168
389497485267189760
389438595439656961
389327191747481600
389151442889502722
389000219507322880
388981061692059648
388968355849187328
388949384693444608
388948311773691904
388947647781814272
388946347740516352
388806089212325889
388804067566166016
388799834473254912
388798871842725888
388796455940415488
388726302666006528
388722275362435072
388715400671682560
388714440914243584
388711852391157760
388707335775866880
388706922318151680
388699910700138496
388699683549233152
388684575636860928
388681122969681920
388677049939812352
388676936584548353
388673059571240960
388672961663627264
388672564421066753
388671061459365889
388670791870451713
388659929461952512
388646407487250432
388629862199459840
388578488996724736
388391818208870401
388391596539924481
388389208496144384
388389121317535744
388386968381296641
388370386217213952
388362580739125248
388353573966204928
388352411565191168
388329614000410624
388316883096969216
388305936600678401
388269274055180289
388262996280999937
388244298430296064
388234690760433666
388206194525229056
388049670317948928
388049606849753088
388008748951695360
387994642081259520
387961946256838656
387947434090827776
387942943702540288
387931641110216704
387931367364775936
387902059120295936
387888382476443648
387707272048029696
387687882762121216
387631989097897984
387631824043646976
387628394562600960
387624773242478592
387624639209299968
387622925731241984
387619157832777729
387613649822425088
387612368743579648
387586336896458753
387558198510497794
387300311691300864
387286398677438464
387284155391700994
387281314031738880
387278791489232896
387278733289086976
387275747435356160
387273721414569984
387258294915452928
387257771193667586
387256301090127873
387251306680680448
387236438359547904
387235290084954112
387233826600001536
387225612739309568
387223571111477248
387210615103574016
387191840136392705
387139295430991872
387114083717484544
386963969186885632
386898474769580032
386838991334424576
386838741072871424
386788471727468544
386783468031844353
386783213697634304
386774546378133504
386618637752102912
386595426696048641
386590551765553153
386590435377811456
386589779946516480
386589396478078976
386589184611188736
386588453963460609
386553118252486656
386544720635129856
386541669908111360
386453235189297152
386441422032732160
386441219783417858
386440239276777473
386440141222330368
386439311433822209
386436865441554432
386433142078181376
386405605767786496
386224902555971584
386222816883769344
386222579846893568
386196169795194880
386190036896452608
386186326518673408
386180975593410560
386172912266260480
386172577736962048
386171745314426881
386171556226793472
386171128223236096
386164670983200768
386162560099028992
386161211915526144
386151680791691264
386142813294841856
386138891805151233
386137177454673920
386136303013609473
386136143487451136
386128919453519873
386111261336809473
386101012882128896
386100571637178368
386098956482002944
386098640206303232
386091825800294401
386091693176406016
386091191319543808
386090445912014848
386088540737527808
386088264802648068
386074847303831553
386074620849184770
386074427479162880
386070156473946112
385932034113150976
385893392120418304
385892784940408832
385868560125292544
385868439111208961
385860274655199233
385840356962480128
385822034153861120
385818637400940544
385816706339180545
385815980485517312
385815810490380288
385815630051409920
385812478023581696
385804040912633856
385801426531659776
385795392379428865
385794239759532032
385793407630581760
385793251304669185
385790723959709696
385786371366846465
385779443655917568
385778539015831553
385767293822595072
385757109444292610
385756387260645376
385739231248658432
385738176586719232
385737072910147584
385721793576591360
385707853240991744
385707443495239681
385558186247192576
385525046816423936
385509136147808256
385478334856970241
385475239502573568
385468146980646913
385466707944275968
385466184822308866
385463053577224192
385458020999647232
385457656493649921
385449595121065984
385448247348559872
385434712283435008
385413518809243649
385412768431472640
385411733461798912
385404575848493057
385401668445032449
385381397445492736
385214092715122688
385177076359528448
385174341337751553
385137983399403520
385133749912215552
385133489412407297
385110034775949313
385108068519772160
385102837891346433
385099435320942592
385092263262429184
385091442302910464
385090812519788544
385083210016632832
385080833310064640
385080429750923266
385077856952274944
385076716927868929
385075933817737217
385069670388072448
385068987895128064
385061444791717890
385061229036703744
385061183775965184
385054083565891585
385053588419915776
385031362807201792
385005441467830272
385002024766423040
385000739480670209
385000629678010368
384969144933703680
384968139026333696
384966182618398720
384747978658816000
384741868191236096
384736846028079105
384703878245011457
384700719959265280
384699183384363009
384691838533124097
384690356438056960
384689755381698560
384689418054799361
384664698177601536
384660902001115136
384660764662833152
384642846239637504
384640423014043648
384630951596539904
384610537591427073
384606011111124992
384600988952186880
384367909750861824
384358016100732928
384356979709194240
384355911566766080
384293333356408832
384044411383853056
383920620863377408
383898868921823232
383894512591831040
383888642529185792
383873221373620224
383869875707342848
383863882294378496
383860449856331776
383855054819561472
383726229540458496
383726117221195777
383725891726999553
383725577435230208
383722912366088192
383692072550551553
383677607251693569
383677565178617856
383674199463575552
383666483525476352
383665801057669120
383665643410579456
383665608618803200
383664572244041729
383648536375488512
383647120634286080
383637958349185024
383637845929238529
383633398813577216
383630523920179201
383630212950269952
383630027826286593
383629914169020416
383626422511628288
383615146750255105
383614940843474945
383611786370375681
383611094428028928
383606166242066432
383600873886056448
383599231463739392
383596739212505089
383595863743815680
383589318108803074
383523131580637184
383512375170584576
383296453998694400
383282417328336896
383250212325556224
383243137260335104
383223944205324288
383195575476166657
383194856861863936
383193199461691392
383191663155228672
382936807278526464
382935363108343808
382524748967575553
382513088047493120
382494606606090240
382469627785138176
382447633219850240
382437335985438720
382429995806633984
382420436191293440
382292137263386624
382287403345387520
382281562735136768
382280959057338368
382278932814249984
382278776102453248
382278660582961152
382276203891003393
382276059107840001
382271926993166336
382239659986010112
382216652714020864
382215016188895232
382214893748752384
382212420204130304
382205109100224512
382204658158010368
382202831496687616
382185311939198976
382184702620086272
382184558168248321
382183684670902272
382174989165666304
382174887873228801
382173548678103042
382166941281951745
382150129756536833
382149132841779200
382144263762366466
382140037178982400
382138234748162049
382128457645182976
382061357476372480
382055023892758528
382052838245158913
381932432607281152
381893436615708673
381871263796723712
381870991376658433
381848092989218816
381827721329782786
381826746493829120
381826182666153984
381820821007642625
381820529922936832
381819691116666881
381819086449045505
381813716049600513
381812132477554691
381780376743469056
381780183356678145
381778418330640386
381777956852334592
381775008109846528
381770766976430080
381746729659273217
381742565441011712
381741319615311873
381740510412427265
381734610456952832
381722734390022145
381722534254628864
381719381710880768
381718259344482305
381718001633882112
381576617186693120
381576297635274752
381547205867229184
381546222923685888
381542750249709568
381542421684690944
381541021676339200
381540904655257600
381532153558753280
381532072084393984
381531468305948672
381529393232752640
381525495495405568
381511060932395008
381507403830673409
381507020169281536
381506656221138944
381497002615246848
381496916002877440
381496028345556993
381495604439822336
381495369898528768
381495185244303360
381494771778215936
381488519895470080
381487785804177408
381474585096364034
381474406028943360
381473474448875521
381473175525015552
381472912063991808
381471816595677184
381447009376694272
381431971790200832
381392009451565056
381391865289129984
381387321641562112
381385070122393601
381382460489334784
381368352200876032
381356192645124096
381328627024936960
381169858676670464
381166164635684864
381163494508212224
381163283387908096
381161733487742976
381144948541644800
381140488138412032
381140258395389952
381140184617607168
381127737533923328
381127417810522112
381103146006626304
381101265268133888
381101169709301760
381098185336180736
381094163480985600
381094036603285504
381078889025396736
381074383936057345
381066276648411137
381065925052485632
381053945801486336
381052901734375425
381048762958745601
381043637208879104
381033409318887426
380984021057933313
380983960655777792
380983511772983297
380976760398938112
380972949806657538
380969963206369281
380960231468961792
380959580802387968
380957932122144768
380957910265655296
380957106817355776
380953944672837632
380951583040610304
380950579331084288
380851843523280896
380851525603442688
380835993617575936
380827198594105344
380814905395265536
380813052548874240
380778207194009600
380761433169883136
380761237832753152
380759302350176256
380749710086008832
380699381923446784
380692236763009024
380683688670814210
380683545976401920
380682853639389185
380654869842886656
380654852436525057
380654824691220480
380640269881733120
380630200750321665
380621788977188864
380618941124448257
380618599825563650
380618190130147328
380615252364107776
380614874809647104
380613249927897088
380444792859017217
380437451094765568
380437400813461505
380434716890898432
380434070758359040
380431299711737857
380391452984868864
380365432567242752
380350038708215808
380349234395897856
380341287729131521
380082340414119936
380054696758476801
380054464452759552
380050618661867520
380031359017705472
380028900627083265
380019144181026816
380016913545297920
380010235970072576
380006515920216064
379979334238216192
379973980221751296
379971995909111808
379962484804689920
379952373248307200
379952327785865218
379944011886108672
379940989898485760
379937223316996098
379897316401876992
379879134869979137
379739493500071937
379669425718575104
379667364352372736
379640003585781762
379624791600160769
379621267906629632
379617279320657921
379616890101825537
379616823215280128
379600987293360128
379591957648904192
379537704548970496
379535050833793024
379523474643222528
379510563463655425
379373618049732609
379319556923092992
379302017224568832
379291097362866176
379289657512841217
379289395456929792
379255664469880832
379250705129046017
379242530103361536
379024613440647168
379019749008474113
379009549979496448
379008879327051776
379007899961274368
378986517563068416
378986199035035648
378985560456433664
378983771279597568
378979988566859777
378959982869217280
378948384356192258
378927500144816128
378925613773361152
378884763165011969
378883853701500928
378883240171286528
378873631679328256
378872903032266752
378872210598797313
378864739654176768
378862075268710400
378854075866951680
378850535765327872
378841613755097089
378837750985654272
378837571612073986
378805743949860864
378792189632868352
378791783720693760
378618705665486848
378615516119588864
378615414109917184
378614996625674240
378607691729731585
378586999893938176
378578948457631744
378567588478857216
378561429088894976
378545012536909824
378542317130375170
378526855046758401
378517967580835840
378516728260489216
378500498908672000
378497818316394498
378495282251460608
378443638029570048
378441338619842560
378437522306510848
378327194100977664
378324299309789184
378309301380874240
378292691647610880
378282018095636481
378264681905135616
378247656876675072
378246080585945088
378245240286478337
378245165598523392
378236968565362689
378236289272664064
378229655171366912
378213800819687424
378206074739781632
378202134115651584
378201255090204674
378190741417099264
378189226178646017
378187148605665280
378183445379162114
378179130396651520
378174933710278657
378166686160912384
378165829872783361
378154257855176704
378153123665022976
378132282432684032
378132160332324865
378131459782893569
378130175205978112
378105437100326912
378066741990936576
378063846227058688
377963997565177856
377926475150028801
377894048788647936
377893910955446273
377876206026100736
377874919205654528
377862336457224192
377847049158676480
377843572953083904
377839275049762816
377837123023695872
377837076861186048
377836551524593664
377835982307196928
377805124854636544
377803140852371456
377798141057445888
377774259739033600
377699002835554304
377695348132937728
377601596437184512
377581504689217537
377578815976771585
377578558119362561
377577931368710146
377577573590396928
377577372670631936
377577136900411393
377576850303643648
377576512041390080
377575930509533184
377575704088440832
377575098451890178
377573098674860032
377572955267411968
377571592395427840
377571190111346689
377570887626534912
377540147887091712
377539588295647232
377538481448157184
377537689538416640
377536980831072256
377536624143245312
377518728226697216
377505458233176065
377501361727750144
377500227952852992
377496616267030528
377492409904414720
377484677008748544
377469970931646465
377450741700362240
377450727397793792
377450496270675968
377447531770150914
377442955985817600
377442085432864768
377440887866810368
377431425462448128
377425513439952897
377357623483326464
377332535983738880
377322923003895808
377320087654395904
377211875953364992
377210833857548288
377208534120689664
377208276305203200
377192562148130817
377191266464722944
377183408230645760
377178195079880705
377175605185241088
377171820870262784
377149645903765505
377149596884938752
377139829445636096
377104062572814336
377084619419430912
377078808207036416
377048575923851264
377004150510194688
377002227979661312
377002173688602625
377001010129940480
376845026258460672
376841823504707585
376841484634304513
376826235759763456
376824872405458944
376816538180780032
376810584726978560
376796627274432512
376793417566543874
376792745404157953
376790853647204352
376790740484902913
376790176149680128
376786755178885120
376785427580981248
376759953110749184
376742453979516928
376739473536475136
376725088927641601
376714351807197186
376710320082808833
376707519789268992
376664859401658368
376663446843953152
376657891056304128
376655632314544128
376649742173761536
376649513210880000
376649011626639361
376648897449299969
376648741442162688
376647297859190785
376645753776529408
376643419889627136
376642818724200448
376642070468780032
376641556716863488
376641435639898113
376641131510898688
376640670242332672
376483164912242688
376477175114788864
376476790627106816
376464782259286016
376464655582912512
376459315579604992
376457774126747649
376457719235870720
376457551216254976
376456973689962497
376451478568710144
376451119100071936
376450710616813568
376449245575794689
376448427539722240
376447814005317632
376446732512419840
376444729325387776
376444255159345153
376443775498715138
376443482946035712
376442540699840512
376442128936603648
376441685997142016
376399307177340928
376390547495079936
376378366439333888
376369934084759553
376349989472989185
376323999623434241
376323253569990656
376320725121908736
376320352298610688
376311040629174272
376306777274322945
376306691085586432
376306223814946816
376305411311157249
376305103239536640
376299748656832514
376295218284216320
376291709371441152
376262693205733376
376262463458521088
376262122046361600
376138611088842752
376118172018950144
376117374434295808
376094315455336448
376091902786797568
376084991832113152
376064803615145984
376064601969786880
376051052467871745
376043197840904192
376035476634742784
376023634562666496
376020849217654784
376020643499606016
376015755973648385
376012929784487936
376012883542302720
376008924580679680
375994806024957952
375992347315556352
375991510581248001
375991450082623488
375983677861163009
375983443827367936
375978136644513793
375973838883794944
375972596572897280
375959232438235136
375952675524714496
375941077645012992
375935644289085440
375933228458070016
375906721174024192
375765286831407104
375751538641100800
375745899957219329
375740436758798336
375734335480930304
375721591864184832
375721211411443712
375704518656536577
375691600959004672
375683989685547008
375682071936507904
375677020660699136
375675054861737984
375673028656377856
375672970078720000
375672865317605376
375667184615186433
375665095637860352
375654873527640064
375654186483859456
375652269468823552
375650594767138817
375639392787763200
375630111933865986
375623606203478016
375619361815293952
375597456420896769
375595288615849985
375579286322700288
375560647305478144
375558948608147456
375557321880924160
375555418870657024
375549294217928705
375546461833818112
375545911536930816
375541309575929856
375539977750183936
375420135126753280
375392755171618817
375378723521847296
375366082082533377
375363445018722304
375307009605648386
375299216328773632
375294534210449408
375293920231452672
375292221357953024
375280426748620800
375280105888571392
375279883082940416
375278884461096961
375276378549010433
375272781174161408
375272765411979264
375269163507277824
375263144215445504
375247492473839618
375243549014372353
375243136303255552
375151855984062464
374963241467662336
374962820074332160
374955665325711361
374954350642077696
374947840297955329
374944018808836097
374933461733101568
374921045632749568
374910622309175296
374899175780933632
374892499291996160
374890524387205121
374881428455952384
374872528499404801
374853707306782721
374622449163194368
374614492618825728
374590260224618497
374581816432152576
374580150035152897
374575068459724800
374573860810530816
374566772155744256
374566648943878144
374552480232636418
374552137465724930
374551284046508034
374542328242782208
374541299698761728
374539158087151616
374536694780788737
374531109129707520
374472894710947840
374472661503463424
374447988036210689
374447396928774145
374259620551729152
374259216048873472
374258944631246848
374256480850944000
374252834528571392
374252567762444289
374252427270029312
374251266332848128
374250860475207680
374248831094771712
374248029689098241
374247939838722049
374247680458768384
374247054257569792
374246644214026240
374245778174115840
374244750892609536
374244450177806336
374244171743100928
374243727327244288
374242963104092160
374241792910053376
374241218214903808
374240120808808448
374239985181790208
374238197116448768
374235879100788736
374235103410409472
374216478607671296
374214825007521793
374214679007997952
374178185207758848
374176245602193409
374175795926675457
374159219676569600
374151376634277888
374144498248331264
374118973509345280
374105095090081792
374099865082417152
373937185533079553
373913535111131137
373910335758950400
373901947620712448
373901615213731840
373884041386147840
373883935853252608
373883424693420032
373863835972542464
373855712448770049
373855430184665088
373838271115460608
373761851987066880
373754784827731968
373560318481297408
373559550793641985
373557741769355264
373546808430977024
373530719219224576
373524787454173184
373523967006355457
373510253112856576
373506386073645057
373494136269066241
373491134086914050
373481708554702849
373470113644552192
373468077406433280
373466986396667904
373464512822669312
373457957964353537
373452209368748032
373450984782954496
373403348273094656
373396830228201472
373385790555840513
373217535480446977
373217440890490882
373216033156239360
373211792165449729
373211659864522752
373211597520388098
373210014363570177
373209155013599232
373208929540395008
373208637113507842
373208210603139073
373207776303935489
373206958142017537
373206109709811713
373202905811017728
373202349126205440
373200178091540480
373197277218607105
373196752121126913
373189509912875008
373187886234861568
373182766864547842
373147586229575680
373147344310509569
373111326811230208
373097181143519233
373032513175699457
373029920793837568
373018614300827648
373018454262960128
373001151207075840
372809286700634112
372803288980148224
372792682831032320
372787803890790400
372780839458701314
372770453451845633
372766864419471360
372754855246311424
372745963544145920
372740511632617473
372726362521366528
372681326949703681
372677133316812800
372661279820750849
372659988960776192
372649396145373184
372647926222168064
372644825691979776
372642559572451328
372642283830525952
372640994023309313
372624789149462528
372623490601713664
372476810333671425
372472147605614592
372471418186780672
372466676400263169
372461794750504961
372459247885221888
372457686165487616
372441674766503936
372411447474544641
372402280084955136
372398994049089536
372396856682086400
372394276920909826
372392802795020288
372392133828702208
372379329134485504
372374104742965248
372373913377857536
372370858196471809
372369549842055169
372366265890775042
372364933964374016
372350232857571329
372299449931792384
372288896593182720
372283902418644992
372270149803315200
372130262106136578
372129143871131648
372128830594375681
372126516009656321
372114770335240192
372114121073754112
372091257587122176
372087459162513409
372075753950564352
372075528146014209
372072711352115201
372072153002168320
372030935195086848
372023779305590784
371990863338958848
371990294700380160
371985268682657792
371984169468846080
371983091230720003
371982811441287168
371982406225367041
371961302240866304
371941746579476480
371939120890658816
371938695781154818
371935565815377920
371935202647371776
371929467532226561
371926415114924032
371921173128310784
371920110111305728
371786880531984384
371732044935462913
371729877646327808
371723690297155584
371708068918071296
371704224947527680
371703155492265985
371683373267173376
371683031720796161
371678641618292736
371674509536817152
371644078770769920
371643857315721216
371569806983430144
371426562098204672
371273971351556096
371272211388051457
371269222065647616
371261351647129604
371240274623602689
371239011915812864
371236205523763200
371235609844514816
371224833792540672
371220342854795264
371218801460641792
371218469343096833
371216996647464960
371214527821381632
371210662426316800
371207296740630528
371199998571995136
371043708902199297
371043543516585984
371039259651608578
371025432818089984
371025295760842752
371025202408214528
371025094857879553
371016933036265472
371016720666066944
371016383104294912
371010497090699264
371004775628025857
371004456324059136
371002903869530112
371002756037111808
371002148970315776
370969076765831170
370966399100780544
370939548353576960
370938213814124544
370912937478615040
370910343238664193
370898566639648769
370877199999438848
370875543425515521
370849637692764160
370708190033240064
370688691846803456
370637339665891328
370636528625516544
370624411931389952
370623149240352768
370602905683783680
370565120876756992
370564860007833601
370557655091130368
370555238597804032
370539367313309696
370538649831477248
370496166443499521
370325853030199298
370316289345986560
370316150137053184
370307128126230528
370301720582037504
370301584439140352
370301372899414016
370300825471442944
370300639248543744
370299317916954624
370295598630457345
370290159528333312
370288319097081856
370282464503005184
370272437465673728
370269099453992960
370268418697461760
370248733889269760
370169916617273344
370160722312839168
370137900119097344
370134722447294466
370126564333076481
370125030006341633
370124884044574720
370118583902167040
370111736352747520
370104808834727936
369962253493088256
369957821476913152
369946995839860738
369938417217318912
369936781480710144
369928310156836864
369925318586269696
369917580019900416
369902818942922752
369902081055813632
369901696643633152
369901094958141440
369900783145205760
369897794804264961
369838809329856512
369837604335669248
369834125298896897
369831629427970048
369829692963954688
369826657520992256
369823634715447296
369823590490701824
369820935513051136
369758146203361280
369751048459517952
369742969860943872
369741589410627584
369581498166296576
369577927211376640
369537761537036288
369499842109640704
369488692802383872
369477499794640897
369457264928628736
369442522147196928
369410589056987136
369410529829208065
369398715494047744
369375972945981440
369373479138635777
369230411848617985
369230304679956480
369227733047336962
369226702339063808
369226535472857089
369224399624224769
369204290033696769
369201224718880770
369200808539062272
369183967519322112
369183858295443457
369183145884524544
369182872273301505
369148480771477504
369123365388173314
369121273361608704
369119360960315393
369116316428271616
369093489012649984
369091632672436224
369091154634997760
369090911092740096
369088598613577731
369085136073023488
369084919806324736
369082064244445184
369081753614307328
369081517965717505
369075083085508608
369059610960723969
368885139142483970
368882368871792640
368876207212724225
368872380887609347
368872323366928384
368828383959863297
368818023315947520
368817965426159616
368816520945623041
368816093134979073
368816010792415232
368815922712023041
368810595094499328
368803924590862336
368801574170025984
368788816670126082
368784671728873473
368684363086438400
368681912828571648
368675593010688001
368672738279305216
368672406082027520
368672361974734848
368671024109215744
368639808366583808
368636672067387392
368636562638004225
368576796473561088
368574051989458944
368567344034902019
368511932845682688
368509733264572417
368509226731065344
368477328570998785
368458900388855808
368447371312525312
368428171965652992
368426131055050752
368418031170379776
368377328725790720
368377047816478721
368376866077302785
368375579575193602
368371262470385664
368362214119325696
368285856886304768
368285447257997312
368282602337079296
368282510779613185
368281710783246336
368281459380867072
368277699157966848
368275894281838592
368274853695983616
368273167850029057
368273019635920896
368169429894303744
368126875752607744
368125810252587009
368124261589733376
368124048959483904
368124012942987265
368120985506963456
368116954722078720
368109583887110145
368094160940957697
368091249997516800
368044690991353857
368020847564312576
368019925161353216
368014021812690944
368008618949345281
368008429312278528
368003951079092226
367975134046326784
367958104433909760
367957656276701186
367955594428153857
367948499867799552
367943492695126017
367939829658443776
367937144448225280
367934974587969536
367934671390130176
367793030679384066
367787552222101504
367783412914196480
367773878099386368
367768906225573888
367768660104204288
367768485436620800
367767632990449664
367753317700886529
367732571578191873
367732075933102080
367715474429079552
367714509697187840
367657940544544768
367655630263177216
367603657635659776
367602212089786368
367577533497081857
367573667191873536
367565808480034816
367379162383667200
367379036932026369
367366693456060416
367353350255165441
367341063888846848
367303671475732482
367293580714311681
367290853405892609
367290513000366080
367288441282633730
367280223957426177
367278200583233536
367257389252083713
367251630573359104
367198737405181952
367014580246945792
367009682939850755
367001825007763456
367000591794319361
367000409459531777
366929603064893441
366929212399038464
366910470889811969
366870012104937472
366847622960525312
366662335038889984
366654288715464704
366637896352014338
366631213739425793
366611521566015488
366610977845821440
366578272974290944
366483633411862528
366470885911175168
366337798128672770
366337309911678976
366320357017268226
366319842980151297
366313134958444544
366308466270273536
366291966968856576
366280932925247488
366252399909806080
366251732822528000
366239632339369984
366164137702735872
366157175887888384
366157055251333122
366156808257155072
366155789385203712
366132287064121345
366130409756561408
366119041221402625
366117701585862656
366111816620843008
366110725208424448
366110066513952769
365982239898611713
365980572302065666
365980309273067523
365980260866588672
365977417438867459
365907034396311552
365882372278849537
365858651904294912
365854235633520642
365852190658658307
365851145823981569
365842686361604096
365839372114866177
365836565857054720
365835127324033026
365749556354359296
365577784438951936
365575336995471361
365572294338285568
365555663071490048
365555106810310657
365522429675708416
365521641201074177
365518641082548225
365510488647417856
365510196581240832
365507613661728768
365505320396660736
365505254294421505
365496525339631617
365493791404212227
365479959894044673
365446193268002816
365413562740510721
365412301030965248
365410821674766336
365402000877305856
365399929461538816
365396580230103041
365285113291997186
365220837852323840
365219218452529155
365217105487994880
365216296117354499
365214589190815744
365214428536381440
365214223623651328
365171093662728192
365137595786723329
365133222637608962
365126027296518144
365125765882331136
365120555290079232
365118654850928640
365115519612878849
365074769957236736
365064348223279105
365062198646677504
365041756900823040
365034150790574080
365027688710291456
365026927565750272
365025957209321473
364790980479680512
364767424265994240
364758956511461379
364750882740514818
364746562427035649
364732793814650880
364638632683905024
364515051744403456
364451516507099136
364433027469803520
364430005830303745
364427712460357632
364427312403451904
364426853307514882
364423854422097921
364423308961259521
364413880706940928
364396765622960128
364393777714053121
364393037939490818
364390874299379712
364380254535548928
364365685087928320
364355516782227459
364354182683168768
364353589059133440
364350544493543425
364083024402456576
364082761616732160
364077445957173248
364045561969647618
364040192199368706
364036331447386113
364034614001549313
364015205753163776
364000698544816128
363949217791741952
363813406094016514
363813109716107264
363810089544585216
363809230639210496
363801366382133249
363791667460968448
363786858817261568
363767632345837569
363763885653753856
363761569005441025
363761244257255424
363759272833712128
363740537896972288
363722170251223041
363718620464947200
363717518814216192
363711192209965057
363636461628702721
363578661770772481
363577623173017600
363406754002251776
363402293376335873
363368501299257344
363351728160129024
363346030399467521
363336589599977472
363333506945908737
363310488517488640
363293212829425667
363287713887170561
363267080063156224
363249174948491264
363222949580386304
363216052219420672
363214440646189057
363213500018987008
363072043152982016
363068419874099200
363067976938827780
363065709204484097
363065004381044739
363064142363508737
363062739503026176
363048333805240320
363023022682570752
363022770445094913
363021030815576064
363004473246892032
362982082672214016
362978839330168832
362977829706661889
362972074618261505
362970174455955457
362957063757893635
362951552580853760
362947275221250050
362946812644040704
362941203152502784
362933317986824192
362927798937067520
362886284584288256
362883226148147201
362877088199475200
362876667120717824
362862320977838080
362682102422048768
362621103400693761
362620580496805890
362607414597533696
362600252462743553
362589327445868544
362579337104465920
362578320241606656
362553781155663875
362550852105416705
362525239671914496
362517244061814784
362511429766610944
362484001560203265
362483888905388032
362345420342562816
362325549059813376
362324742432227328
362314719480127488
362314716892241921
362264305548275714
362260354203533312
362260275879100416
362245693630447616
362214963806351360
362193876880080899
362176602307694592
362174367058243584
362166691934896128
362131501900513280
362101438274486272
362095268377804800
361929914443771905
361898721904046082
361886647777898498
361882837495975937
361879880247410689
361864690525147137
361864621776314369
361864602553810945
361855027347861505
361841771292004354
361831691016351747
361533714049675264
361531948419653632
361137757994754052
361117450810564608
361098256014524416
361092483217768448
361081649158561793
361066500997656577
360874786815098880
360865619102543873
360846580158443520
360730221483270146
360697413742231553
360692036128604160
360678772753694720
360678612862644226
360676300802899968
360676254254514178
360660739909881857
360648648557727748
360636510954991619
360635598870036480
360634429430956033
360633389646229505
360615795484659713
360453460958785537
360426236910116865
360397516849684482
360394452101115907
360378943641100289
360340293104578562
360312878517075969
360286728101179392
360279493987930113
360279276265807872
360274499435905024
360274215062081537
360177696669573120
360161362044919808
360161293002477569
360158234004303874
360157046001250304
360156874227712000
360147861154963457
360145790422888448
360102404525539328
360097077272920066
360096503869603840
360096481992130560
360096264219668480
360094218938621953
360093069472841730
360091407488270336
360091342237466625
360084141917732864
360081737449082880
360081352739139584
360080641850753026
360079013085061122
360078388087627776
360064001188700161
360060203611324417
359971769190330370
359954923158380545
359954211057836034
359950474767638529
359950183011856386
359933198433660928
359933037858926592
359924613058281473
359919920676487170
359916630291124224
359916567271714819
359911495108272128
359898080042164224
359697764889792513
359697132170641408
359679493415251969
359668151199350784
359617550516092928
359608149524750336
359596630003036160
359589013427982337
359588215583285248
359588026969632768
359583043545079809
359580950302167040
359580870149021696
359580723293859841
359579735120019457
359570976050135040
359561484797358081
359551740430921728
359550511982182400
359542227451654147
359541670817169408
359416251149328384
359409254618251264
359405759672500224
359404763739201536
359399197977481216
359399090527805440
359398906578210816
359398805793292288
359398457162743808
359398080677814274
359397886670274562
359388337175412736
359353798008905728
359339246340939777
359336114475114496
359333695812935680
359325329153732610
359308024722108416
359180375039279104
359180146604908544
359046937485393923
359018587484205056
359017610626609155
359015259509501953
359008556692934657
359007743467728896
359004506962407425
359003677173882880
359003564963663875
359000994622881792
359000584830984192
358998721008119808
358990712085291009
358967246191722496
358943200913784832
358934705694969856
358885381116145668
358719193027330050
358687339586924544
358679415640698880
358669392940244992
358655232735055872
358647269425287169
358600950186901505
358600290892648453
358281853964259328
358206939391467521
358204988796829698
358181434843860993
358169804135350272
357995751382593537
357993305268695041
357884156753506304
357837313121861632
357832776482959360
357823413433282560
357804021853069314
357791179976359936
357791001965891584
357784046723534851
357783426897690624
357637251049590784
357501920287526914
357499282212917251
357448895275606016
357433113913212928
357432997273796608
357255307631665153
357231536409550848
357216707372269568
357212105822322691
357161086102933504
357151456668811266
357106394316554241
357076658458595330
357075911344009216
356912775399878658
356899312904585218
356888694604570624
356860824616312832
356792167349493761
356768124932075520
356709606208180224
356680355039813632
356493100530663424
356134693843894272
356131802752090112
356129047333445633
356076903729348610
356073021468971009
356071980950224896
355777539089768448
355733353040850944
355712819783680000
355678394882592769
355282306526752768
355266648313311232
355233985808437249
355233778874060802
355230517253242880
355227816050167808
355227541247758338
355219318977478657
355088326782500864
355065202917646336
355061081359650816
355056487296536577
355055801431359489
355051084223492096
355050945962442752
355050889859440640
355050801581932546
355050356956336128
355050251658346498
355050150651117570
355050002013360129
355047288416108545
355046664211402753
355020237910982657
355020223075713024
355015008054292481
355009784711356417
354998498573291521
354993052177276929
354983097906900993
354974557230211074
354972641276346369
354958317908537344
354948518911283200
354909270401232896
354907689198944256
354905341554720768
354904396280238082
354897705404862464
354857634299518976
354849560373374976
354848858741805056
354689940543639553
354682293174022144
354682209086603264
354679802264956929
354654773997350913
354653190156853248
354647017118642177
354643825785962496
354643317499240448
354639736939347968
354635299013402625
354632198399336448
354631998993739776
354631775412158469
354624714154573825
354620570438074368
354612233575219201
354610965528059905
354610657800368128
354610020547166209
354600770374598662
354586756638703616
354549392017072128
354537497126113280
354535266498789376
354533390197866496
354529692121956353
354527519694794752
354525020095119360
354507237630291971
354502532250337280
354500180764131328
354373459985432577
354326336854179840
354325803456135169
354312110953607168
354254916098863105
354254859689672704
354246590459953153
354237700196409346
354237614695530496
354217348623892481
354210240729849859
354203704192286720
354203473899823104
354203155891892224
354165043207733251
354012975071379456
354008710365982721
354007323494191104
354006830273396738
354006662924869632
353983812511858688
353965071292055553
353932635896156160
353931707386302467
353931522690129921
353921895038595072
353917326845952000
353916153439072257
353915662512558080
353910203105816576
353909265326538752
353908346002219011
353908044893126656
353906913257340929
353906122127716353
353904301816561665
353881681029107715
353880271302569984
353863663460945921
353812031146696704
353671293578653697
353671056084566016
353670874777399298
353670738198265858
353669795037708289
353669463746420740
353669235949584384
353669020626587648
353668167077339136
353667926714359808
353667447104090112
353667161304211456
353667101237575682
353665580336820224
353664802960314368
353663053629366272
353646832691326977
353640776296697856
353603367777476608
353595002770825216
353588714859012098
353579476069781505
353575274631274496
353500220589477888
353499541800108032
353479580151070722
353472694198599680
353470584102989825
353449296810610688
353296875912302594
353260097461436417
353257462482214912
353233668334026752
353231894487379968
353203814087659520
353202996370358272
353193248749133826
353162018322268162
353156275078578181
353143380479455232
353142126260924417
353136928905891840
353084026665439232
353075687084666881
353072069510045698
353062351488040961
353062271762710529
352933676868317184
352906881624326144
352905204859011072
352866119884877825
352841895900221440
352838738633695232
352835223240712193
352827842771419136
352826826726445058
352824940656984065
352802233320079361
352799940289888258
352798943912009731
352795263791927296
352738578360582144
352719900776742912
352717447444443136
352717154942074882
352717119550533633
352716291271966721
352711445227642880
352708282382692354
352700679783067649
352700608039489536
352574625013706752
352571099365642240
352570441275158528
352562539697160195
352549817525866496
352546338740768768
352545916567306242
352544031139569665
352543678050484225
352543542117281792
352543344175484929
352525409214144513
352470893680791554
352467180803203072
352467026851274753
352465577132048385
352460209983209472
352449958286327808
352433409605373952
352432682866712578
352429462480105474
352428339073515521
352427682333601793
352427461394440194
352427039552307200
352425606773882880
352417302953738244
352413392847380480
352371266579202048
352338788724375552
352326916436529153
352326577897484289
352324248519446528
352322339708469248
352320516910092289
352146047738462211
352135486787162113
352127436869214210
352126817014001664
352125893025603584
352113901023936512
352086937932271618
352085928824668161
352073178266337280
352055421114130433
352047054714966016
352041424704905216
352037804886343681
351986204272635904
351986039289675776
351969991433793537
351961172158840833
351958788934340608
351958691630678018
351836984605540353
351836808658681857
351810416248229888
351809688200941570
351786312631713794
351783103401967616
351738578524585984
351730403687677952
351719745113948163
351711629953605632
351687428588838912
351668359886155777
351664273577095168
351663011343253504
351662033277681664
351657940425510913
351647284586483712
351645377537122304
351633050490241026
351627948069097472
351462843327053825
351460266661249024
351456484875436032
351456262908678146
351455098637000705
351449656728895488
351425595713929217
351359036861579265
351337609278140416
351314771959754753
351314400835158017
351107518367408128
351102406492295168
351102081857359872
351101394247360513
351101016030195712
351027076683411456
351017849562738688
350962477040812034
350961799832674304
350944910360330241
350916808057950208
350912316839178241
350698701443964930
350687089869856768
350679432400347136
350675955821445120
350671067880230912
350667207186984960
350665685237641216
350661011197526018
350660730250477569
350659141385203713
350645967919398912
350644193502310400
350637473094836224
350635494247370753
350634793962188801
350630898938548225
350624547415932928
350623131859296256
350621416695144448
350617259401682944
350599320866795520
350596493192867841
350595709738827779
350593417941762048
350586933732327424
350586116052750336
350582057233162240
350581964790697984
350575170945167360
350568895058427905
350568643324678144
350568163680858113
350567807861268482
350567773577023488
350542644532887552
350397250947645440
350395048417964033
350391897157668865
350391011995947008
350390865405026304
350390755262603265
350390159566569473
350388921164767235
350386556013514754
350386401113677826
350386218627903488
350372838399684608
350298105658347520
350293889040650240
350290645392429058
350283111365484545
350271880856481792
350262376660086788
350262169469861889
350238348675264513
350235896940990466
350235135813226496
350233242315653122
350225092787175424
350184468218261506
350178175252303872
350038443331555329
350036100426895361
350016080116318209
350015698086526977
350014231820767232
350013460106584065
350010975686098947
350010764251246593
349986006205861888
349985561211179013
349952325131046912
349907338439827457
349905948866912256
349901969810395137
349898790414716932
349898356287483905
349893493457559552
349882838264455171
349876120952373248
349857857547673600
349855987697594370
349851839052775424
349851311191232512
349850953882669056
349849358218436608
349833791516315652
349831434858532864
349830877234208770
349830227096117248
349829029030924288
349824754284380161
349822697028591617
349820976269230080
349819902560968705
349819667600261120
349812055085285379
349800508812300288
349794647834505216
349792579052765184
349790741343645697
349786899361169409
349677725570699264
349672547106832384
349666361389228032
349665244639002624
349663402001571840
349632493219102720
349577287852769280
349577028858687488
349569512535896064
349551600785825792
349532716565401601
349494480182837248
349494101328134144
349494057128574976
349493903537356801
349493859367137281
349493318805225472
349492991611764736
349492736736509952
349492479269150722
349474397523939328
349446895837523969
349440178076659712
349296430277591041
349270539103252481
349222379664322561
349206877005033473
349174114969346048
349167406071029761
349160305592508418
349158006358941696
349138760040067072
348876383302336512
348873133333291008
348867794068176896
348867103656398848
348866231731900416
348863635273183232
348853617425530880
348831370979704832
348831335110033408
348830951910019073
348830312723267584
348816510871015425
348800245712441344
348798453792522242
348793256655601664
348793094315048962
348786803865694209
348781587049086976
348735806384525312
348589049256222720
348532117304668160
348525032424751104
348523575877173248
348520510675623936
348511742046912512
348504416183271424
348475482158796800
348449803379802114
348403028057022464
348399615256719360
348391398988451841
348374420370366465
348212381953974272
348178896430170112
348176229637177345
348176129477210112
348176036560781313
348112244762091520
348109051688792065
348104109511036928
348101595256463360
348083235110137857
348082805491765248
348075753381982209
348054792498724864
348025966599217152
348016209427574784
348015819332124672
348013871484772352
348011188099108865
348007200972734465
347739268413784064
347735060247609345
347726691352854528
347726110747942912
347667596545515520
347667048891023360
347483066241007617
347452788806123520
347447292082651137
347439973898797057
347438848629932032
347424104388890626
347408094969606144
347397781440303104
347383997552263168
347365784634413056
347365096714027008
347358866696204289
347358376885362688
347355021442170880
347354914705530880
347347028210221056
347344123386265600
347343554034679808
347318006814228481
347310039620526081
347308654330011648
347255021764739072
347091648137789440
347091591288193024
347024968070086656
347024841381126144
347002353595060224
346991173241548800
346988907952484352
346975833296101376
346972652319158272
346955896770920451
346950579811131392
346948464636215296
346940547044360192
346935817073201152
346759382421352452
346759240154771456
346758386320277504
346755559351001089
346730106976350208
346728532304592896
346651490947055616
346647369795923969
346644503425318913
346630568546562048
346630029549109249
346626519298367488
346614032918253568
346579255167176704
346558132094373888
346554876014247936
346554462845943808
346415888502755328
346413996607426560
346380658685399041
346380421174542336
346374664391622656
346371819508477952
346357471025176577
346357408584585216
346344873831575554
346320257721438208
346318327796359170
346316992883597312
346309559138267136
346307419149828097
346306296598908928
346060923338911744
346056599091159041
345988445799329792
345955770652848128
345952568339492864
345917269773262849
345873933196722176
345868786282405888
345867273485037568
345821316881977345
345820747433906176
345629500098363392
345602663196553216
345576465175289856
345561237427466241
345549737363116033
345547387542065152
345535542026440704
345498676715720704
345493448440291330
345484962746757123
345481241249849344
345480904409505793
345480102261452800
345470843607977984
345464916993536000
345463952089686016
345463715652575232
345312144344096769
345309504155549696
345273281391243265
345272800426221568
345253170026516481
345238241923985408
345237638460084224
345235224441012224
345214108360130560
345186417833558016
345186387714256896
345185792701919232
345104312340463616
344910143516975104
344905755578736640
344905737601953792
344903866636201984
344900946482065408
344897966701674496
344896424258965504
344887883758448640
344887732809641984
344887680095621120
344886876831891456
344881388132126722
344858269975715841
344854963958185985
344854904084500480
344847599041396736
344824881306804224
344795989988749312
344795210984861696
344786045918932992
344784242422722560
344780674076659713
344747871188422657
344728498985897984
344728438302711808
344591947375185920
344584562438967296
344544325377589248
344530950748778496
344526661359915008
344522296364523522
344511558086443008
344478064010465280
344477935706705920
344465405466771456
344461446140264448
344451696958771202
344448839673061377
344447290318143488
344352077847330816
344225931151425536
344211620332982272
344191812388392965
344191227035525121
344145862966001665
344129875893952514
344126636351971328
344114943295115264
344114829553967106
344103571517759488
344101932002050048
344101844685058049
344098930818170880
344098864065830912
344098741927698432
344098374221443072
344098272937390080
344096967569309697
344028289427468289
343874764793868288
343862519867269120
343855079914340352
343854995604652032
343849170769149952
343837017454551040
343832765625688065
343824764709765120
343823634676195329
343774957328822272
343763522834010112
343507859226628096
343505729270984707
343473663447805952
343353455093616641
343343621162008576
343335908671619073
343335890459955201
343137403596337153
343134108240715777
343124268034441216
343108952977969153
343077805485072384
343076596950892544
343069642736148480
343067763620843522
343062826128121856
343046153497083906
343038472711458817
343033152287154176
343015325312360448
343013387913023489
343008342144335873
343005144230813696
343000589887737856
342995799812222982
342994474047266816
342993668946415616
342985018508967937
342977463627952129
342975162712485888
342946850623606784
342943300132687873
342793501676797952
342769237053562882
342765467062108160
342764547079294976
342762800004857856
342762005242974209
342759392153829376
342757673302888449
342757587667783680
342735503461867520
342735118781280256
342719564519440384
342711870161035264
342703046909911041
342702716654596098
342698952241582080
342692587490127872
342688494507917313
342688455211487232
342681765661523969
342657867691737088
342654698286891008
342651135569575936
342648709168893952
342644713926586368
342634496014827522
342624990409154561
342613443255361536
342574082207907841
342564346242662400
342392737494093824
342379268581502976
342376772739940352
342352048123170816
342350771322490881
342325330301825025
342314280869314561
342312190570795009
342312190071681025
342304284592979970
342302584335368192
342288411685711872
342015176465321985
341999292845789185
341978335393501185
341964585160544256
341960829278765056
341951323702439936
341944639525363712
341935972637892608
341920936699768832
341918134774677505
341805935490125824
341660741927071744
341616077161246720
341604430866690049
341567584279330816
341307526131900416
341303674670284801
341303271274729473
341302463309160448
341301049002438656
341299170726006784
341296115037134848
341295453750587392
341292810114310144
341292553477447680
341291851418071040
341291331697639426
341291242866483200
341290500256567298
341290021703254016
341289930514890757
341289731772002305
341288926738255874
341279427067531264
341277014516461568
341264456963215360
341262513515667456
341262428279037952
341262337245863936
341256334928379904
341105204298653697
340971926270918656
340971629544890368
340967347579932672
340966820393664512
340966000117809153
340959242678849536
340954710632697858
340938524188610560
340894408369127424
340593941936238592
340593000101056513
340582262280183809
340554918719008769
340554691991719937
340554466526896128
340552877938462720
340550036624658433
340513062333317120
340510319652765698
340509300579520512
340487071485534210
340474589975048192
340447201408974849
340446454298591233
340440501134172160
340432238288187392
340412084204474368
340408764802932736
340407711399297024
340402997056118787
340388771252039680
340386524799594497
340382476008562688
340382384149102592
340381867540873216
340379893483327488
340379110293516290
340378558113390593
340378451154448385
340234719096606720
340223391363657728
340204828665995264
340180449030705152
340164121955811328
340148063173746690
340147285012918272
340140729517096960
340140068649984000
340138782378557441
340131525578334209
340112909013250048
340093866004860928
340093097025347584
340092722033606656
340036942639030272
340028351018332160
339887030735601665
339798348271853568
339797495469207552
339785283610501120
339774164300873728
339748688031277056
339748566786510849
339746959365656576
339671394889637888
339668199975047169
339659980892405760
339496289681170432
339495273145438210
339487525242552320
339462034716495872
339450578461663233
339442006667427841
339425071141642241
339382709203894272
339379395628265472
339360446169636864
339339631558529024
339307238248300544
339303090593361920
339295124771201024
339128799721566209
339126470704234497
339076000098971648
339070065238503424
339038569102467073
339028613884149760
338953055049494528
338803633758031872
338801413377368065
338800631580078082
338798446867795968
338797761807933440
338797102589153282
338795140460183553
338793002229198850
338791914612588544
338785921531015168
338785234822774784
338784377964220416
338783880884649984
338783494375370752
338776291035734016
338773955924090880
338773719860273152
338771188639727617
338768711915798532
338767100770390016
338763825765576704
338763438513872896
338760368908271616
338756550292291584
338755567369736193
338741348519800834
338739857847357440
338735133970542592
338734504925622272
338730313498906624
338730190949720065
338726264095531008
338723798914322432
338719522615865344
338713723680210944
338710354752319490
338703139068858368
338702771714945024
338689048006754304
338631834525114368
338629970324750336
338628021168783362
338417895614849024
338407745608884224
338404353264205824
338403884739477505
338403231224963072
338402594298937344
338401880713617410
338401538089291776
338401248199979011
338398831114866688
338398247305502721
338396913600708608
338396245238374400
338390037412605953
338389976133795842
338389038027382784
338388598493704192
338369071164841984
338348641448239104
338339506598064129
338320833346945024
338293280490004480
338263304860471296
338227706489614336
338218968387047424
338217767654264832
338217630806720512
338216902285463553
338027103855448064
338026995290083329
338019224297562112
338017970787864576
338009585690480640
338003721684398080
338003086452858880
337998597817778176
337992431867924480
337988769733017601
337969752557359106
337969444422836224
337968703553536000
337968653347729408
337967499834441728
337966889764548609
337966128741613568
337960560916320257
337950284938616832
337936735411503104
337935321448722434
337925055138914304
337924478958985216
337924207818182658
337922436127404033
337917892672753664
337892829022003202
337886192857124864
337879371945750528
337857993498578945
337856470358056960
337719076652740609
337712556930129920
337710745003372544
337710420972425216
337708700221456385
337705748928790528
337702989429088259
337701803636432897
337701345568104448
337700061913952256
337699970905944064
337699706610282496
337699426309132288
337698776133287936
337695817060212736
337670462807085056
337665510021922816
337663800100651009
337649460559618048
337648838066176000
337648625620496386
337648387887349760
337647511248457728
337639792936353793
337634335479967745
337632241385611265
337622664984264704
337622495492444160
337615800871575553
337615129803886592
337610344363077632
337607539015421952
337607436217237505
337605648210612224
337599727854043136
337579120705814528
337569952175357952
337566788256669697
337553306803126273
337519875264233472
337519716002312192
337517461203202049
337505724215218177
337488698188902400
337488499634745344
337488138966536192
337486736940740609
337473841733455872
337473665807577088
337371819998846976
337371478980976640
337356314038644736
337354812037427202
337354590137757698
337333651303968768
337328124180172800
337324970298441731
337322519780532224
337321419597828097
337316106052182017
337314300270104576
337313897533030401
337306492724203520
337301551381106690
337300879004798976
337287538697977856
337287306304159744
337287075579715585
337267567980847104
337258467221970945
337256115949670400
337237414277959681
337222599560028162
337221995731234816
337215645601128450
337211444909195264
337208635740536834
337207256632401920
337206720608751618
337201166939209728
337198392939798528
337193525848465408
337193431258509312
337166182811586560
337162340321603585
337140269583577088
337138970335002624
337138746011045888
337116311228395521
337112800612720641
337104977631797248
336967813837225984
336928373790093313
336913059404718080
336901526134079490
336901102534533120
336901070947237888
336897379078909953
336893979792654338
336890400688205824
336889985494048769
336886444255744000
336879868157501440
336874458524577794
