396715093448077312
395615650158088193
395615527403409408
395576874992029696
395358949366452224
395291952968515584
394607012580843522
394561380604342272
394547355086622720
393913989354102786
393901007328911360
393899709208616960
393880551431487488
393876456603795456
393297998723051520
393086092473151488
392754254026264577
392746570028175360
392187926232453120
391380101683617792
391358189691609088
391352514240475136
391343269818675200
391030101480964096
390886462985498624
390754644495831040
390649949806813184
390548221354725377
390540875622653953
390526410432864257
390526283148308480
390360074990149632
389898100854099968
389620127135567872
389619617972228096
389619407195889664
389576009701281792
388777312939819008
388578530428076032
388578437587169280
388577581265469440
388577254407548929
388570045661462528
388569709026635776
388562928036618240
388506315007332353
388384235889127424
388383106744745985
387659274853158912
387622775021527040
387611692387295232
387296632678539264
387285415553544192
387266914143051776
386640842435608576
386639854077218816
386639062045818880
385820120779464704
385819083741999104
385819018558312448
385817911664717826
384949216969097216
384948539274457090
384831189162688512
384829871278800896
384417184677908480
384057058254786561
384006596491100160
383996256453795840
383762791825682432
383760876479991808
383758389983342592
383757497011818496
383753384408666112
383748031029719040
383743528821854208
383737777374105600
383693643858870272
383653065326227456
383610739723759617
383603297359114241
383284749084549120
383279742410960897
383279528040071168
383278589879140352
383211159177814018
382686680521523200
382685778288992258
382578874493964288
381384347661922304
381187674742071296
381187228590178304
381178091819008000
381051774154850304
381017341326159872
381016166040227840
381015374826717184
381014721907810304
381014440130269185
381014240074543104
380918851611156480
380917703068114945
380911366028398593
380909779600035840
380846059024416768
380843779864801280
380771419958673408
380733230862704640
380729413446287360
380493071659462656
380428904277618688
380092966263865344
380022508885667840
378179971899858945
378161343607472128
378160823517999104
378160538267549696
378072014424383488
378069903754162176
378069426727571456
377403444518064130
377061086370873344
377053927583125504
376737546060840963
376501109545635840
376425967713271808
376415292232331264
376390872973467651
376389839727656960
376321723035320321
376128662539468800
376086216481202176
376086137473073152
376082047426895872
376053478499811328
375978154361233409
374953341345730560
374947753429708800
374147593255018496
373924508031524865
373781309312626689
373626879665639424
373617539038724096
373616846596890624
373606968549584896
373606719546351616
373600408096092160
373597044792766465
373594987956432897
373505039547265025
373482967231758336
373472929561845761
373472879192444928
373231182395494400
373225133655072768
373224611367768064
373112591943344128
372838432256438272
372405049030639616
372324010803339264
371691956352868352
370963850272583681
370953083393540096
370761723969814528
370579229957582848
370578141648920576
369878763435073536
369607797560070144
368495610573242368
368412533587054592
368404404270923776
368166693232586753
368165552939728896
368058923216945152
368058433884270593
367408215090159617
367407373771485184
367391336300691456
367389924284047360
367386775510974466
367385615240683520
367385264538136576
367383246939488256
367382846958092288
367366495078072320
367223697469632512
367058485197803521
367031010082299905
361903805274669058
361898830570078208
359988241925025792
359732743065702402
359336994058407936
359303256402432003
359291745902665729
359227176144478209
359223844109688835
358911646623739905
358743019421310977
358728106216923137
358530119754727425
358262904346251265
358232847246561282
357951243433410561
357206569966002176
356811245392904194
356115043059896322
355755080860966915
355647889835442179
355601804395941889
352923773349007362
352408541207867392
350788252959125504
350786508539695104
350783556873760768
350779863336103937
350774295116529665
350765830738423809
350763563394154498
350763225828175873
350714530818555906
350712090199212034
350712016253632513
350709901108056064
348153335599206400
348061750924570624
346953449755254784
345595108550381568
345530746506711041
345249278312210432
344909884237680641
344487235720208384
343876650469031937
343245375089561600
343205556951056384
343170497221120000
343156337376641024
343138627846541312
343040429861781504
343039703718694912
342418856138117121
342353811681198080
340552630118002690
340488642793459713
339802124772851712
339801984360136704
339798214897201152
339793847288741889
339793193832968193
339792069474267137
339791081115877377
339727883150979072
339181164344512513
339177281748602881
338453223520210944
338418962570301440
338134703162933249
338132095446695937
338128788661608448
338072853402513408
338072037610381313
338010012821639168
337970426351333377
337966364507656192
337959740468514816
337933764783128576
337557756250832897
337491001692270594
337273174892896256
337272733081665536
337270869669851136
336855002339479553
336849348619018240
336849252175208449
336259556009201664
336247644445880321
336247056026972160
336118583765659648
336118288021090305
336117617637089282
335961580422455297
335954958505615362
335952361514229761
335951250594082816
335950780697808897
335940996472913921
335940113227988992
335921250272686081
335845943830274048
335804179513745408
335714027114205184
335711482341900288
335709811356364801
335561275134332929
335559587019231234
335559324631965696
335557359822860288
335557006767321090
335555465884864512
335555028184088576
335554671844409344
335554172965507072
335554069320065024
335551278920900608
335550968907329537
335550617814712321
335550225404018689
335547675086839809
335546801958572032
335545956131020801
335545645882568704
335543740632559616
335510576526655489
335433418202558466
335411540398325761
335409492244168704
334721592686956545
334719725558976512
334657362692550656
334470767427338240
334461456718368768
334461019260866561
334459526344478721
334449601467781120
334448332485312512
334448056353308672
334446970938744834
334446192312320001
334445913596637185
334445639905722368
334348247608987648
334284519366610944
334282947840573441
334131336040300544
334129426273013760
334110222140452864
334109716957503488
333729575798444033
333280461830885378
333279628275888128
333236664040304640
333150615008063488
332935672010772484
332935082866257920
332935029011402753
332934830369169408
332555919051329537
332540832051757056
332540437812363265
332537422866952192
332533468116447232
332246011042996225
331917566559805440
331912296836239360
330503958911135746
330500375130017792
330494872136056833
330492467277340672
330491292494729218
330484642148909056
330480335089442816
330479294721712128
330478020542468096
330477470446911490
330319359065083904
330314087370203136
329943780809637889
329920024808669184
329594964596097025
329294968403398657
329167450048446465
328844732044279809
328842906364432385
328614968738058241
328463103241101312
327950670583955457
327950429352783873
327948830639263744
327948728742866944
327945133570023424
327942974493306880
327941590662410240
327938772014624769
327936172796018688
327935287915339776
327934081826426880
327924053061038081
327923151839318016
327875518076686336
327872007184187392
327870290707230720
327778936299859968
327443286908346368
326868040891387904
326769316974444546
325772578247548928
325771842927345664
325432374395559937
325420417043009536
325416950375256066
325413257940705282
325406032551628800
325404333518778368
325403777412780032
325389608680558593
325321086336126976
325299903750352897
325294355738947586
325224173133770753
325222963270008832
324996842259640320
324994187663646720
324682584124715009
324681485321895936
324680350481653760
324613252925489152
324136050274492416
323835476962332673
323384437859549184
322887867368091648
322884124308283392
322883353277767680
322869630957916160
322866337414275072
322864369954344960
322856252151578625
322807868019601409
322779333930401792
322699450688610304
322696524121395200
322696295389212672
322693786297851904
322692378886561792
322524658333261824
322524388522082307
322500282686795777
322313489404264448
322313199158444032
322312189916622848
322100186769932288
322071894075535361
321367380758523904
320849753795612672
320849629518393344
320849305147695105
320849024712327169
320847236684718082
320844457127866369
320350994103955456
320267515953553409
320267153691529216
320266328172793857
320265806086819840
320265595310444544
320263107467431936
320261473366581250
320209320367247360
320209015609106432
320208415525842944
320105942115045376
319972447510220800
319971296463175681
319752362438836224
319750637208358912
319148686770831360
319088634013810689
319027297258717184
317632586316906496
317553614950395904
317551662371856384
317551562585174016
317441435798482944
317439630788157440
317414165335638018
317407122205843456
317398196437532672
317392096254361601
317390484467220480
317328494809993216
317279666648006657
316756818690965505
315879854333636610
315243635614576641
315240669956419586
315240343815725056
313940560417259521
313937512936665090
312727409214496769
312726364455321600
312725532817108993
312724101678653440
312723726590439424
312720565154762752
312720154687594496
312719477093593088
312719225691197440
312714323086696448
312704378702266368
312592120038948865
312583330216439808
312522949871669248
312522851808858116
312264546779811840
312256913184268290
312255468850536448
312255114494763008
311961630588153856
311960773217894402
311958893251141632
311953574861107200
311875917293187072
311541707978182656
311226589495033857
311215594051620864
310782264306970625
310221287949750273
310220685731577856
310220030509993984
310217650116624384
310217206111805440
310208321825148929
310205976290672640
310205883286175744
310204988875997184
310200759184678912
310146849040392192
310146039086710784
309844271631044609
309843165144301568
309790769747738624
309390035277463552
308362986920214528
308264917381812224
308207701773672449
308206776120123393
308080497312018432
308078927287549954
308078151454560256
308077211460706305
307935185117249536
307911697065197568
307829351200722945
307677775400161280
307659519884947456
307657728938098688
307655823801344000
307572445144051712
306927718044430336
306927485784846336
305498427846959104
305495809376542720
305179732780142592
305103303111495680
305102294658191360
305101383303065600
304626988553998336
304619578942709760
304497174618705920
304494799220768768
304347964619501568
304347747153235968
304283435411832832
304275764856115200
303881273670238208
303871607775064064
303824637962366976
303581124637126658
303566205644582912
303179278231691265
303144005145853952
303133415786557440
302876339189456896
302833479253622786
302741371930943488
302537076434403328
302529951511482368
302529084720836608
302527805344866304
302527681336057859
302117466274938880
302113848276701184
301957534502252545
301451808793059328
301426000699457536
301378917082755072
301374201049255936
301373901009715200
300177142786977792
299950086899761154
299933317019607040
299909728279068674
299888366575566849
299888038891376641
299887583788421120
299886700967108610
299884116680273920
299881126305079296
299878513203351553
299840928275914752
299840657042833408
299267157617954816
299230376524673024
299144700085014529
298909804863311873
298510562126614532
298505820881182720
298505097997058048
298461602724864000
298453631882104832
297406682047324160
297238646237564931
296659383532797953
296268684052283393
295974255009619968
295502085716340736
295009604327313409
293428500432568320
293427011710484480
293425994159775746
293423614080987136
292370297519214592
292317688062160896
292297296278855680
292296547167793152
291955807803826176
291881854477430784
291828568294580224
291813935638781952
291728123077226498
291658587565068289
291658394140565505
291629879995281408
291613519273668608
291610914329874432
291601966008778752
291596848706244609
291595178144329728
291595122947289088
291595102667825152
291592567102001152
291528627550552064
291256812651560960
291253415965753344
291251275788582912
291164442174046209
291164282543017985
291024493600706560
291007968386904065
291007129396051969
290864702634983425
290841273546465282
290839337342492673
290803318954029056
290779731564056576
290779512705282048
290777331906269184
290769801540952064
290700383590952961
290696436121751552
290693413999886336
290435524378894336
290434530068803585
290433917025136642
290232714366418944
290219487129645056
290013985896538112
289958500111642624
289957709174960128
289957605516914689
289951462925144064
289788882902458368
289788635207856130
289787789401288704
289519176148733952
289517873678913536
289412503476256768
289409454930268160
289404094488117248
289362005519904768
289358565792153600
289351991438757888
289351501275598848
288318372788203522
288303523936997377
287799693466009600
287797770729951232
287749956553564160
287516557305856001
287379190448275456
287374853361790976
287373177284358144
287372093169991681
287371515903741953
287351513695805441
287320871381651458
287283588263714818
287283429874221056
287280317709053952
287138842736197632
286884016261570562
286773060399415296
286772625403940864
286719436864491520
286718409427791873
286717510080925696
286713616474980352
286380695662768128
286377560428912640
285993566797447169
285992086170394624
285991568530341888
285991355203850240
285667359262392320
285365574366801921
285247898021658625
285247656358449152
285112319296552961
284786547226722304
284544791902048256
284411871963017216
284060942998831105
284059095403732993
283957924227846144
283891583567417344
283649016133189632
283640206853292032
283599534767095809
283240795505561600
283240245602971648
283237321799782400
283230051066060801
282995354205560833
282913669573115904
282912324162048000
282911916781887489
282911445237243904
282632509240520704
282335337534083072
282279704772345856
282277335741370368
282256897984307200
282252381633277952
282247781664571394
282247166431490048
282246904060989441
281810896748154880
281443296956534784
281412502556909568
281212782089732096
281212156878401536
281012429620666368
281010621795938304
280859958252294144
280847124608991234
279684982107144192
279667865056075776
279575293918863360
279565421156380672
279565259671490560
279433436656189441
279424123539714048
279422919942217728
279412320147496960
279412267525742593
279402092240707584
279395125287858176
279393755268800513
279391927806353408
279207338337005568
279190902818361344
279186628373794816
279061731798568960
279059868843909120
278934356578418688
278933868977979392
278933511682015232
278507833429987328
278206868030115840
278206559446786048
278143659340357632
277941601119109120
277812243134029825
277811449492041728
277621346492624898
277453418937868293
277452550159089664
277451444410519554
277445759736094720
277023170089852929
276851626692718593
276610641068969984
276604509311094784
276522069901078529
276521827667410945
276503959521353729
276167199868211201
276074309271826432
276067176039985152
276006100657135618
276005694178721792
275829102752182272
275795433467551744
275793014780227585
275792161713307649
275791543099604995
275785338914496512
275783964692713473
275765094632267777
275397861636702209
274713997536804864
274582932834885632
274582625719566336
274551018921025536
274522022095241217
274504430123094016
274170926495592449
274121337335848960
274111442171613185
274110316378480640
273604978487205888
273552948330655745
273552321223487488
273147447038062592
273146883734642688
272718444028370945
272563196429217793
271546155295449088
271540644693024768
271540296746156032
270932377260404736
270886967946907649
270844822452068352
270844090218868736
269070748591730688
269024622844993536
268796853338918912
268083113203232768
267989426049798145
267989081890357250
267980943988514816
267980086395953152
267799075032809472
267794110285504513
267755169389899776
266107068195414017
266105386136915968
266104435594375169
266054952500215809
266052904111194112
266051679835791360
266043449705377793
266043215948427264
266040736905048066
266040029774753792
265741217768284160
265737687829446656
265089514391879681
264027351866814464
263805248164999169
261773768979005440
261773152969973760
261437010814857216
261436964094492672
261210512585523201
261125334873821184
261124166646902784
261074738003210240
261074628129206274
261073845409181696
261046676431712257
261020040168607744
260652549558898689
260392292454653952
260271292710797313
259669651875848194
259633593226260480
259206353451642880
259058140497190914
259057846333865984
258654192514785280
258530461293367298
258397136939536384
258394202470219777
258392997056630784
258392529580478464
258390808833695744
258388623467106304
258387337095045120
258384725025124353
258380107553579008
258378517224497152
258377817513943041
258376959514513408
258376480743124994
258375637243424768
258373429613457408
258371326769782785
258371179180589056
258366095805804544
258354707125383168
258346860819931136
258345759269863424
258275197226983424
258004584587472896
257986398043389955
257985926247104512
257985398603673600
257543461329326080
257151075419836416
257094056184786944
256922310932566016
256921738774990848
256912047651037184
256892328424378368
256882729424150528
256765575097888768
256762455324237825
256752097113042944
256751705725759488
256751564843261953
256470484546355200
256405806919057408
256402168788168704
256402062382862336
256400490798141441
256244850654064640
256203649104093184
256170502933073920
256170408628338688
256165209281003520
256159054982950912
256090176252686337
255853154317516800
255833754650677250
255594459180437504
255591604025454593
255341233432571904
254866513176174592
254759540627759104
254759332342792192
254618977748267008
254618341245845504
254615987851243520
254156129700028416
254155969502801920
253847537973350400
253689665092214786
253689304495308801
253684409847382016
253682365736579072
253680140784119810
253678970489417729
253673855569231872
253670601791795200
253668965405036544
253668913009795072
253667789364162560
253665746301906944
253664188780650498
253661815131734016
253601255866372096
253536658891354114
253416591759380480
253412005111808000
253234271731474432
253233787788488704
253227077506048002
253148946266996736
253148714485547010
253070113471873025
252943661413834752
252923811907915776
252923531757764608
252811121931714561
252762395909427201
251878396907372544
251877755375988736
251868295773437952
251868172507033600
251866945836691456
251863190684704768
251862010340462592
251861275213189120
251857585739800576
251843737901215744
251832067082563585
251786938229587971
251756384234917888
251756173466951680
251754172733603840
251735643888177152
251735256024117248
251735190274207744
251730650393088001
251712836194148352
251711476711161858
251474992410275840
251473809973055488
251359383622131712
251357759327567872
251357169390325761
250569522065596416
250546071808376833
250343645155295232
250342665038733312
250341080053215232
250340896275587072
250340672090013697
249783235196895232
249124708610633728
248092933268586496
248063961243717633
248058075146240000
248046893828018176
247881723831013377
247874071621152768
247546832526405633
247058246467215361
246699385835102208
246657983474454528
246657864465256449
246490705625772032
246488152259321856
246033296142761984
246032028225634304
245913207569526784
245882659358769152
245882315069325313
245879217382895616
245872178669686784
245869395203731456
245848758817001472
245329538911965184
245325545804546049
245325239469367296
245319717382922241
245312206722457601
245311372982894592
245311270356672512
245310728704237568
245297327881998336
245281566622892033
245276303966732290
245199889213050880
245195077746581504
245110999861059584
245064392205541376
245046665835331585
245045960504389632
244862639954612224
244859576137162752
244608028584845312
244523724525690881
244508779788525569
243859790969831424
243267966655934465
242947457137393667
242636714609356800
241433125375328256
241432809527468032
241431994263810048
241431862675910656
241352885777088512
241246582211747840
241246442252025857
241243480750436352
241239582056779776
240770835370090496
240192851005284352
238771768259661828
238087168302665728
237966175164829696
236556918229970944
236536556909887488
236259575521755136
235733907222437888
235732106293178370
234761309181341697
234117529046482944
233968190961631232
233577575702740993
233529089724657664
233337078220480512
233336702339534848
233333277258289152
233332749581316096
233323141382950912
233319341913948160
232993422372392960
232847658019074048
232638386354155520
232586537479593984
232253144019640320
231766202102452224
231765758663856128
231658953614966784
231456123922812928
231388355290611712
231317173069557760
231153548866490368
231153189385285632
231076908157247488
231045551834148864
231045227949993984
230777005627539456
229311288482873344
229310102941884416
228462943384240128
228436773565513728
228420690544582656
228278666755452928
228276562213101568
228067707868811264
228067628936200193
227884217172901888
227815803972620288
227806526314799104
227775196164145153
227745092675440640
227740769086218240
227740591319040000
227739322156199938
227738902373482497
227498245016928256
224688759680139266
224688557506297856
224646803994324992
224589978796167169
224554639683620864
224553992116645889
224319889299615744
224130178178220034
224070006432993280
223709813769633792
223694705404280833
223324850918408192
223213580777033730
223213367400218624
223212400793501696
222923541673291777
222766795482865665
222709824809476096
222708210128257025
222448742480084992
222448572388487169
221305747777142784
221161090124496896
221160426564616192
220785479791017985
220784241133363200
220490329311289344
219782298525106181
219758113337769985
219754671189917696
219102803581349889
219102489243422723
218457264967778304
218456789157560321
218455193786912770
218423982905499650
218053774458101761
217404918011674624
216957714289537024
216938271345885184
216936061513904128
216927828367769600
216927766048800769
216924028093468673
216922286291300353
216921208896233473
216918770369835008
216918497693929472
216918374423334913
216915133090373635
216913887575031810
216910567435276288
216909137399922691
216884656941965312
216568023472025600
216566290142343168
216563269383626754
216562728347779073
216560130232303617
216559980894097408
215005699179159552
215003527037202432
214397046092873729
214393927090978817
214392775423168512
214389466197008384
214378465082875907
214376203166031874
214376001902350339
214375959556653056
214373218948100097
214367764767453184
213952984915251200
213952369531170817
213952178698719232
213764574321717248
213737323068796928
213410688306135040
212190994001702913
211874836073558017
211862201009569792
211859269094604800
211858298352316416
211857021409038336
211856011391283200
211849542939852801
211848681777930240
211846249610084352
211843205568806912
211841854541533184
211841250712756225
211836402810355714
211829536243982336
211827214415699969
211798741194252289
211798680854994945
211774225978097664
211773775950249985
211773494076252160
211772402579947520
211771649433935872
211509180291493889
211505085270867968
202988037616058368
202108593338716160
202108101464305664
201738563702898688
199852340776411138
199758332830040067
199757176779190272
198217223528120320
198208733497663488
198079150987296769
197703316522803200
197703005586464768
197376230490779648
197028846250369025
196242779750416384
195910045865742337
195909821390782466
195909648077946880
194941166842679301
194864449348313088
194864312270065664
194855335159271424
194431301309313024
194425679272607744
194394927881400322
194394160525082625
193382215604912128
193149855676370946
193148825333022721
193148029430280193
192682822882955264
192262064952193024
191880421921923072
191238990177898496
190857318987071488
190856437939970048
189681192692486144
189342629329252352
187258920828538880
187257186953596929
186045755159625728
185786150311575552
185131383973359616
184954007998042112
184953671002505216
184953049192738816
184685540845686785
184287715083300864
183173101608112128
183172916588969985
183109963231662080
182756019242409986
180498638672379904
180496437220614144
180495939981672449
180487539268919296
180485325603352577
180485076730134528
180400402171297792
180400017423597569
180399770760785921
180399491537580033
180387334372605952
180387136711835648
180120307716206592
179785579838439424
179772429655216129
179738925517115393
179666942813159425
179620418569781248
179617276029448192
179481228406308864
179375956878823425
178230912721489921
176467160535801858
176385855890538496
175655325565861888
174960860823961603
174696901520801792
173558342692777985
173545691929522177
173491858008313857
173191233206890496
173163033093345281
173146242514288640
172427005852266496
172381270976901120
172380591424159745
171995972757495809
171995586487271424
171990470518517760
171967509350723585
171005039958167552
170819061981249536
170596635502587904
170489604502339584
170235430858530816
170235210917613568
170227326251053056
170222578135339008
169842364712615936
169839720040366080
169834906107658241
169599006622752768
169598581840424961
169598403020464128
169145908032847872
168527392061652992
168527268879151104
168137801299263489
167632096171536385
167617595627937793
167432500149354496
167422969222676480
167422811135152128
167339905113006080
167320443521474560
167288158340399106
167287775673057280
167285367727329280
167023812452425728
166963639654416384
166909324814336000
166908385864847361
166320547700027392
166318864068657153
166289766713786368
165948391413653504
165945465777561600
165661974078820352
165230073018982400
164628869897404416
164626149694119937
164623856659726336
164437111691423744
164394723363135488
164394285616205825
164276441888985088
164113672380219393
164111125842100224
164056302367154177
164055874963386368
164054640365797379
164054306608267265
164053547909005313
164013784082554882
163927917678706688
163769211661983745
163448063371902977
161958750423490560
161346243098968064
161339555541286913
161333810649235456
161333123588694016
161332758151565313
161331737413165057
160714917874376704
160419912039415808
159867503516979200
159500206277271552
159433617787994113
159040520457433088
158626662085435392
158571834869161984
158281751574220800
158244246904766465
157928318040158208
157911598734901249
157908079910977536
157617770882793472
157311368423411712
157238800140087297
157235650008064000
157235436434096129
157234558444646401
156852861299462144
156631488790659072
156581442678304768
156517540548460544
156517217834508289
156516799540756480
156514700153204736
156043524838666240
155732746772287488
155655595687546880
155178534392967169
155173344398934017
153860694079569920
153702933182156800
153485721561337856
153485292874113024
153234628273123328
153234384953163776
153234183739817984
152923204036464642
149290117633286144
149195203738210305
148225574912008192
148222130553753600
147765337486663680
147710881223024640
147333831727382528
147043687778619394
146846173217554432
146842993993842688
146617228631085056
146615556441776128
146220202474995712
146208941267877889
146198941678043137
145977225647370242
145976320713687040
145973480133894144
145973151015239680
145968580360540160
145968429340426240
145922921301417984
145433582851194880
145432881701994497
145432087720230913
145421617894395904
145411853860864001
145398052050583552
145320355345608704
145318611794407427
144956253972598784
144589555562065920
144579942255050753
144449106885083136
144446485197635585
144358152392028160
142750731299065856
141891623880630272
141859062412361728
141298676059471875
138848679128862720
137724792974475264
137724325364105216
137723790485495808
137719282544025600
137717311426666496
137711667449565184
137711385999192064
137709037331562496
137708498053103616
137705835106271233
137701507784114176
137699192603803648
137697050744725504
137223482726555648
136965424817520640
136634581184020480
136230883677061120
135188588177526784
135188529042038784
135185545658765313
135185179965784064
135183305640390657
135182677568528385
135180795030679553
135179359580463105
135177542893178880
135175284537311233
135174257238999040
135173958080266241
135173403303874560
135172557161775104
135170298495512576
135169701595709443
135169005366419456
135164631856586752
135164143132090369
135163935853789184
135163744157310976
135162439422586880
135161425978064896
135160290273804288
135160171436576768
135096171235520513
135057139503874048
135052485873242113
134544721065426944
134390924880003072
134352019585642496
133287819916480513
132257058664886272
131500200073232384
130349127606337537
130099906642837504
130097866852155394
130096097342394368
130095462068916225
130091889583071232
130088526879531008
130087385475203072
130085973580185600
130082206088564737
130078291620134913
130077606228926464
130073849978040321
130073384708079616
130071396100472832
130071330568667136
130022389013676033
130022291747782656
129905690268549120
128853751606939650
127810292850753536
127807946871681026
127544421070815232
127542671031017472
127480369028136960
127425463063810048
126725503502655488
126724784955465728
126712423087484928
126707468674940928
126701785019719680
126513797878906880
126398216106287104
126333289253445632
126326792490467328
126325954946666497
126325013518368768
126324673532264449
126301499251888128
126290936220233728
126288113235529729
125064956201799680
125064669563060224
125064084910641152
125063813962801152
125059639485280256
125058019640877057
124076703176855552
120626782171971584
120395456885956608
119866756461371394
119425183743344640
118753297384488960
118752111310815232
118000596732227585
111194941379723264
110830120738107392
108624555966332928
108624088221745152
108277166072016897
108145029180174337
108124414620610561
107987619115311104
107791822444695552
107791686389870594
107560820472426496
107560327859798016
107426221008224256
107096489473482752
106978160041672705
106973320079081472
106788193180975104
106487431276134400
106012072323715072
105753242591432704
104928333552295938
104846583895564288
104840319077584896
104670235075940352
104483428057088000
104473630565601280
104461574579826688
103834477708574720
103833695751901184
103440080546435072
103150221688713217
102818407824621568
102716070103744512
102702559663370240
102387810799063040
102355372345532417
102039341672579074
101702107228418048
101694362999726080
101680319014510592
101679766796644354
101679641961574400
101677858598043648
101677355059257346
101583319661158400
101390813044547584
101262542894145536
101250467367108608
101010506487308288
101010441584656384
100992531109650432
100961310229020672
100958563932979201
100947796806479873
100947636919603200
100944270663483393
100939431732723713
100939404666871808
100906257958977536
100905858480869376
100900793854590977
100900478656851968
100894949133910016
100703407567929344
100643385957818368
100639755221483520
100639508155994112
100603669254385664
100588233557147648
100240939141963776
100090316740235264
100089852443365376
100088531329888256
99995873655791616
99992830130388993
99988627370688512
99865817851760640
99847437602136064
99555367620587520
99554398405013504
99497656916787200
99435363247984640
99170879598104576
99167656585863168
99167311453372416
99166651102138368
99154762339074048
97675319519084544
97673360485531648
97671111118036994
97628462935834625
97626409685614592
97523921972232192
97522963246616576
96907095747727360
96687074241028096
96243123658821633
95990931693633536
94884509681590272
94412324361879552
94410486015209474
94410392427696130
94142844348018688
94140879593406464
94107887634358272
94107097985335297
94104737997262848
94102450780389376
94102369092124672
94100314386468864
94099994117808128
93974856126828544
93968103595196416
93887364006551552
93881598184923136
93879982308339712
93879321885802496
93878825468956672
93877126373187584
93875997560156161
93875802831196160
93875618017579008
93786170403733504
93469259451203584
93424628390838273
93424497348186112
93343078794018817
93321938793017344
93318331393769472
93315875175792640
93313460007477248
93308684666548224
93305931613487104
93299944739446785
92991802826694656
92637805628506113
92628852932739073
92620654653878272
92613140235300864
92540678122381312
92345833760108544
92044419657768960
91879760258535424
91817409714995200
91816844083728384
91815506377588737
91813822045757440
91627492103819264
91537524303998976
91534812753559552
91532598031028224
91529198673473537
91528328430882816
91498762668744704
91450646397591552
91449770379444224
91232533915762688
91171552141385728
91168875273662464
90721426725806080
90476629800927233
90476382827720704
90461728437055488
90436057044238336
90434826531897346
90430710145495040
90349754134953984
90209512354615296
90193025422209024
90190177443659776
90184855161278464
90184558187773952
89846941755777024
89846492646490112
89820360761016320
89690738077609985
89681430120108033
89679739496833024
89387783696814083
89387484429033472
89386856625606656
89386531982286848
89386094075981824
89385212898836480
89384518238212096
89383325231357952
89383090253873152
89373640365322240
89373093772005377
89370522281975809
89369744884506624
89368599709499392
89365311480020993
89364792137093120
89361799073382400
89358427045896192
89355571047833600
89353820496347136
89307802895519744
89146186136698880
88907349028384769
88881779259351040
88880464206639104
88880258970943488
88878513679106048
88878129053057024
88833579416698880
88832744741797888
88832168821927936
88710989574447104
88710888223289345
88703522534719488
88703025153196032
88640495978426368
88573088895205376
88478060554366976
88476710122688513
88476274426777600
88320488341909504
88318691820830720
88310076946919424
88309861183537152
88307479695474688
88305781312733185
88292624322142212
88017130531983360
88011155150352384
88011084128194561
88010194356940800
88008909989740544
88008834945257472
87986342272843776
87937199391252480
87652108542816256
87650221890342912
87649100065017856
87647566753308672
87647100808077312
87279229712084992
86549929757118464
86200557617942528
86060357361213440
85860407545303040
85824529078824962
85815517272752130
85782972602646528
85777520330407936
85775176234582016
85706970283253761
85624957769490433
85412085105819648
85332143529656320
85328337785987072
85316503058132992
85315114823192576
85312957852041216
85310742580035584
85309257980981248
85309043354238976
85308179671560193
85308034628329472
85147460011433984
85147198362353664
85146464833114112
85145423416799234
85144664289718272
85144497624846336
85143494703849473
85141957550145537
85138815789969408
85137740617875456
85136903225090048
85136604997492736
85135179634589696
85067442346397696
85067137386954753
85062247679918080
85060770202796032
85058106324811776
85057086714687488
85056461985693696
85055428328816640
84571332490182656
84299126803677186
84298531493511169
83987195958001664
83695212152623105
83433738113003520
83428065102929920
83423554724564992
83420262606979072
82622109976756224
81854278792261632
81794655963971584
81793751923703808
81730354133737472
81286183430270976
81280077924532225
81276569045319680
80891470361542656
80418704877305856
80417242944258048
79542747631063040
78879510317113344
78878880357810177
78830224506228737
78822786029727744
78821311220162560
78820734931181568
78345605205860353
78343024018587648
78340819836346368
78339958271770624
78174748252708864
78171899594686464
78171545222127616
78092958330658817
78092564561018880
78072614056239106
77806000798826496
77806000761094144
77806000698163201
77756201156345856
77565210105356288
77514070617628672
77499829978275840
77469447295737856
77468587668942848
77103129325355008
77068523758813184
77067584574464000
77067479800750080
77066842434314240
77065161776697344
77064347637125121
75955678027579393
75313273813213184
75312513918582784
75148744626147329
75146748804345856
75145295666741248
74876931937538048
74503061179076608
74501429301219329
74180537471873024
73550596732489729
73531398497116160
73151029436362752
72839054290452480
72535095155761152
71419092137017344
71406695930265600
71301612005621761
71249532016529408
71249522973622272
70913790186749952
70857578141319169
70856505980764160
70855417793753088
70853384386772992
70851849359601664
70835965891055616
70830867450298368
70821262057930753
70820064529616896
70585726084984833
70573466889355264
70484512500490241
70475559045578752
70470821952499713
70357333343092736
69963430139932672
69956186962792448
69953801364324352
68809223710056448
68805482827096064
68804475749539840
68677305970597888
68657931855466496
68294606260932608
67982738724098048
67750966648246272
67712603773870080
67711781560258560
67400440412774401
67274447089958912
67227117632487424
66213658132353024
66212847373389824
65957322341617664
65738027489689600
65737358355603457
65585524064256000
65112256219844608
65112191606587393
65005103861596160
64995394928644096
64738945191251969
64652054815191040
64643384819716096
64640895181520896
64625819900841985
64624737879474176
64622998887464960
64509589110005760
64498987125841921
64498199137759232
64370922991271937
64312238881767424
64287835930378240
64284953340428289
64277951214133248
64058777560821760
63819455624515584
63815291578224640
63670872099143680
63576479568642048
63047579805552640
63003978903990272
62850960971669504
61942994550538240
61939657180581888
60846088621539328
60845273739571201
60825964657131520
60750355167846400
60510005425741824
60133102537818112
60098409197080576
59789313273110528
59788899962200065
59706927562756096
59606787527159808
59598393219100673
59445221481660416
59316530151821314
59081186894553088
59079346085834752
58983463499476992
58978408633339904
58978039312285696
58604495105564672
58562380388511744
58530092309151744
58159578168307712
58154418759155712
58082958279577600
57703126085537792
57702556062855168
57701242046136320
57486924885131264
57451215407169536
57341460764295168
57061051287613441
56840994477453312
56749321936318464
56748917290827776
56743267773059072
56740565114556416
56435944382930945
56418482325172224
56035259900375040
56035080803586048
56034729174114304
55686764546899969
55671754118533120
55608852019810305
55602675852644352
55547952806105088
55545960100671488
55363575140716544
55343534651342848
55086671779205120
54927066348523521
54888306143535104
54597321794662400
53478035172761601
53477812237123584
53474215139090432
53023858927747073
53018432261722112
53012698530713600
52822036338327552
52413783213223936
51955043351527424
51933537108103168
51072954771046400
50478036663017472
50477892739665920
50359510220537856
50138015959494656
49873611531628544
49677378812772352
49378992683368448
49279586705473536
49034372329906176
49029788760944640
48886216862609408
48883925350748160
48692052329897984
48611451274928128
48475636557287426
47683118148239360
47682592136368129
46376275799056384
46122861345255424
46065531672989696
44736530861932544
43692094979710976
43571853234679808
43571161648472065
43014996032102400
42982948319920128
42981577218727936
42976110404837376
42850088141193216
42667721015562240
40067272332673024
40061694554152960
40061352798195712
40048210449924096
40047112204988416
40024078341513216
39792074245021696
39791878421352448
39759154449092608
39759062195384320
39758083144159232
39757548420599808
39691253742452736
39690950850650112
39649008452509696
39644117151662081
39347057395372032
38960865592094720
38894510238863360
38775890758467584
38666123322998785
37848431305297920
37848371058323456
37847173563559936
37590564937408512
37464320459800576
37186430413312000
36946743442542592
36938601174409216
36937295252688896
36932687474204672
36928811647897602
36928246272491520
36630363967066113
36589594568822785
35867834395402241
35382731495964673
34300936759287810
33870003736416256
33088598664290304
33013923091324928
33012821939716096
32991920720453632
32969036048375808
32381911494041600
32353282022187008
32344576098312192
32241284353630208
32141805432606720
32136082816507904
32120498385063936
32103820993499136
32098296877027329
32020625174306818
32011561665044480
31998513566982144
31829790948335616
31825488297066498
31449901342654464
31023529730252800
31017424618790912
31017203834818561
30348348015775744
30325177480908800
30272183443918848
28611930021167104
27986769714614272
27578647300808705
27467006487826433
26824970835333120
26806474273456128
26103214898159616
26102362045161472
26099485792796673
26093732621193216
26089755473088512
26087111539036160
26085776164913152
26085417530949632
26082122145992705
26069729982545920
26044228186406912
25992193026035712
25792607829368832
25657708178833408
24893285814243328
23969808160653313
23770320259260416
23245654448934912
22712753055604736
22712636382646272
22712473425547264
20963809787117568
20802197549748224
20630676910903297
20618571293917184
20203659677671425
20168197600710656
20165617394917376
20148887360634880
19817626809147393
19555157834469376
19486133121449984
19467239103143936
18993584204156929
18789417426624512
18375171974897664
17924384421322752
17636834544721920
17575968633790466
17549706443882498
17548496156491776
17330055088705536
16992523314532354
16944583220928513
16908407730606080
16908376113938432
16904161643728897
16863884027625472
16863165451079680
16862500741971968
16862444185985025
15850179399778304
15288305209843712
15264527612387328
15201194318237696
15153391663587328
15087236282318848
14132193081163776
13658396381159424
13408814690738176
13396658280734721
13300252777910273
13275080977022976
13258872835809280
13075455225626624
13001942288568320
12665055065673728
12522847545069568
12522384263217152
12520190667395072
12224194834075648
11398494979883008
10189341036904449
10182066771591169
10169186588303361
10147689844973569
9653950902968320
9653937254694912
9538050329681921
8932126527332352
8868415628386304
8676226826772480
8561498100076544
8326531977842689
8321827298344960
7798844829990912
7798745953468419
7798460199739392
4966453828648960
4888799096082432
4821086436859905
4517618107023360
4517071698268160
4492708273987584
4210467933257728
4178455436464128
4178096462761985
3916698377781248
3272610334900224
3272191596568576
3272149129232385
3270185922338817
3263898157326336
3259711747006464
3256183976632320
3254278961500160
3221585431367681
3159337845399552
2807845980475392
2491597916733440
2433123795079168
2100513071955969
1009351141629952
710420885147648
704530660466689
703620894953472
697443268169728
660221949124609
641683729424384
597558791512065
578841441472512
430475810181121
386263844651008
333526729756673
29608013515
29607843753
29382463327
29313924224
29187546502
28996637914
28862608392
28447205133
28443968755
28386114545
28052801486
27968579942
27921201832
27864375111
27769279519
27572941746
27572574735
27571991806
27499451934
27420831378
27399011282
27384121169
27311614700
27286154124
27285874446
27283610166
27266194565
27263686248
27258933156
27258739624
27257881113
27257283210
27175303583
27157890164
27157859700
27157581280
27157476117
27157246885
27157102098
27156919356
27063179009
27034802786
26991297997
26835352073
26608138800
26573654460
26573627968
26542388979
26503891795
26461903740
26370380749
26287840933
26227190729
26226505735
26226393274
26168357628
26167848983
26167542244
26106636355
26105513231
26103890738
26099999251
26099943076
26099888069
26099773813
26099758733
26099732983
26099712266
26099640506
26098885753
26098869229
26098349192
26084634460
26084255148
26083571260
26021639066
26012720687
26012202318
26012104424
26011609794
26011231138
25997307413
25993071599
25990016857
25987196704
25985318229
25985111448
25932742771
25911952039
25904634028
25874793767
25838549858
25774447607
25774389257
25770562320
25770417347
25736203924
25732919526
25710714286
25694044371
25673121989
25666149154
25621158932
25619900029
25618369014
25618158829
25587105297
25582205352
25502459130
25424844283
25397107224
25357742051
25356500206
25356266664
25354442468
25336508214
25335782670
25335284443
25211318490
25192806770
25168061217
25102808712
25045169951
24971423799
24922331590
24604663916
24409435796
24406431053
24321701614
24155827205
24155547903
24154580747
24154534641
24122702822
23231593833
23212869991
23141018257
22888377334
22817740720
22793692221
22751208407
22743126331
22741426707
22654855848
22650791651
22649348707
22606424495
22602058958
22316500604
22315304790
22314613703
22314279577
22313812693
22313726303
22311937403
22311576908
22311291018
22310324249
22310059811
22309882802
22305390272
22271245976
22270874692
22270575498
22270030706
21750782049
21750758801
21747762393
21746589765
21746373794
21745430736
21744207747
21743495234
21743352695
21640004621
21601957896
21341132396
21006932079
21001479155
21000979018
20997839957
20997640765
20987768775
20968127854
20962968943
20962931112
20957346370
20956592834
20021468547
20021379677
19956269208
19956074443
19955779154
19954436229
19954173693
19953673322
19952827789
19952453752
19951992859
19951772995
19951768275
19950195585
19867616900
19848912948
19848724499
19820948771
19820201445
19818492555
19686809703
19572280944
19533708856
19376644665
19365608641
19365570883
19352928540
19279312046
19274308139
19026542166
18508481965
18430554352
18429306132
18261638078
18260330875
18135045695
18131361542
17802743894
17611726208
17611621929
17593399926
17593031846
17592908126
17592871541
17592719243
17276648199
17139109994
17059083161
17057938003
17056363133
17055717449
17055039341
17054966622
17039550550
16807242137
16720268105
16622740359
16557915799
16543500038
16510174579
16478567386
16476494339
16473277109
16473143730
16292241272
16252345974
16227548322
16138712553
16090524812
16088388900
16074618159
16037924896
16009049615
16008432321
15995213509
15992474338
15987613920
15986500312
15983823437
15983728531
15983164092
15981053597
15970943124
15970530998
15970373903
15970142909
15970070993
15969703926
15969629900
15969014587
15968858431
15968778524
15968675288
15968569545
15968335057
15968286602
15968198505
15967789619
15967766915
15967571588
15967234276
15967169004
15966944912
15943425693
15923676358
15916377488
15916258774
15908822496
15908607998
15855317100
15855192268
15839116452
15830839301
15712740487
15686501493
15686106336
15682605614
15657173696
15641934257
15613916107
15553948397
15484347413
15482121529
15456736905
15455795548
15455296143
15454465044
15453642208
15453333189
15452762456
15452588846
15451730694
15450307390
15419449872
15419266215
15417908132
15410610408
15410475858
15409615240
15268259176
15258557329
15245879912
15245400487
15244569718
15244498853
15031109450
14933456479
14926779109
14908139139
14868310378
14859728543
14859659027
14842061229
14834676945
14833247493
14831525842
14784989001
14780237985
14752655224
14752582621
14710107770
14680842824
14679833618
14659128321
14658246902
14638624702
14636463894
14636325722
14625743470
14625672031
14580458627
14576190905
14503290655
14486679349
14486610797
14466447960
14464815700
14462523362
14462421713
14461184388
14461076512
14460943181
14460920553
14460874758
14441146719
14383200268
14007996763
14006414210
14006109816
14005757772
14005664905
14005513098
14005361667
14003984558
13995633685
13985662218
13962053100
13961799875
13866018716
13865451895
13746711711
13746072836
13582181011
13582034322
13581666563
13581346702
13580566234
13580207033
13579776396
13578033412
13577407358
13568765892
13469865925
13414750291
13273258849
13141470778
13070405789
12995428783
12968222195
12786857905
12775446765
12714885581
12705374718
12705159726
12704761920
12704495151
12704461815
12704000450
12517411827
12461582896
12461455412
12458446827
12458344960
12458302611
12367657400
11875195397
11755914551
10998944443
10864295890
10778898969
10670159562
10549896492
10416539114
10301960098
10292210255
10292184438
10039192079
9973254413
9882146453
9776555009
9678188566
9678059178
9610476884
9552465551
9361171944
9270854803
9249801124
9222464865
9116445685
9099165456
9098913269
9097134216
9049221456
9012994606
8844850906
8672649932
8672418687
8641040946
8640838902
8585728203
8520264615
8290497777
8184722518
8091215525
7981461095
7979534647
7972309398
7972039391
7971958812
7971800382
7971743994
7842975959
7758620883
7758528796
7741019146
7740989883
7732986826
7723723701
7529382604
7495832934
7462098398
7289183444
7240922268
7135910964
7037818659
6904511419
6814361343
6781207054
6780469228
6743103353
6709524047
6612401451
6612350456
6585063646
6354784199
6354713804
6351658285
6310647649
6293702363
6281401032
6281324670
6212548059
6137387409
6119235314
6118695152
6067956587
6060580287
5941688992
5941640542
5939941383
5927265049
5920949611
5919738753
5919727548
5919701865
5897544624
5896881467
5894394169
5882944511
5875634090
5868221214
5868155102
5866818880
5847476180
5840984050
5840143636
5806184219
5696549238
5612990744
5601010818
5597085428
5583118084
5509517229
5508648301
5498680146
5490837309
5487883333
5487874756
5463283447
5460227150
5454979432
5434612264
5423167969
5412777458
5354267154
5342719008
5323769493
5307221805
5306871307
5306837040
5306815229
5306762659
5306738322
5306721136
5305514079
5266050696
5244873494
5239235303
5220676251
5212445639
5212246039
5211810246
5193473445
5187294638
5164160673
5164135586
5100660242
5099981645
4992350365
4924852623
4917077934
4915457693
4905844154
4904396122
4847597302
4847415690
4847399836
4833687847
4833632978
4825985925
4822769834
4822279702
4822030025
4821509772
4814058885
4798103719
4793928505
4793263971
4676976844
4642107396
4635161568
4635139167
4635105169
4620246647
4609842607
4596497799
4594342558
4579274668
4579216570
4574974476
4569590910
4559995653
4553120718
4546007528
4537592150
4525330644
4525279948
4524739863
4524398404
4483550004
4480529855
4377778749
4335365766
4335304186
4174753396
4174516711
4172017811
4094867986
4094792026
4093004528
4092969674
4092528526
4092425244
4092334038
4092280437
4070355131
4038354949
4036254020
4035990921
4035899206
4035733551
3984178334
3983972616
3983744250
3983691690
3970235202
3957047425
3941705247
3939305877
3920236991
3920228861
3919065731
3906324085
3894766528
3821357530
3796415199
3796378438
3796294327
3796216955
3796161056
3796007792
3783595745
3776888649
3776502749
3715534488
3715280199
3715016944
3715003222
3678143361
3676043291
3675636170
3661363892
3626937664
3626885043
3622023602
3611119255
3608195841
3608135248
3597151794
3567888736
3498626414
3456967565
3453590540
3453581480
3453529223
3453505188
3453453457
3453407784
3453404615
3449920446
3435919170
3434905499
3315824231
3270559195
3270454877
3181751369
2876441914
2872733683
2830498844
2821829842
2736651714
2695709966
2680872545
2666178724
2660067895
2660056454
2660037807
2652522413
2652520233
2629384415
2578512978
2576070469
2575814759
2575734618
2491028832
2487251332
2470703772
2454802891
2454674268
2430465894
2404370431
2403705806
2351253233
2351163475
2297555380
2275097071
2261846703
2249112683
2238862940
2238740552
2238485787
2238412021
2238368862
2214017321
2078271487
2075304055
2038143099
2005442082
2005434847
2003083152
2003076390
1997057081
1997052853
1997042857
1996861839
1996837050
1990649270
1990638661
1990205812
1990203540
1990119120
1989768063
1984714542
1984696187
1984639888
1984313117
