397750166394269697
397749950144348160
397720954841096192
397717112955101184
397715897466757122
397715451306061824
397714925914959872
397685568014139392
397685358823219200
397685128593670145
397681289811480576
397668308235083776
397668117738168320
397667689109651456
397654706602119168
397456293180735488
397433355006124032
397397595695640576
397382497048485889
397288251587047424
397262784746254336
397128199236485120
397103627019771904
397081486161354755
397058134264782848
397056570233995264
397055095193763840
397047312314531841
396626543856091136
396625195366359040
396612314109317120
396601139002867712
396597136567316480
396596986092486656
396594793083863040
396588732494934016
396430943093010433
396428479493050368
396345779075710977
396340940920868864
396338147639836672
396337222619656192
396336870012903424
396336774554738688
396336743860822016
396336528764723200
396336050626260994
396336005038370816
396334357553496064
396224039473414144
396223844698312704
396223735021436928
396223125136089088
396209272306298880
396209142941356032
396190060674306048
396188789640806400
396188697164800000
396186117818826752
396185960033312768
396185669489659904
396185135298912256
396184802036301824
396184250384658432
396184065109667840
396183943302873088
396183863611129856
396183687748149249
396183599449657344
396183445405454336
396183324315889664
396181167680286720
396181078014459904
396180948846673920
396180458893217792
396179980465741825
396178217566232576
396177616782495744
396177513720070144
396176954208301056
396176626272468992
396176330993438720
396170967514615808
396170864900997120
396161082085371904
395973407428591617
395970302410108928
395960166577090560
395932975336288256
395899372351029248
395676252348379136
395665948235272192
395652346853986304
395645116389818368
395633825382170624
395624050246287360
395605295885733889
395587781445300224
395552746902130688
395552471658942465
395552264963633153
395543836560465920
395543153618718720
395533071442649089
395521975105236992
395518337888702465
395516038915182592
395515667878670337
395514752836722688
395514650025922560
395514560729190400
395513353206263808
395512716448002048
395512648915488768
395252249946910720
395250568257875969
395244807422898176
395244624551612416
395244461170900992
395222274262835202
395221742798385152
395221038264352768
395220615369474048
395219907681337344
395219756589928448
395219597537705984
395219333304946688
395219115326967808
395219052865392640
395218612291506176
395218471824265217
395218177736441857
395218051865395201
395217894394458113
395217722306347010
395217625975767041
395217333041369088
395217067680342016
395216585108889600
395216545783115776
395216232393093120
395215556397133824
395215411903348736
395215196592959488
395214877804871680
395214657754914816
395214442801033216
395213830571057152
395213418912698368
395212839779987456
395212709416820737
395212648075124736
395212475584368640
395207254552498177
395205864279126016
395205761254424576
395205454684381184
395205051741769728
395204972591067136
395204525595717633
395203849889144833
395202439130791936
395202258213670912
395200792631578624
395200255236382722
395199872514527233
395199681849880577
395198896978141184
395198713095663617
395109196259422208
394896831722684416
394895566997831680
394870689880346624
394855204174430209
394849739453526017
394849327077945344
394847537146114048
394847017413124096
394843810989350912
394843402157977600
394843289838706688
394843169021771776
394842767253590016
394842622009020417
394842271075815424
394841911082881024
394841165042053120
394839276304994305
394838558940622848
394834137980600320
394830842046197760
394824345975275520
394815586804699137
394814707645026304
394814638619389953
394814568582897664
394814478216613888
394800952982913024
394800745016733696
394800616159342592
394800415986176000
394795847713841152
394794822797897728
394794568652447744
394794459692810240
394788470071508992
394788109311025152
394787886283104256
394787748709945344
394787274992656384
394786615367065600
394785621061173248
394785486822445056
394785353535848448
394785190532632576
394784987465416704
394782961934946304
394778943628521472
394778785226424320
394777664634228736
394777460640079872
394777270659072000
394776911542751232
394775840967647233
394775075834306560
394773321478586368
394768095849373696
394767560995917824
394767499616464898
394763827092676609
394763353668997120
394744689561460736
394583807292370944
394583689004609536
394583497790062593
394581763030519808
394575639946461184
394574689223581696
394571618405875712
394568126010245120
394567204953268224
394558030010122240
394543066683813889
394542713414385664
394542558187372544
394542371423420416
394534198180331520
394527047344979968
394526912909168641
394524545740447745
394523768720482304
394523062374522880
394522346624929792
394522094786318336
394521482715746304
394521238720483328
394520748016275456
394520660535685120
394519631299215360
394519449103253504
394519343725547520
394519092386074624
394518987402657792
394518817218777089
394518683592450050
394518634946887680
394518602323599360
394518498636230656
394518344197750784
394518185950863361
394518023954243584
394517799114407936
394517766650490880
394517556167716864
394517405604798464
394517279687606272
394517063118905344
394516919199756288
394516721140527104
394516581801553920
394516346786308096
394516243065352192
394516115004858368
394515870187528193
394515637051326464
394515546454384640
394515346688077824
394515143830560768
394515052705116160
394514901764698113
394514770113871872
394514110748295169
394513877289152512
394513807512719360
394513219530027008
394512932736077824
394512864901611520
394512716951736321
394512232165683200
394512210808303616
394511805097467904
394511688881680384
394511494005927936
394511368042577920
394511207723720705
394510959362183169
394510549201211392
394510248590860288
394510197152296961
394509673954811904
394508676171857920
394506497348370432
394506079717326849
394505702372548608
394505610957684736
394505487926173698
394505127195070464
394505003349843969
394504957569019905
394504813909909504
394504575782506496
394504471709253632
394504253399506945
394503859206623232
394503566926569472
394503253939195904
394503150734176256
394502670645747713
394502540718788608
394502407969058816
394502297881169920
394502091731136512
394498371383484416
394498285479927808
394497903810871296
394497622918307841
394497433788768256
394497160492118016
394496811739938818
394496491387379712
394496300399353856
394495971927031808
394495770558480385
394495457340444672
394495398712463360
394495254432579585
394495157326061568
394494931387285507
394494828572336128
394494622753628161
394494463768543232
394494276018925568
394494092329353217
394493982488928256
394493882412826624
394493650044194818
394493431202197504
394493221294067712
394493049973538817
394493001315418112
394492755780861952
394492618178314240
394492488071012352
394492403060867072
394492300690472960
394492104413835264
394491997983371265
394491901732474880
394491295399698432
394491234938814464
394491108962893824
394490904876449792
394490743387344896
394490660377866240
394490583185895424
394490390340177920
394490335348658176
394490164669853696
394489983526248448
394480739276062720
394480558073708544
394480445577895936
394480251298127872
394479725600833536
394479492443697152
394479263115911168
394479187555516417
394479023843446784
394478776194990080
394478606204014593
394477236918964224
394477201275760640
394476372628082688
394476194269499392
394475821437816832
394473843819311104
394473133823893504
394473069399781376
394472944292098048
394467889111367680
394447115239555072
394446098859057153
394445995117121536
394445768419188736
394445633748496385
394445592740773889
394445520837836800
394440704858279936
394440241572237313
394431252759339008
394425253365297152
394423017688035328
394419067525677056
394418611110293504
394415753111543808
394415706357653504
394413557691219968
394412400100651008
394411544139677696
394405093967425537
394403800607637504
394403610643415041
394400815450173440
394400526781390848
394400289664806912
394033435880464384
393822329530494976
393822198571757568
393802318044737536
393800289184399360
393769642872696832
393767804404367360
393759918173351936
393743518789029889
393709423560232960
393699240137875456
393690493873188864
393681831536906241
393679894099406848
393679769180831744
393679603622883329
393679472739618816
393679416540557312
393674495052902400
393674333568004096
393674087270068224
393673735762624512
393672192270934016
393672069373636608
393671413631946752
393671050392645632
393670822830669824
393670563656261632
393670459314536448
393670248785657856
393665518856847360
393663832507547648
393663520757526528
393654056771919872
393646181001486336
393645805237985280
393645630566182912
393644449181749248
393644256419934208
393643290169733120
393643213812408320
393642950506586112
393642643215110144
393642497815351296
393642311152062464
393642054246727680
393641798947856384
393641475189518336
393635533924352000
393437686067118080
393409908109877248
393409866858913792
393409236996071424
393409007324381184
393408749353725953
393408644722589696
393407722730704896
393407645207363585
393407379309481984
393401748683243520
393401590444720128
393401392469385216
393343409676500992
393343192491233281
393342969593331712
393336608688066561
393335554202296320
393335067767881729
393328376754081792
393328071060639744
393327337539776512
393325981303205888
393325881109651456
393321658775535616
393311649396166656
393311585965318145
393311350350311424
393311145894752257
393310926578778112
393310806718160897
393310691924258816
393308745289056256
393308670722707456
393308528632270848
393308087618007040
393307998782623744
393307850228776960
393307763691900929
393307423722586113
393307098240397312
393119644057628672
393057555565797376
393028994393964544
392976077146296320
392944987811635200
392772345771089920
392768984271319040
392767996097490944
392767815352340480
392766252361711616
392765634880495616
392764831629332480
392764676553318400
392764441936539648
392747377863720960
392736886953115648
392734042212556800
392725296476356608
392724606534287360
392724551488262144
392722919639773184
392717523051085824
392706041991143424
392705312106758144
392703467099553792
392698544131702784
392661403737128962
392659962427486208
392659734831984642
392655799027105792
392653978262962176
392650911366909952
392637569936015360
392635446640930816
392635276356370432
392635186644410368
392635057367568384
392634894926356480
392634774554021888
392634603233492992
392633096354291712
392632939705413632
392631382683688960
392631100758958082
392630921926438912
392630697652797440
392630516345610240
392627196449153024
392626784442658816
392626084841152512
392626031145668608
392625877495709697
392625232097193984
392624891796545538
392624186746621952
392623661896978432
392622858565730304
392622210386788352
392621703345344512
392617959728107520
392611888988979200
392571403779989504
392565966917611520
392559568804655104
392558584833527808
392558168938905601
392557599398572032
392556988800200704
392555723609366528
392551822483030016
391961289905696769
391923997069557760
391263558883086336
391233567990112256
391199889977524224
391198528099213313
391197387357581312
391193851118907393
391193762983989249
391192118204461057
391188862149476353
391187055029403648
391186325652533249
391185820343730176
391185568841097216
391184672262467584
391173426968539136
391163137048977408
391137741154418688
391136868668297216
391134810183598080
391134691568676864
390875260083785728
390859630920105984
390856936641802241
390850255421317120
390849901560492032
390849509325959168
390849424018001920
390848917983617025
390844453860429824
390843767433224192
390830917931266048
390823556529283072
390819961561968640
390819265756299264
390818941146517504
390818181843267584
390817115303051265
390815233662795776
390815137726078976
390814156716539904
390813716473987074
390806601806118912
390806298755084288
390801374461837312
390796356191014912
390796109163266048
390795643226435585
390795206473568256
390794915330142208
390792783906095104
390790962647400448
390790651585236992
390789669816115200
390785268590333952
390784100598304769
390783939411181569
390783779322998784
390782038485504000
390781168423288832
390780832249831424
390780521292521472
390780391592062977
390780162549493760
390779896475451394
390779702304329729
390779197750513664
390779022239875072
390778876307468288
390778515437912064
390778407384281088
390778196398194688
390777883490136065
390777712710647809
390777650068738048
390773232036745216
390772927379296256
390772545097834496
390771462208253952
390771297988665346
390771157970206720
390755467657744384
390749834246119424
390747653333864448
390746995239161856
390746502995664897
390746311752183808
390715094965170176
390595709525061632
390595454104514560
390595104937086976
390594442463563776
390592035914543104
390591484342583296
390591426372710400
390591212454809601
390587745447706624
390554322830110720
390501369024901120
390452293306691584
390411051575291904
390410363822686208
390232596267151360
390229632693592064
390228962968100864
390221552236908544
390218342940049409
390207460776345600
390203512946434048
390202869565362176
390202797217812480
390202381738450944
390201785807556608
390201590109732864
390149163897618433
390132528939794432
390131407085109248
390130315769155584
390129995399831552
390126303242096640
390113744879374336
390111466986012672
390111391756984320
390111001888043008
390040980490956800
389818469518430208
389772413518770177
389772260565069824
389757269652803584
389736172295299072
389735945941303296
389735578532868098
389735511239426048
389735359141380096
389723393391874048
389712965605539840
389712321196871680
389707299352489984
389705860710408192
389700386376122368
389699324248346624
389699214470819840
389678827024048128
389666624405794816
389500561982496768
389496099456942080
389494499833311232
389490515978514432
389490336017707008
389490282427072512
389484636407357441
389484440516562945
389468616024154112
389445831239430144
389435307495796736
389425495332630530
389411442392584192
389361849709633537
389361367452766209
389360351491661824
389050634273837056
389034884960112640
388978033052647424
388958554147024896
388949794573803520
388739684790452224
388705080436097024
388703203510198272
388693405817393152
388693370564276224
388686715248201729
388671473889849346
388669676697690112
388668072267362304
388667739344494592
388666832284315648
388666235363553281
388665992798547968
388662804820942848
388662269984653312
388659466129768448
388633155491483649
388588494438035457
388338338576748544
388334837201113088
388247912637292544
388247640204652545
388237899977613313
388237815080697856
388069350240174080
388066996304494592
388066898711437312
388019088012095488
388013819743969280
388013764957962240
388001149326204928
387986695612030976
387984237011664896
387984028043051008
387982526234783744
387982096750624769
387981914621370368
387981673474056192
387981324352782336
387978208907644928
387977322546343936
387977082107875328
387975069945061376
387969932681830400
387961595860877313
387955142295060480
387954894923382784
387954468941492224
387954109485441025
387952791009771521
387951142875193345
387950410226348033
387950237139996672
387950122253832192
387945345285910529
387941152340451328
387940412809170944
387940194722123776
387940084437110784
387939617921437696
387939312001507328
387938626945835009
387931350562770944
387930938522742784
387930662583685120
387930377303891968
387927704261369856
387926993494614017
387919260804464640
387917384256061441
387917013521534977
387911110906904577
387890210542854144
387887199313612800
387885374183571456
387885318529380352
387885034474307584
387884767553024001
387882275695636480
387882161526685697
387881987895074816
387881747343360000
387872399451897856
387872157566369792
387871994579918848
387871921955561472
387871414721974272
387856085199388672
387855851480182784
387855739903295488
387848699466240000
387848201556205568
387848006655287296
387846944770752512
387846410437394432
387846146519224321
387716493078966272
387712371055030273
387678618853576704
387637167276949504
387612021673697280
387598065232015360
387563892039499776
387559313797283840
387558489830457344
387324140187025408
387220563766562816
387201452839804928
387201133099646977
387105956397867008
386910967327899648
386823616773754880
386809492798996480
386461309170372608
386210294135283712
386209306649305088
386175485199532032
386168092952649728
386157912412151808
386152757297967104
386140507912810496
386120796604989440
386113472947585024
386112240140947456
386110638051061760
386094419805761536
386070730024443904
386048337180626944
385910805646303232
385909499279998976
385906719727296512
385904119707611136
385902681841487872
385900402275000320
385899058482905088
385898685156302848
385897718956425216
385897024589422592
385896721488048128
385896674016911361
385896058355990528
385893745440608258
385893120027934720
385891194376822784
385872422861537280
385814136321736704
385813974333546496
385813785514373120
385813609064202240
385813349600337920
385813037334405120
385812867758694400
385812521414053888
385812387510910977
385811867622731776
385811420157607936
385810026184863744
385806046046195712
385738417415667712
385738331176583168
385737740933165056
385735900950712320
385735718628515840
385546965498740736
385534917553438720
385515452098957312
385467870647693312
385442811400978432
385431579658833920
385429665680486400
385429320740913152
385429228004839424
385428522363523073
385428310119174144
385424200464621568
385414113822015489
385408918627049472
385408642297921536
385401804714160128
385400059904671745
385399615056789504
385399088436768768
385398245369065472
385396314655432704
385396228621869056
385393062744440832
385391858769469440
385388192414711808
385364837620273152
385359670879473664
385359501437984768
385358306145218560
385355688828211200
385317395600269312
385166949153787904
385157192028266496
385151896350367744
385149155666325504
385148970827538432
385146131090776064
385145971287793664
385145395787354112
385144459559968768
385144334091554817
385144020785463297
385141598562291712
385129320727199744
385127992948961280
385124189981917184
385119980322553856
385086127826550784
385083539060162560
385083120904835072
385082345524838400
385081427299422208
385080939430551552
385080611704430592
385079307305238528
385079270139514881
385078611671519232
385077984392384512
385077426050842624
385076997342638080
385075617344942080
385075455885180928
385073897395458048
385058339698528256
385036525722820608
385036290460090368
385028134485389312
385026025689980928
385024645025775616
385016416644386816
384999797754986496
384999706952491008
384990086003048448
384986245098909696
384948755566325760
384937841777995776
384937719463673856
384937571291516928
384937389967564800
384802603282235392
384757274319007744
384754276066947072
384713342985986048
384713183912804352
384662179880140801
384593107851157504
384436217091477504
384391985060405249
384389378594050048
384380952027594752
384367275144671232
384323689371955200
384323431300603904
384321442588164096
384308176122036225
384307518467764224
384305514475454464
384303629618139136
384302884936249344
384286947109531648
384250329963188224
384041782872649728
384041165223243777
384032855388864512
384030685486661632
384030558348906496
384009558735466497
383990098096054272
383968866663428096
383965302897528832
383959009315024896
383958897687814144
383930500156776448
383927563498049536
383924602386542592
383892698446708736
383885495111278592
383885269143142400
383670446144897024
383660985397297152
383660851934539776
383660741926334464
383658024340320257
383652566237999104
383638833168146432
383635695933198336
383635008847888384
383634681591517184
383632245539733504
383626155771064320
383624128617779200
383621370426703872
383621169238536192
383617799396261888
383616590803402752
383613822730530816
383611830503215104
383604686810791937
383598926471102464
383598875405471744
383597189798588416
383596673437802496
383591678386667520
383590014707589120
383587287042641920
383587099133612032
383586967881285632
383584892053110784
383584486182899712
383583888951750656
383583561045262336
383583462575587328
383579738062979072
383579578012532736
383577697383112704
383575947347496960
383575620984512512
383575186903412736
383562470813888512
383559278940131328
383558167424401408
383546728102002688
383541051006672896
383539654555082752
383539527073398784
383538475796295680
383535968621707264
383535429972398080
383533795431170048
383533297026211840
383532868015624193
383532058490187777
383531872380518400
383531001433309185
383530487614279680
383530347281276928
383530127881404416
383501399428194304
383501204443385856
383464835339780096
383359267711250433
383353842043453440
383353376479936513
383350355691847681
383309858038358016
383309254683549696
383308019448418304
383300126678454272
383295115311472640
383278741679792128
383278179647242240
383276336816861184
383275752843902976
383271968768008192
383271592308264960
383270287355424768
383269398687268864
383269253165879296
383268735198720000
383264108621352961
383264030221402112
383263287141756928
383262995541131264
383262880541732864
383262719392370688
383262654187720704
383262578744786944
383262535421796352
383258537327362048
383249861271113728
383249367173718016
383234315876073472
383224578115661824
383222157016563712
383221917395976192
383220793645494272
383220217662697472
383219433407512576
383219036848676864
383218524514430976
383218282888974336
383218071097581569
383217984774635520
383210153732227072
383207050383474688
383203889941839872
383202600709283840
383202302326493185
383201767259144192
383201676041392128
383201160905388032
383201029552373760
383200977266180096
383199988555481088
383199875741270016
383198740099923969
383196286180397056
383196138792583168
383196066637967360
383195352205377536
383194915179876352
383194720232808448
383191541780865024
383177874204684288
383176999935938560
383110964620853248
382977588127596544
382967261851811840
382966332054306816
382964955957297152
382959239322271744
382959022636146688
382958895104131072
382958542732263424
382958006364692480
382957847585107969
382957569808932864
382957449554063360
382956783293046784
382956652636278784
382955406244319232
382954129540534272
382953310715514880
382950309481291776
382942594860589056
382869251398574080
382868570461716480
382864556114341888
382864304024076288
382837509149167616
382826915272622081
382816353193054208
382808737901453312
382805891298643968
382804965217296384
382627611429830657
382626990962245632
382622009580347392
382621700766330880
382621532620857344
382615216288444416
382603093789384705
382600341990412288
382578656574722049
382565888261885952
382565161300942848
382546316028805120
382497434544656384
382248682327797760
382198925815713793
382190707735543808
382190548607844352
382189017758175233
382181834576371713
382175443795070977
382175407312998400
382173947535818752
382172169520029697
382170932166807552
382167526622642176
382167140973154306
382162307692130304
382159233506377728
382158364442386432
382157980479008768
382147102924890112
382137498325250048
382136935613206528
382136388281720832
382135965940477952
382135252304814082
382121032444039168
382112752288161792
381784287508721664
381783737685790720
381783230284054528
381367317596487680
381366915585048576
381357009184227328
381355951993139200
381354104066691073
381351926149181440
381344163696218112
381181197813968896
381176729026326528
381176367527628800
381172784501518336
381171614391349248
381169862334087168
381168106162241536
381167480338518016
381166686117695488
381165752034021376
381152089097129984
381101969588617216
381100451019890688
381086759599493120
381078720796430336
381078691323080704
381077151862509568
381076149834874881
381075051321511936
381059980327411712
381048602996781056
381036975597559808
381036649867919360
381025523990020097
380999317726982144
380990707324190720
380989454779170816
380956250768687104
380953968001949696
380953695539953664
380769616597110785
380723166773252097
380695533243101184
380693778132398080
380689917749518336
380689623489728512
380689387824353281
380689015898648576
380688895266267136
380688523252477952
380688472182644736
380687702611734528
380687422566465537
380686003289456640
380685341461872640
380685192341782528
380684826732691456
380676900617990144
380676811619057664
380676659365810176
380675789861449728
380675066725695488
380674219455291392
380673962524831744
380673494281097216
380673104550584320
380672668527505408
380665186010824704
380665107090784256
380664962110480384
380663174795907072
380642629412593664
380592099185664000
380591953412640768
380587664812298240
380467308025880576
380461868596625408
380459589399236608
380459085352947712
380458786282287104
380458005965594624
380457842517741568
380457043955834880
380456442199023616
380455992015994880
380455789598887936
380455314552004608
380455079977160704
380454740993527810
380450383682088960
380444855841079296
380444519789236225
380444326461206528
380444157434953728
380443696577404929
380443378527506432
380443058661494784
380441254796230656
380440327821484032
380439609517547521
380439432039776256
380435910946750465
380433516938670080
380433136251060225
380433019393568768
380432907875409920
380431997602394112
380431855751036928
380431776659042304
380429364409925632
380428766931333120
380428265376456704
380426922075115520
380426665199169536
380421950382047232
380421759901917185
380421102943866880
380420109929828352
380417675421581312
380417571243425792
380414940273995776
380412800948273152
380412690814222336
380411437027713024
380407362693373952
380405523210051584
380405251599511552
380404990193709056
380404010693701632
380381503857106944
380381407136456704
380381211895418881
380378721951428608
380378532444393472
380370980566474752
380366557547077632
380363879903412224
380363408841138176
380362692047159296
380360128123645952
380357005061664768
380349268013228032
380349225252319232
380348441676636160
380347851269611522
380344867244621824
380341377579507712
380337944998838272
380336005406294016
380309551620587520
380309497874771968
380309347890655232
380309166159843329
380284724318834688
380051610212511744
380051390024130560
380037333497958400
380034713962151937
380020227788247040
380013194955456512
380010065505566721
380009879119097856
380009756314046464
380009619302522880
380009453317537792
380009183141453824
380006857634353152
379986880286425088
379975901506961408
379975805600026624
379972780240146432
379972112561483776
379971877793718272
379970550107357184
379970022283948032
379969736919896064
379969736886747136
379966031571484672
379965670928433152
379964913214840832
379960381302931456
379951984423735296
379950025511825408
379949752772993024
379940429472755712
379938366185558017
379909324665270272
379869815915417600
379723368884600833
379716159886852096
379715971646521345
379715428324347904
379714326976012288
379711076742725632
379709558153052161
379707644912885761
379707178413998080
379707129588117504
379705950866649088
379705867572346880
379705735950925824
379703235835330560
379702983258566657
379701910107729920
379701813156388864
379700457675194368
379698424951877633
379698102044999680
379697865494642689
379696507869753344
379695443967754240
379693910752124928
379692668563255297
379692184733495296
379690851389407232
379690238941351936
379689576350384128
379686074576285696
379685004236050432
379684143300608000
379683103272628224
379680197768773632
379679737766875136
379679310891978753
379678935660765184
379678456826826752
379678245412937728
379677998376812544
379677211592507392
379674598289453057
379670759603318784
379656679434240000
379639943582081024
379631358714204160
379629331716141056
379629153336582144
379625573678452737
379625460503552001
379623030143471617
379622793693761536
379620698823467009
379618360608038912
379616975615299585
379616882250096641
379616497460445184
379598797082722304
379596838338187264
379575980194820096
379574827553923072
379564031524470784
379516512203460608
379325908597092353
378953456142532608
378937628458254337
378937622376501249
378825956775174144
378538473793540096
378525104583348225
378523236314931200
378518715584622592
378494244672917504
378494058236108801
378491103571234816
378490954589540352
378489475141091329
378488782322163712
378471342716116993
378456317494452224
378444140234940416
378443637904121856
378418134031826944
378417886320394240
378408518157873153
378222944604139520
378221082198937600
378220295699845121
378218343897239552
378204552136495105
378195565391400961
378193446164377600
378193175354933248
378192406228631552
378191931903188992
378190321009438720
378187675158994945
378170834533109760
378167862810013697
378167807956889600
378167398165016576
378167067800657920
378155903045758976
378154888812699648
378154755979112449
378154011112656896
378148019947843584
378146859123867649
378126500140445696
378123512629587968
378123357327085568
378122929843617792
378108164681392129
378103161116168192
378090613817610240
378060579027841024
377922767334961152
377902705416896512
377893829225230336
377884832552222720
377880268675502081
377877377034240000
377877357438451712
377876841065119744
377872207919452160
377867755628032000
377866391216730112
377861502008832000
377861202405507072
377860174742298625
377858926781681664
377858650842628096
377850841757405184
377839159672844288
377838124027498496
377838003793580032
377837663681646592
377836703873921024
377836169490231297
377835845278916608
377835402301693953
377834983814995968
377833178104606721
377828637011353600
377828040400588801
377825250475778048
377817696387076096
377814806977183744
377814761255100416
377814744758882304
377813678378475521
377812249303187456
377811385813442560
377811195018743808
377811043398852608
377810545115541505
377810168039219200
377810040398159873
377809752920580096
377809535433310208
377809060814278656
377809005332025344
377808438979350529
377808240320327680
377807663867764736
377807496913506304
377806568684675072
377798456502657025
377797434573078528
377796123123273728
377796003027763200
377795422758391808
377788731425845248
377788477611728896
377788192810094592
377788050644152321
377787855558672384
377787671428751361
377787167000764416
377786982304579584
377786851048038400
377785812710338561
377785716451078145
377785432140173312
377785200618770432
377784804223508480
377780909929295872
377780345560502272
377779959621636096
377778576374116353
377776789218918400
377764031601602560
377763906531647489
377758188143390720
377758109319831552
377758009453445121
377757920743936000
377757882147958785
377739261971562496
377737982583001088
377727626854821890
377722369282166784
377716443825328129
377575573540716544
377573695096881154
377558377196695554
377558221567045632
377558064461004800
377557637401174017
377552355941974016
377551080647041024
377550632997388289
377549336349274112
377548961072312320
377548491654197248
377545525899583488
377544179477655552
377543549040201729
377542707587342336
377541767203414017
377540363743133697
377537692583882752
377537567966896128
377536894521053185
377536839839920128
377535730362630144
377535373221855232
377535237309624321
377534787705393152
377533670745440256
377533504344825856
377533465350373376
377531373198012417
377528915742318592
377528097392046080
377526752719151104
377526690446319616
377524930189221888
377524054103969793
377523870024355840
377506759881273344
377503610026086400
377503545714831360
377502158411026433
377501810082471937
377501674275086336
377501516158234624
377501209927905280
377499266526482432
377498416668237824
377497016743784448
377493306709921792
377475255167885312
377474630921256960
377474525791002624
377474161868038144
377474056955916289
377473711076810752
377472588391657472
377470820161183744
377462802132508672
377459985237958656
377459574821122048
377458182861623296
377458090758897665
377457244939776000
377451210091290624
377444042059284480
377444011365392384
377441194089152512
377440994914209792
377440603262713856
377440312018599936
377440235514126337
377439576534839296
377439477771546624
377439066813644800
377438554898849793
377436716036268032
377436104653561856
377401682524905473
377383706178363392
377383540872462336
377372786399789056
377179760927186944
377179380432515072
377169075916771328
377155462460112896
377147443164753920
377118551557296128
377108863553925120
377108517100216320
377108438658351104
377106975034576896
377093870955540480
377089032012193792
377088889787514880
377086773568237568
377085356958826497
377085281025155072
377084092921421825
377074645385895936
377058909976293376
377057526807662592
377048718681595904
377044447738884096
377040457705852928
377039664118771712
377028547963269120
377012667854372864
377012406339526656
377012117423259648
377011234836852736
377011187680309248
377010887397502976
377008032586399744
377007493005991936
376803874729754624
376781538039701504
376722633746026496
376722472739287040
376721989509332993
376715929864138752
376715743137906689
376715543925227520
376714005588746240
376706614377865216
376703553978368000
376700122757079040
376690645160972288
376684243885498368
376683292436615168
376682445137252352
376648606293708800
376475229058764800
376475008505479168
376471782129434624
376432228672483329
376431369297346560
376431186996133888
376429740162564096
376421137338863616
376416546006237184
376398725515862016
376385977335676928
376384216730439680
376383464981159936
376383138634530816
376381204893007872
376381134332260352
376379053722599424
376378443598151680
376359254250491904
376349695771426816
376349619498016768
376299099836121088
376298901844004864
376298823389544448
376290985648865280
376290399897542656
376287911265964032
376284998623842304
376284364734468096
376284149013020672
376283931869716480
376283605762584576
376283077917835264
376281816531230720
376281169182330880
376280827422052353
376280605056860160
376279909515399168
376279671887106048
376279222815584256
376279014341505025
376278805952098304
376278056383823872
376277797310050304
376277439833702400
376277055824207873
376101322363523072
376101087323103232
376100784485965825
376100602847457280
376097983651409920
376097158719881216
376096511291322368
376096223574634496
376069846733426688
376066618058883072
376062027992928256
376058744100356096
376043393866297344
376043322240147457
376038645507293184
376038152483655680
376036335653781504
376030980303499264
376024853964664832
376024696653115392
376024452821446656
376024254984511488
376022026047483904
376021493387628544
376021406175461376
376020980017410048
376020766892244992
376019625496309760
376018507630391296
376018459274268672
376017795395633152
376017640520949760
376017466503467008
376016649721491456
376013598214328320
376013483361718272
376013323843956736
376013111503106048
376013031899414528
376012799555928064
376012302757400576
376011968416870400
376011781787115520
376011534486736896
376011415070732288
376011123029737472
376011058319982592
376010838576230401
376010644459630592
376009707997376512
376009414035378176
376008541146202113
376007185656209408
376006090695376897
376004570100826112
376004119661932544
376003509604610048
376003190736818176
376000250131251200
375999705970651136
375998330075381760
375998196541317121
375997799797899264
375996457968758784
375996169761341441
375995784720023552
375995409258520576
375994607693463554
375994171104194560
375989480270073857
375988558903140352
375988021650530304
375987354768789504
375948089120813056
375946055512506369
375945282108002304
375944763402629120
375944031534321664
375935248644980736
375934992247169024
375727430113460224
375702986976423937
375696457296543744
375696434974437376
375696408323837952
375696308696526848
375693664573722624
375693203640696832
375692989307568128
375674787315474433
375661928812933120
375661882150903808
375660690583060480
375658045726294016
375635337617633280
375634884834107392
375388079164760064
375345056523513856
375338152355176448
375337833273520128
375335584778452992
375335267412234241
375334867808288768
375333968188821505
375332169809670144
375332011072040960
375331065642352641
375330710061862912
375328212714536960
375328099745153024
375327442597982208
375327316119126017
375326592983392256
375326468748111872
375324622352551936
375317996472119296
375314925000085504
375311567178727424
375300284211539968
375292790428930048
375292062817472512
375263654503276544
375259279483494400
375258858702524416
375256944530841601
375256714851147777
375256561566109696
375252723635331072
375219287965069312
375204165699764224
375200944453324800
375200150937174016
375033412148793344
375033146557100032
375031530697293825
375029548263690240
375027902896930817
375027792406388736
375027674059907072
375026955907002368
375026711265837057
375026525114224640
375026373284626432
375026193638379520
375025480447320064
375025190755139584
375025081342513154
375024835669540864
375024352032735232
375024127046070272
375023578225602561
375023203510652928
375022969162309632
375015390537318400
375015257963786241
375012232561971200
375011024367525888
375003441732780033
374999031740915712
374997564254609408
374995411632943104
374993847811858432
374993196360925184
374986067281473536
374984193878814720
374983716554420224
374982888472989696
374981582689681408
374979795266043906
374977022021632000
374976788927373312
374971653249568769
374970056125714432
374966535921471488
374966134975774720
374960901570306048
374960731751346176
374960610489794561
374956272426053632
374954955720769537
374952506914123777
374952425091633153
374949018947690497
374948116002115584
374942387182657536
374916426231861249
374902385501810688
374880874757898240
374880727592337408
374870616991879168
374848836780691456
374847185332219904
374846888832667648
374846864463384576
374820937889509376
374820209422782464
374801145505808384
374800751119564800
374643325628059649
374640939849248768
374639459914235905
374639292163031040
374639273678766080
374639259468460032
374639246331887616
374638243473817600
374591569846099968
374591427327836160
374547170533588992
374546375473901569
374544920402747393
374543973232410624
374492163716825088
374492000999190529
374491143180128256
374489912370012160
374489842975272960
374489475512291328
374489437990035456
374481801760501760
374479340761010176
374474561791991808
374462281608085504
374460446759464960
374460340480008192
374460308515225600
374460200637693952
374307713687486464
374268273803935744
374265576945762304
374168118161342464
374162097858682880
374144857478283264
374139207905980416
374139094940782592
374134187718361088
374133639996780544
374119058633142272
374118088343834624
374118072061542400
374117050979213312
373816092722200577
373792291913478144
373769659629465601
373754625863987200
373733851035885569
373733710170173440
373733566020341760
373728759058550784
373727925180579840
373727867215290368
373727456500678656
373714226323656704
373710290342662144
373584990342492160
373583780071473152
373558948420677632
373557813668483072
373557431374467072
373556481087770624
373555797659484160
373555537944014848
373555043074867200
373554191945715712
373551259741343744
373548840227725312
373547499312939010
373546581670510592
373544520811814912
373543046321045504
373541764327432192
373541447997603840
373540652598185984
373540081816326144
373539928786747393
373537617868242944
373532822331727872
373527141448945664
373526805942382593
373500888826265602
373491824549437440
373491751983783936
373491079037083648
373479189858775040
373467351007887360
373464408141611008
373463364997226496
373459086027030528
373451897963053056
373449425001385984
373448999799644161
373437592043540480
373424324252024832
373422398055665664
373420654265372672
373407431352930304
373406803931181056
373403485964087296
373392286941708288
373226066523213825
373221630576979968
373221334933057536
373219378898436096
373213026360786945
373212649435443200
373211051204300800
373191237479985152
373153892663848962
373150789516394496
373150729554624512
373135507850805248
373116605666168832
373115867586101248
373113534067924994
373113016520163328
373106252341325824
373105637674459136
373100278209191939
373090534916886528
373085038319247360
373084942571679744
373077531471007744
373076824101625856
373075423262814209
373075140336050176
373074265328713730
373068040067620864
373067926477488128
373065583350521856
373064695042699265
373058154999083008
373051503055241216
373051339657728001
373044937253990400
373041115735535616
373038942813454336
373038197439479808
373037670945267712
373037473850728448
373035902538620928
373029891564109824
373029832592199680
373029613200756736
373013878676140032
373013748052946944
372997562808422400
372992811370430464
372991813445242880
372991229375836160
372990951838732288
372989880202448896
372989850343186432
372986547978924032
372986343414304768
372985859244822528
372985842610216960
372984995000119296
372984304839979008
372849875089502208
372835185915879426
372819872893632512
372816697407070208
372803041931833344
372790835102089218
372723737608871936
372667398887067648
372664357165207552
372664308301574144
372664225958998016
372656129639448576
372656037859688448
372365431366893568
372350361593716736
372335255409422336
372326952092573696
372325336832540672
372320129809674240
372305047746789376
372294402959769601
372256291290636289
372255876004200449
372255726158508032
372255245617086464
372247257254748160
372106427613327360
372105967166828544
372087799690063872
372082376576618496
372080567640408064
372080506042871808
372079607195115520
372078401307553793
372078202111684609
372077162100428800
372074639641825280
372007944394924033
372007119710855168
371974430177898496
371972925412622337
371969653708709889
371963297358434304
371963246087249920
371963058819989504
371962957221347328
371961419547549696
371959375814201344
371952476943290368
371951000896405504
371950692828983296
371949073072287744
371929497589010432
371926174676815872
371924540546621440
371923199728320512
371916663341735936
371913581698514944
371913524181991424
371911195256958976
371907834738659328
371747952861401089
371730507446648832
371728868211982338
371724108297678848
371717091495518208
371701544498257922
371670690006839296
371659616087994368
371654944858054656
371649192470790144
371647595938336768
371647247500738560
371647130047614976
371646658108731392
371645730907512832
371645368813248512
371645245584584704
371645151447633921
371643548195905536
371640688620077056
371637019895939072
371636798008877056
371636454159822848
371627719609835520
371625583341760512
371617283472629760
371570378021564416
371561940713484288
371561832378814464
371318681244295168
371315114676592640
371313578428882944
371310996851552256
371310918787137536
371309882206867456
371309590505607168
371309113344811008
371308314367647744
371308124814458880
371305338542505984
371305041510277120
371303920540598272
371303031302004736
371299780263415808
371299377182425088
371298709189189632
371263234562871296
371248141313769472
371233010680856576
371225651032104960
371217883671846912
371214000149000192
371213841281323008
371213808263770112
371213503300124672
371213415198769152
371211693659271168
371206602873122816
371194321586110464
370999401378242560
370995509559058432
370984964768415745
370975494587813888
370975178773508097
370975165511106560
370971508635860992
370971256600133632
370970959656026113
370970001215594497
370969726698393600
370968744430174208
370968685579886593
370966473642377217
370966298928615424
370966041507409920
370965618121789440
370964930130100224
370960431491604480
370956675760787457
370932809688678400
370923664490782720
370922309751951360
370922233713405952
370917948850188288
370915944451031041
370908022270603264
370904483200782336
370904311389511680
370903186112282624
370902958214770688
370902262807560192
370902088081215488
370901599100887040
370900889273643008
370900884961914880
370897323498676224
370897272189751297
370897237481914368
370897002974179328
370896857545060352
370896733586214912
370896088745922560
370895913730199553
370895855626502144
370894955814072321
370894812788314112
370894649785077760
370893650408275968
370893466903257088
370893139432968192
370890393153703936
370889991096115200
370889279054295040
370888574352490497
370873832136908800
370873386743767040
370870578456322048
370865059272327168
370861844367691776
370861682014560257
370857047639994368
370855516886806529
370846802226184192
370846397274542080
370846378236596224
370697492603891712
370692006848520193
370686360166072320
370684023850663936
370678280527298560
370677801533595649
370674035019239424
370651777861173248
370568589054865408
370553558971998208
370538463361519617
370523345907118080
370508220319952896
370493198835417088
370286071806164992
370285079240929280
370274533233930240
370251533877010432
370248687643262976
370248582173327360
370243734795210752
370243080643170304
370242870948954112
370242511853604864
370242374536290304
370239338770337792
370236392892538880
370221299232423936
370209979841908736
370209019853811713
370208904447524864
370206740098605056
370206297188466688
370193654096613376
370192254268612608
370191159983104000
370181324239544320
370181237941751808
370175988661223424
370162938814152704
370160919898521600
370152167057154048
370150816759701504
370150577919262720
370145831569350656
370138241976258560
370132337704849408
370131806705942528
370131143540350976
370130874639347712
370130719533965312
370108368964157441
370108180015349760
369920213174996992
369903720508956672
369901537663156224
369900873138573312
369897988195631105
369889200344412160
369887709839785984
369874063499722752
369863820740939776
369859140807852033
369855734424829952
369843138632110080
369843044952322049
369841102788247552
369825317906812928
369822775437189120
369821680937742336
369818347342667776
369815581949960193
369813728608669696
369807211247448064
369806952865759232
369804903885332480
369804584321286144
369804299486101505
369803913014571008
369802879512899584
369802681235558400
369802442076332032
369802166921613312
369801275564888064
369800372799668224
369798501645156352
369795920704962561
369795081387376640
369795023510183936
369787260721700864
369784430522814464
369783476947812352
369782707351715840
369782235303788544
369782052100792320
369781954675486720
369781886127968256
369781620276219904
369768436484026368
369768284637626368
369768147282567168
369768005271846912
369766280687280128
369766013296209920
369764270130860032
369763968895942657
369763795578937345
369761583989526528
369761208318304256
369760716469071872
369753193506701312
369748777034579968
369748647753560064
369748048614014976
369747213490352128
369732526468001793
369732304081793024
369731913957015552
369731664500768768
369731387550871552
369730351436152832
369729999349514240
369728427328147457
369727689735012352
369726892888555520
369572983788306432
369560072525185024
369548218914189312
369530925920821248
369530698425962496
369526791641112576
369520857166516224
369520521052192768
369520389040271360
369520362599354368
369520225454026753
369518904164372480
369516198821519360
369515930378059776
369515760516755456
369514650854883328
369514365877096449
369513410972889088
369513300901388290
369511760984035328
369503854502498304
369503841902804992
369497925153341440
369497739387625472
369497474420858880
369497323031654400
369496721979478017
369496651083546624
369496292805718017
369494812577103872
369494497345826816
369493919161012224
369493787354988544
369492801953611776
369492424764043265
369490934154543105
369490786900926464
369490229796696065
369489270546788352
369486380335767553
369485399149641730
369485116642308097
369484852216598529
369481444692746242
369474317127401473
369470313043460097
369470133070094336
369469801904607232
369469070674243584
369466547657400321
369466443399561216
369465652777869312
369463270207287296
369462002004930563
369460928426692608
369459474714460160
369451345947795456
369445508848177152
369444304478932992
369441555884802048
369439487929376768
369436216183103488
369435748803411969
369421007620038656
369420782466002944
369413776736415744
369413493583527936
369413435554922496
369412886160240640
369412669763121152
369412548648394752
369412404519505921
369412280942739457
369412094522687488
369411913383682048
369411790297235456
369411583450939393
369411388956876800
369411240180719616
369411133045628928
369410831257051136
369410707734798336
369410466730110977
369410298257481728
369410195509620736
369410024650444800
369409746299662337
369409631535120384
369409235970314240
369408795270578176
369408632825192448
369408312758259712
369407416787410944
369407154744086529
369407034807963648
369406901290684416
369406726816018434
369406630867128320
369406511195254786
369405905260908544
369405791083974656
369405709881864192
369405048490438656
369402484910866432
369401671962853376
369401620095705089
369401180121620481
369397777932902400
369395472114274305
369394776166371328
369394740665786368
369391092283633665
369387338578665472
369198133718548480
369164360561610753
369149267727769600
369125215801835521
369125042379968512
369123650315628544
369093863631495168
369092051545366528
369047156994617344
369043546579296256
369041971081650176
369041753787342848
368776722789199872
368744448055713792
368743215735652352
368696251035811840
368497594328444928
368460724462694401
368460052610695169
368459744669093888
368428396159983616
368423471854153728
368420979363819520
368417470086123520
368417194792984577
368416274529148928
368405561001668608
368398559676481536
368398397696643072
368398215223468032
368397421967314944
368396974321856512
368396868809936896
368369195630997504
368369019222781952
368368718256275457
368367893496737792
368364154207633408
368348958122582016
368341763683287040
368341287877218304
368341165516795904
368333875548024832
368326855952457728
368318749755310080
368309252890583040
368308678824587264
368083822627536896
368083025105805313
368079609239437313
368065820297265152
368047013084286976
368040394418057216
368039770565652480
368039290988941312
368038593518108672
368037920374292480
368037687540076544
368037551577526272
368037355598671872
368036996234887168
368036721696727040
368036129049939968
368034607398416384
368034470559248384
368032693071908864
368031884368171008
368031730521108480
368031075853139968
368029388782440448
368027399222743040
368026966676758528
368013348446941184
368005621662375936
368002281448681472
368002170517737472
367996814102114304
367987827088580608
367948481421672448
367942097921667072
367938556712730624
367936699713986560
367919351103774720
367759907610955777
367758933374812161
367757996501499904
367741370695712768
367741334326898688
367738424192933888
367733817572093952
367714650299056128
367704446014197762
367697767264964608
367694749823926272
367694711051808768
367694644588863488
367693875181551616
367693750967238656
367693639310667776
367689660580896768
367688617663025152
367688512142733312
367687974567149569
367682239716655104
367653157373214720
367652028786704386
367650993598918656
367650908777508864
367649337054359552
367632039702720512
367622827010424832
367605780679516160
367602202661376000
367586236057518080
367585615736754176
367585175318061056
367583971523440640
367583811577839616
367569150803447808
367569070889369600
367566925033119744
367566485390381056
367556963447894017
367539909122609152
367529861101158400
367409152857227264
367386725859229696
367367682834038786
367366472785752064
367359504721387520
367348494346256384
367348218436526080
367347661810458624
367347381651927042
367347043037380609
367300647135477760
367274470631038976
367273744051740672
367270595157041152
367269750189326336
367264536765943808
367264067930845184
367258377778659329
367226930950864896
367219142090584064
367196411693371392
367186637115363328
367009147276894208
366995028784070657
366992617759703040
366992279178715137
366985367272296448
366976197327994881
366973783053045760
366966571815546880
366966194001027074
366961772747440129
366960738775998466
366960544688779264
366960541018767360
366956465925267456
366952529906515968
366949785325932544
366937305551876096
366925083605864451
366924677215567873
366924557484953600
366923421017325570
366921971180634112
366917334222381056
366916008134455297
366914737247756288
366914621770174464
366914076204470273
366913773501550594
366912775638888452
366907083079155713
366900377020407808
366899552860639236
366896782703210497
366895557375041536
366881764146294786
366871917778571264
366606075132248065
366576328494948353
366550039138533376
366547769814560768
366547399574958081
366547126647406593
366546940860698624
366546637394411520
366542880946405377
366541716641165314
366539510613422080
366530576024481792
366242389800648704
366240009470214147
366219936810541056
366176508915613696
366176137497423872
366175285588140034
366107422718300160
365912377276903425
365912041279590400
365911659161714688
365911006565773312
365877430621175809
365877133211480065
365871144454197249
365867660359114752
365867642336190464
365867380372541441
365867314169647105
365865750566674433
365865174122508288
365864764716482560
365864542930075650
365863254746083328
365862722174332931
365862207222853633
365860641493352449
365859970459238400
365858979382968321
365858529854242819
365856533441032192
365850365750558720
365849884290580482
365849826258198529
365847224724357120
365832215667552258
365832018161963010
365826626954608643
365825331325698050
365823779928145921
365823245368307714
365823119832788994
365821005635137537
365820788139495424
365820409137995776
365819027609751554
365818834491424768
365817556675727361
365817205968994306
365816922085928962
365816835251257344
365816469554085889
365816337769041920
365816216331358208
365816022839738369
365814188808998912
365813873074388992
365813609328156673
365813534682124288
365813100852686848
365811877315485696
365805928651563008
365801630366568451
365794127713021952
365791239750164480
365791191339507712
365777246650245123
365774323019022342
365756563325480960
365745061289402369
365572216311656448
365560358846476289
365558211006300165
365508977502597121
365496194396459008
365493111176179712
365491747968651264
365487333241389057
365487247891513344
365478506055999488
365477379474333698
365466589551800320
365429768008634370
365380028868997121
365379222417575937
365244356053053440
365223398391033857
365222650743762944
365203057329446913
365202737417306114
365201040146042882
365145865985740800
365145220973080576
365133154933145600
365131201389920257
365106905183551488
365093188840599552
365084151570903041
365063580749529088
365062109899403264
365060389123260416
365059962633850880
365059579257696259
365058957989003264
365058766225817600
365058707274481664
365058180940070912
365058133913116673
365058034499719168
365057824386068480
365057726394540032
365057447540424704
365056850858741761
365055729809362944
365055278502264833
365054560210927616
365054096258392064
365054018717884416
365053676735303680
365052560563896320
365051290880970754
365046703801376768
365046149096677376
365042879728590850
365042263862153217
365039221180219392
365037575934717952
365036846113632256
364854391951458304
364854140775567361
364853632748888064
364852862389469185
364852294791073792
364850521724964864
364847220585398272
364831447347367936
364798704509026304
364790471005974528
364789246881570816
364785942306893827
364769835672018944
364756193698258944
364753729787920385
364685020088520704
364683133435654144
364660017217437696
364659664648421376
364649813691727873
364505653194551296
364498202319654912
364385588008747008
364370289099935745
364350601083518976
364349787178819584
364344673470808064
364344380431552512
364342700335955969
364337906418462720
364330406084345856
364323051602575361
364319398993342464
364095115172012032
364093287755300865
364092246477783040
364071770242154497
364071532014104576
364056153983946754
364053776379813888
364052613823594496
364051705362530304
364051439762423808
364051031505649664
364047892979666944
363955038160302080
363936070389727232
363935066545598464
363768647719723008
363712443245015040
363686188877496320
363645484323602432
363602910284095488
363575081059876865
363574894170095616
363574610974879744
363574508344442880
363401546286903297
363392555670839296
363363651723747328
363363279252369410
363362687260315648
363362648374931456
363362249542340609
363361531200684032
363343074149552128
363343008357699584
363332843612930048
363314297377918976
363302727860117504
363298300315054080
363274456908566529
363256665237651456
363249127024361472
363248817300185089
363242859069468672
363242680110678016
363241997580374016
363241473489522688
363238330487828480
363237724167618561
363212674026733568
363212263102357504
363206990396678144
363066908289298432
363033865624879106
363032403201110016
363023902693662720
363023535255461889
363012145325555712
363010614274564096
363006686841143296
362990108510650369
362977583261949954
362974433650024449
362974002593009665
362972718477885440
362972669752668160
362972231275520001
362971593993363456
362970215308476416
362970023100297216
362965796051353602
362964889314148352
362957968012091392
362944129048653824
362941790342479873
362935790449344514
362920166889234434
362917346010480640
362917116456210432
362903622297722880
362885289976410114
362837210799669250
362709653341224960
362709507727572992
362705971833237504
362705901154598912
362704600551276544
362702914520743937
362699244890632197
362697767967145987
362664116919349248
362653511659438082
362647758999519232
362646344487276544
362644706758377474
362642953547677696
362641420739289089
362640734903468033
362638683242901504
362638510076862466
362638452849782784
362638149702258689
362634363541786624
362627721253240833
362624048670326784
362613829089234947
362611615033593856
362610303999016960
362610063157886977
362608727519526912
362608418088955904
362608142682566656
362607720739766272
362607362802061313
362607124548825089
362606570267353089
362602555743809536
362601940133232640
362596284047163393
362590782886129664
362590611439763460
362587397415903236
362586449058594816
362585822710611968
362583710673018882
362581899362832385
362581614842220544
362579869504245762
362578714510364672
362578501741719554
362578097167548418
362575250371784704
362574849287262208
362574114239684608
362570342713147393
362569528821030912
362569348969283585
362568627272155138
362566451430834176
362565133429510144
362559714665562112
362559213353967616
362559012052533248
362558779914584064
362558371917869057
362557291939119104
362556694305320963
362550115594027009
362548165079076865
362543165506465793
362523065671892992
362522316275580929
362521965975703553
362521667416768512
362521528685961217
362521256928612352
362518039230545921
362508950169591809
362504294420840448
362499616089964544
362499491741437953
362495443550220289
362482772792725504
362470392134242306
362308222054432768
362306934935781378
362296096778752000
362277946381180928
362273979047751680
362271681898758144
362271400007958530
362267730755334144
362266665544720384
362265147575775232
362259026710495235
362257528630939649
362249622023974913
362249365223522305
362246526501789696
362232644152471552
362231056092504064
362230192778907651
362220536954224644
362202518664650754
362202268147261440
362196276164558848
362194081436286976
362193754372837378
362193548772245504
362193099243532288
362192727007440898
362192406566805504
362192335448195073
362192184457437187
362191837018075136
362191605840613377
362191051412357120
362190674327638018
362190551740719106
362190251713773568
362189818182107137
362189247282819072
362188918742990850
362188024890654720
362187450317156352
362186883071094787
362186410318508032
362179557228429312
362143872429719553
362141539549458432
362137628994314240
362137093272645635
362131912644509696
362131799901618176
362131742699696128
361926638356799489
361921406725922816
361916401847513088
361915167757451264
361897857109864451
361896289161580544
361891864393166849
361882506359865347
361880649554075648
361867259842531328
361821418071134208
361819100462333952
361778190424870914
361599326365028353
361523098249474048
361514621036793857
361413474959634432
361413442315362304
361413400548483072
361413387562926081
361402838884159488
361192643310530560
361192110596161536
361189035059851264
361187509700538368
361187221174353922
361183388717170690
361183177282293760
361116043369914369
361115947592978432
361109030694961152
361102559466885120
361100959503491072
361074077412233218
361066215151640576
361058026901352450
361050538441318403
361048084127551489
361046842894581761
361045231904366592
361044401297960960
361041511149862912
361040999188926464
361040120780029952
361039878085029888
361039467672379392
361038443800838144
361022908274974721
361017708789239808
361016885002780672
360776074998722560
360749286939561987
360748653658374145
360746602589200388
360719904967639040
360717611996160000
360708756054605824
360708610482896896
360684266880909312
360677585597894656
360677296492912640
360676953507889152
360669038986272768
360668787437080578
360668521404973056
360668226914500608
360523604296863744
360454219272163329
360423862665621504
360416600433754112
360416277682069506
360416025747005441
360415742736351232
360415691226095616
360415595256217601
360409746731315202
360407377951997953
360398510677434368
360398454972882944
360396631344037888
360396203046875136
360395308435382272
360392790598885376
360370797644234753
360368282802462720
360364870081847296
360346974219812865
360345832152768513
