398156829370642432
398118241480224768
397978739562536960
397957627466248192
397955517727141888
397776883615813632
397744533779517440
397722108757045248
397470734106525696
397367019274002432
396960424878678016
396645540760649730
396586482070089728
396576421482868736
396565285576384512
396552112970403840
396550635824631808
396550232668139520
396549315780681728
396416171614167040
396288775464448000
396286636658802688
396286389673005056
396192544851492864
396064120786919425
395916659753750528
395916498344374272
395854933515595776
395853425470369792
395842166498799616
395841787853819904
395833139819728896
395711973998202880
395503262490951680
395190479350145024
395138805977456642
395125663579254785
395080884178530304
394859311245320192
394840603051433984
394839647014359040
394836160604041216
394829153385857024
394386215908429824
394093908919324673
394083764927991808
394053883049570304
394033776369872896
394028366858575872
393891742623481856
393891478734663681
393746227277627392
393746129164460032
393698389000749056
393671167225380864
393653461042335744
393634879004753920
393629025350201344
393512885256998912
393381994278948864
393380816476442624
393378617025380352
393378584301420545
392802173014507520
392610846561828864
392593716856496129
392458023450714113
392448369647689728
392448045499314176
392433013109567489
392266441778806784
392259370081607680
392187638343811072
391953716644818944
391951648299315200
391944014976401408
391937128071827456
391936844843077632
391936450540732417
391923575047069696
391892872053538816
391888561621856256
391885803728560128
391758853567963136
391641070129672192
391639639075061760
391591788672086017
391590328471650304
391376748887429120
391176252876664832
391170406381801472
391170291621457920
391157240616722432
391036577067307008
390885203583184896
390851034748551168
390535606016958464
390513468786634753
390218205681422336
390161838660673536
389873745034084352
389827320191942657
389748805689942016
389731715964760064
389720502425907200
389719061669904384
389715918471053313
389714311754833920
389708610923945986
389703576139726848
389700418294775808
389553771820634112
389528253909991424
389526383850160128
389476558823772160
389205361808257024
389202323894857728
389201238438334464
389135563774636032
389101328904880128
389088816172392448
389079253637427200
389075412212805632
389023092556967936
389018231060856832
389001193353392128
388837007998590977
388799591979962370
388766845182177280
388764453841690624
388705849881145344
388705370711273472
388702703968587776
388698613893062657
388678809761116160
388602846838792192
388489124736692225
388485964932599808
388485364123713537
388479922307883008
388475054842843136
388472761620111360
388462228057239552
388438566428094465
388416670387429376
388399522692747264
388357454184325121
388276071218827264
387980130683211776
387975474884136960
387948528070578178
387878440957149184
387784547334492161
387782488393007105
387781901122940928
387781530778877952
387759422962823168
387710796244869120
387710571291746304
387710126234140672
387678338120040448
387613460931936256
387598866293346304
387422881589637120
387391214682525696
387377029445738496
387347184472952833
387322113708679168
387321982988996608
387321810414338048
387058143093481473
387054307268259840
387053545226117120
387032328855252992
387031832564211712
387030778682413057
387023649263198208
387017693364121600
387016335663693824
387015822851317761
387014703542566914
387009303334223872
387005067309490176
387000877040431104
386999145333936128
386996805994434560
386991456323256320
386990183079370753
386985655328186368
386981307554611200
386980323147255808
386970915642556417
386969953129476096
386968355082870784
386962800243113984
386961156021432320
386950969952841729
386891340287852544
386890264243339264
386889321850355712
386889224995487745
386889135782641666
386885041105936384
386882155642908672
386811517087150080
386693562407985152
386581335797936128
386174089104486400
386089649451855872
385895273220026368
385861814707572737
385748274260746240
385746624968155136
385743242752704512
385742870902476800
385741210994102272
385738640863035392
385726221733994496
385567615579856896
385535819370344448
385397256171847681
385012317307813888
385005282050707456
384803359464886273
384797551066894336
384794169476399104
384791394008981504
384783300654817280
384654847171375105
384507401573253120
384399346621763584
384388923495297024
384371074609082368
384357662629953536
384357457796947968
384356469409583104
384355209608462336
384349550418206720
384333413538209794
384329933633617920
384326128829095938
384324711662252032
384314535437668352
384310977204084736
384309114060701696
384305024253558784
384304291768725504
384303132798644224
384302525467590656
384301896871464960
384143608531943424
384143289890668544
384130137421529088
384129694872129536
384129518556184576
384128310688878592
384124750739820544
384124334841012224
384124076559982592
384122377694883840
384120877513973760
384113294380109824
384112933124730880
384112649413611520
384112397952499712
384110545789784064
384082722878414848
384080833562558464
384079472812892160
384078163393126400
384076868091408385
384073531233169408
384072122941063168
384070148787032064
384069975738437632
384036588248121344
384035304665280513
384030954635137024
384017636860129280
384012318247747584
384011654255894529
383953078376218624
383952609822130176
383948657399431168
383911093955223552
383908683945893888
383906543030501377
383903705503764480
383898167131242496
383798447331344384
383770927080935424
383770854280413184
383757297438433280
383713532355043328
383708312996687872
383679002743148544
383671991364251648
383671631341948929
383668315253932032
383655729481404416
383421000689664000
383413931613908992
383358162499538944
383325559150759936
383220396721332224
383219462406946816
383219091177472000
383217370376200192
383216120972713984
383214162639192064
383212753462493184
383211993408495616
383211083592650752
383210545425686528
383208484332142592
383203746945458176
382960179324932096
382953332870217728
382951544595173376
382950684297277440
382841442370347008
382841162320846850
382840246209368064
382838989277122560
382838059303059457
382837122769907712
382836414700068864
382833512531124224
382833111517900800
382831575802859520
382697997999812608
382696492257247232
382693549197639680
382688203754307584
382687699607359488
382682039603830784
382675206755848192
382495034693943296
382480653180485632
382480236774191104
382120888784941056
382107334698602496
382106824021135360
381934378890579968
381909683000594432
381851561573748736
381846152515440640
381844701730840576
381842934473437184
381825772555894784
381824076094124032
381823620068438016
381822713813532672
381821345820332032
381819924194549760
381818345664040960
381816754223067136
381815994601070593
381815056738299905
381814754131853312
381814588830138368
381814095781310464
381813266470957056
381812164887322624
381811742382497792
381811306191654912
381807103599718400
381803726458986497
381801416769409025
381800897116135424
381800200513531904
381787023524499456
381784527506796544
381769602302504960
381766199249346561
381765289236787200
381764113678233600
381761028788596736
381422682384113664
381411149822320640
381091019405946881
381090159485550592
381089894061588481
381088955393134592
381087371506483201
381086351686664193
381085659407982592
381078189856264193
381075324173156354
381062362608177152
381061317089845248
381058951007436800
381058629790859264
381058074045607936
381057015231295488
381054733345386496
381053954941267968
381052803914801153
381042491354796032
381040206981660672
381038790367657984
381011913356091392
380725502467903488
380725140101038080
380704934334701569
380696628463546369
380675914809749504
380675836393029632
380675673293332480
380502592528609280
380465013867417600
380452780353146880
380450284679335936
380423138397663232
380422706401144832
380382604211806209
380319386936283136
380059382001983488
380058916073517056
380052576395603968
380037768400760833
380027300429193216
379967744919097345
379952048621776896
379771115910230016
379758756466536448
379758435371597824
379738970227490816
379727856773136384
379722931959791617
379721224689315840
379699902525476865
379696581764988928
379695402217648129
379694599947972608
379694375905009664
379693823112527872
379633995207557121
379575807342940161
379575614216232960
379574444701663232
379572950753476608
379571360084664320
379425185717182464
379424788491431936
379419092135866369
379402838092177408
379365260135657472
379296411428216832
379295230379302912
379280689826242561
379273088203898881
379266280533946368
379264623339261952
379263759748837377
379230809846054912
379211870495711233
379105289535893505
379100560072257536
379098797214674945
379098190525386752
379097547446308864
379096653031940097
379094033475174401
379093034199040000
379090907431043073
379080054912737282
379071728523042816
379071565641416704
379068420416733184
379049239902306304
379046209844805632
379045922409156608
379039903956217856
379030543796432896
378986875278462976
378985505695600640
378985099510820864
378984848360095744
378982450904309761
378976602777866240
378971734789328896
378969806575108096
378967536131268608
378946270531825664
378940320165011456
378937987267977217
378928823128965120
378928804795645952
378854882398044161
378853767388463104
378852664861130752
378852064236826624
378850237994917889
378849172905947136
378845354277752833
378843911365488640
378843174803750912
378834756152360960
378656051916046338
378639303783362560
378638533537185792
378585251238260737
378584900850286592
378527719870316544
378503966939553792
378327692757594112
378324418407051264
378305480889610240
378181147047374848
378147387631362048
377939223179177984
377922641572925442
377905971366215681
377841871785312256
377841001018449920
377629499195916289
377613992874622976
377579169778900992
377554425940049920
377538910647508992
377537241553584128
377470568703852544
377464975956008960
377456630448656384
377449485666111488
377189312355663872
377188967180808192
377107070467588097
377072571759349760
376899970118328320
376843685050454016
376841763761434624
376841160771514369
376837804078399488
376836317013098496
376834186549948416
376804267970936833
376711911314042880
376501690716798976
376500187172065280
376490993257689088
376484146773639168
376463673898065920
376431430144122880
376424024966180864
376350610582671361
376335363289382912
376075775050805249
376075516660690944
376071991482388480
376060613371244545
376048915646533634
375972400934174720
375811021841395712
375801178036383744
375799368743673857
375795654226096129
375791928522309632
375789990535368706
375787809673838592
375787236056637440
375786754046844928
375786249107566592
375784832187375616
375722972210024448
375434386164187136
375336867966640129
375277922753708032
375276946307153920
375232399258689536
375231207661121537
375229694305902592
375222959625240576
375222846735515648
375203421533777920
375202740232007680
375202000893644800
375067673404907520
375065834903052289
375063845880233984
375063252167716864
375016059805659136
375015576844124160
374902578058121216
374884142502391808
374858599237173248
374858110353281024
374721902021197824
374720557197295616
374714519458549760
374469344417546240
374341568012242945
374213572798472192
374166102131351552
374164710398361600
374162895938256897
374161282137849856
374159614918795264
373944334158409728
373901927572336640
373882096949161984
373870387148652544
373868210137075712
373755883316342784
373755408244301824
373580126736637953
373488473455738880
373471017920102400
373469966865301504
373424728570331136
373263562523033600
373218141629059072
373214756020043776
373202058192908289
373201967239401472
372882098753122305
372827788157272066
372780304588869632
372779332042625024
372761052640841729
372688805704511488
372688642713870336
372497374121562112
372496960529657857
372495345668083712
372491898663219200
372402679336562688
372359522742202368
372359030377029633
372183264209174529
372155110186840064
372100221960204288
372086448461455360
372077190948872192
372073007897772033
372062883515228160
371971489312305152
371759604201684992
371756679177994240
371708299248689152
371703781664493568
371685682189959168
371679880645472256
371620230889734144
371434571210166272
371418558729043968
371395131116879872
371362422701195264
371340875546521600
371287117504450560
371287117361852416
371260252936617984
371258588490395648
371258440280465408
371258148872798210
371254043651637248
371253705271959552
371252604908482560
371249719780966400
371248907038121984
371247530358898688
371241738117341184
371241452078395392
371240779475582976
371240680058007552
371240122316238848
371239260025651201
371081563171483648
371073508849516544
371070091854872576
370998622185598977
370909943638933504
370904522283294720
370903865719545856
370846912972201985
370832390073352192
370726047735504896
370722475099045889
370703863378374656
370629500415279104
370619085135945728
370608155673513985
370590932946935808
370583777082634240
370581480919302144
370580935454257152
370578163652624384
370575861290110976
370575223411998720
370574774801817600
370574304872005632
370574240153862144
370573843733426176
370573801735864320
370573801605853184
370573801605824512
370573801534525440
370573801140260864
370573801123508224
370573801085755392
370564074838695936
370562397053800448
370562040601255936
370561611280699392
370560706695139328
370559817108426752
370559296230408192
370559092588564480
370556674232160257
370545111584997376
370542295126654976
370540617203732481
370539561413513216
370538236244135936
370537888766627841
370529756334538752
370366497673445377
370295527331475456
370273765630160896
370257827207860224
370236927347138561
370232824844279808
370229468918730754
370187631961079808
370179805196853248
370019821079257088
369995891660574720
369992539287601153
369859022306177024
369853412575551488
369837987670261760
369818521842483201
369810708294152193
369810022345486337
369795058532634624
369577634361253888
369490180912062464
369482305758183426
369474525387161600
369469655062036482
369442382820827136
369441904351391744
369432993342824448
369305099908038657
369237349575565312
369156814555734016
368990995347558400
368912651121737728
368909731424763904
368383735885881344
368234535118327808
368205852546592768
367974397585657856
367888372724793345
367886669342466049
367884926625927168
367884646257684480
367884386210807808
367882106451394561
367881788565106688
367759175897858048
367758628386009088
367758365717704704
367757939748401152
367757242474721281
367713324706045952
367664724743585792
367476780204298240
367437921353486337
367436515942862848
367386118691749888
367376906544742400
367376246386483200
367294807582183424
367291565565571072
367289973059645440
367284600546291712
367283903822041088
367282256240726016
367280840642134016
367264397866962946
367263845770735617
367236624939503616
367235384998395904
367101769462988800
366913163985305601
366909601544810496
366907244455006208
366902049520107523
366900126930841600
366694665812062210
366662546041737216
366640105634537472
366639563537526784
366634737680392194
366627765455294464
366621161267802114
366620918505684992
366619372036427777
366618925322084352
366617195230396416
366616507901415424
366614380760150016
366613009696694272
366604576993968128
366521571831058432
366378161153392640
366338335003770882
366335082098724867
366332848841555968
366323774582300675
366323069763059713
366321637420843008
366321267340615680
366319670707499010
366319409071009793
366318772283375616
366314046263275521
366313080461860864
366312515820453889
366312141881475073
366310094297763842
366308603277217792
366305170767876096
366303280604786688
366300294356795392
366296267216793600
366295951670910977
366294713684336640
366293798797574145
366293114538831873
366291926074400769
366288803339579393
366283725778075649
366282689193590784
366280372721418241
366210968042221569
366210912853585920
366197558248349696
366196599107489793
366193518055669760
366175407260704769
366165735011135490
366000956736933888
365978349060882432
365970925084495872
365944185313964033
365943613676466176
365899971234496512
365899617310740481
365809962728955906
365807487280115712
365776016079196160
365775866984284161
365656045537861632
365646459854536705
365583613783326720
365529094080831489
365506475944189953
365489966949744641
365489200608452608
365488480383549441
365486276696219648
365484376743616512
365483540038684673
365473693914234880
365469843555753986
365469157829001216
365468221488377856
365467336951603202
365276468554637312
365258320195497985
365254975858819073
365209171647410176
365199738863239169
365198974300340224
365198727033524226
365195303319642112
365194169372786689
365190991713939456
365190831608578049
365189643832000512
365185304526716930
365185168513835008
365181594421563392
365172297235046401
365171832707497985
365153857040433152
365143254209015809
365139936493584384
365127597593591810
365118944056590336
365107273003040770
365089021690515457
365086259594547200
365086013703454723
365084427488985088
365070011947573248
364912963787833346
364799546250895361
364791518428545024
364789551828434946
364784262391660544
364779571905699841
364774644097617920
364772909635477507
364771302047244288
364766708256342017
364759522029486081
364705040898199552
364499897200181248
364491783218421760
364447066669715456
364445739214446592
364436397522173952
364410441331924992
364197478125412352
364178773198905344
364150260362264577
364150118158573568
364042319513014273
364040827581902850
364035395408760833
364033890836414465
364019656971284481
364015095304556544
363806454224281600
363779717188820992
363777852170584064
363676430502084608
363463122633637888
363458208246939648
363429713261248512
363416399093305346
363346315012739072
363328302984855552
363326534159187968
363311108402466816
363308656089374720
363305464408580096
363304975331770368
363300057598021632
363296194279129088
363295194223214592
363293215262117890
363292251373314049
363291954937085952
363291742633607168
363291344988798976
363291058056069120
363289891410419713
363286889505488896
363286564430176257
363283589200224256
363282626355798016
363282327415574529
363278628261330945
363277558101835776
363276017936252928
363033634452013056
363002005247508480
363001025575546880
363000896453476352
362931277986406402
362929706758176768
362923547401785346
362920515201011712
362910194466324480
362909072997093376
362705457682460672
362683992337678337
362680874514382849
362679496630992899
362673420351193088
362667094019555328
362660198327918594
362655076248068097
362648359464472576
362645298880839680
362618693538152450
362615984336547840
362587609026932736
362587310732222467
362575996446195713
362574302836563968
362574156287578113
362564091384041472
362563599446712320
362292455799926786
362269032088477697
362266863566209025
362266034637516801
362264016355205121
362260143112589312
362257992659378176
362256996034035712
362254164169998336
362251069406978049
362247225734213632
362243028708110336
362241981805633538
362214180641705985
362213526963630082
362207502357626881
362186064208723968
362182108229271552
362180708350963712
361951219566133250
361749005627166723
361736012340281345
361614476199464962
361585531345317888
361548640306733058
361548438590066688
361513510657724416
361430368148127745
361423239790080000
361409563297189888
361183756767346688
361183299047145473
361162582146547712
361100961122488321
360896717727600640
360895606975234048
360895419292721152
360734218487214081
360711689844436992
360695344532692993
360692063865536512
360671838239600640
360545972935340032
360527378671337473
360526189208666112
360457035944443904
360449464235859968
360449113004847106
360448497310380034
360448390120734721
360448070409928704
360394524276703232
360387288708026369
360386588720648192
360381300563136512
360381051262087169
360316586130800642
360151169420632066
360144517862666240
360125631494754307
360106725799505922
360105979339227136
360102310900277248
360038791454552064
359957039327363072
359807831874093057
359807624344109056
359797039095230464
359767553490419712
359744642109014016
359736063486459905
359730237036187648
359729512184942592
359726059995922432
359724398921523200
359716057822400512
359714079402770433
359709970645778432
359707748243484672
359707263344197632
359705558179643392
359705494887202817
359701771679039488
359701175664250883
359700868024635393
359696340269273091
359696165161271296
359696068511924229
359651616233750530
359596376436383744
359435267427794944
359434267874426880
359405207207165952
359305087845285889
359232292247461888
359189316334915584
359079460282187776
359077109659996162
359069240529125379
359059638152478721
359050731912830977
359049302636634113
359026190138355712
359024039576080386
359021546385731584
359007347345072128
358984522840293377
358981244366766080
358979240261189632
358885880380919808
358691880064024576
358689516322037760
358682518913957888
358681060877414400
358679735804502016
358679270886879232
358678659801952256
358677516791197696
358659520983076864
358650208025980930
358648155606224897
358647269664776192
358529834323943425
358519543729496064
358342930282446850
358342401942749185
358332440802115585
358331727577481217
358331717867679744
358161772575850496
358151324401008641
357986038871904256
357982121756860421
357971506896596992
357969820437856256
357969068726300672
357966976699744256
357964524109840386
357961759212048384
357945113521045505
357934153259433985
357932755767672833
357930147657154560
357927639303991296
357925683185451008
357922160813150211
357921144172584961
357919455004725248
357919236821229570
357917965015986178
357915677606150144
357913985967865856
357912406367809536
357911731172933632
357911291966398464
357910801484492800
357909352457310210
357906269614510080
357866735912747008
357865383224545281
357613045394046976
357569221737197568
357556589907046401
357547863686914048
357547201284677632
357447812075646976
357436887973113856
357259310121746432
357255327286181889
357254831955652608
357254313493528576
357250998122713088
357249557521891329
357248346844434433
357246671551332353
357245421560676353
357242231222059008
357241099271671808
357209220132769792
357209121042337793
357072676415750144
357071559044759552
357071501788327938
356897318127140866
356895158790815744
356894932180533248
356893711818436608
356890967007170560
356890400599982080
356830713548513280
356823942410936320
356823785518796800
356743935307157504
356733843979513856
356733827294572544
356523910734417920
356486104217694208
356483716073271297
356482389461049346
356481705202302978
356481540127076352
356182252603981824
356180307675852801
355989764098363393
355781824796454912
355769950872416256
355769043103383552
355765273627865090
355733583148756993
355670082568986624
355669164783972354
355618797715066881
355456818836819968
355456398601097216
355398713650323458
355279975324200962
355266103070556161
355265092444622848
355249227422642176
355249209219358722
355248543302287360
355103562944094210
355103015251877889
354975829123538944
354952296943206400
354949946354589696
354922051921907715
354921456188141569
354898643603558400
354883843372756992
354676094969974784
354600705484537857
354594539383705600
354589630244474880
354581225828134912
354577180040241153
354577111912153091
354570733801857024
354565592851812353
354564892910555138
354536871025590272
354523264808259584
354522665073131521
354501729422819329
354371643268800514
354353038149959680
354352515778748416
354348650656317440
354348569806909443
354296223794081792
354278284227391490
354277534881419264
354276567163232256
354275901304872960
354237706122960896
354236029181497344
354209997267279872
354156968715362304
354152582228357120
353990343961747457
353980686694232065
353969600838377473
353969300333264897
353959675236069378
353958918503940096
353915701276319745
353914767037050882
353901264490332160
353898960269737986
353889034721968128
353887540941561857
353887256358031361
353887084014075904
353886075753734146
353885363980349440
353884080372330498
353801026710675457
353766887819182081
353619070123393024
353589809425563649
353579734216609792
353559050673332225
353558707902230529
353554900275310593
353553495548370944
353551545599672325
353548971525939201
353519411338022912
353504098026393600
353502375530610688
353501969085763585
353490334451384321
353489462891778049
353488921042235392
353488437082464256
353399759043706882
353399343673389057
353396479227994112
353395684403191809
353267506632339456
353263384243863552
353258990039334912
353253826658185217
353226362628210688
353219869078069248
353219085330419714
353211297212534784
353208984947277824
353093605398818816
353085822221815808
353085268959567873
353084872853692417
353084116377419776
353082686690181121
353081523399950336
353080775849148416
353080242669223936
353079998153900033
353079580640280577
353078791964336128
353053176590630912
353049141745692672
353044443101806592
352855524930355200
352840043955621888
352796698621394944
352795446768447488
352787570721177600
352781728290574336
352781454771625985
352781432822824961
352780741144358916
352780385710637056
352759493957926912
352756315728257024
352636405098364931
352490118940065793
352489263109115905
352484710770950144
352481533782794240
352394555703836672
352357082936250369
352321134525562881
352176528869695488
352144367772905473
352140916686995456
352113873979047936
352093588236152833
352075271895121921
352070498026397696
352017822773284864
352017565956059137
352012278977134592
352011471141601280
352010424427888641
351976788601208832
351822346782384130
351821682438180864
351821354573639681
351820658881200128
351818913090240513
351810261486800899
351809769482362880
351808946731888640
351807311876067328
351802312689319936
351801310762377216
351798391837175809
351798288699232256
351798060084510721
351753328780259330
351752453449990144
351708985948258306
351696386464546818
351657349771038720
351654166076194816
351653258152001536
351638216887119872
351627863482568704
351625386179821568
351465484539002881
351427743918989313
351412186339487744
351408159786668033
351407970816495619
351393034648293380
351319955733618690
351316528429408256
351314229887909890
351295044285767680
351293182304190464
351278190595031041
351255834833076224
351104068300709888
351095157472497664
350954877989568515
350945900165742592
350945252166746112
350761504183828481
350677892398714880
350621284197072896
350616462181945345
350590479810830338
350577906126307328
350577784902529026
350502610593263616
350409458922438656
350408635530215425
350406464407470080
350230838018973696
350227492767940610
350168794716573696
350033839642525697
350032746074214400
350009304293707778
349980842858258432
349968128110895104
349957964888686592
349938617247989760
349936019535175681
349917523816361984
349876582699118596
349850695475806208
349849963523620865
349831194982088704
349827868051771392
349657946852044800
349635687819132928
349528690327162881
349519813032415232
349509008459182081
349508916696203264
349508740946477057
349485566246666241
349410928980271105
349311697166675970
349294848316145666
349294002002075649
349292930122526720
349281575365640192
349279664763715585
349278840427778049
349276378618806275
349275373780996097
349275239320002560
349274473628831744
349270445389922308
349270035879043075
349269459518758914
349269234771165186
349267582613860352
349266675188768768
349266285990903808
349264538207653890
349261998904709122
349173481851719680
349173300477440000
349170692333371393
349161788866191360
349161243677962240
349149396644020224
349119543945355264
349069310880260097
349068461563052033
349055003543105536
349054029810249729
349049329002102784
348950371361771521
348949673526063105
348946394666631170
348944861371703299
348938507257008128
348930965567066112
348922561616306176
348921507155673089
348916872315555841
348895060378652672
348824305410383872
348823384274108419
348803261928710145
348795234861338624
348790829877444608
348789178152153088
348786955783393280
348783354138726402
348780326404898816
348780013816012800
348607786361434112
348605676324528128
348604239565697024
348579045178486785
348523074854981633
348506910351319040
348430691727466496
348426600343298049
348413497064947712
348413284078194689
348137061955551233
348131312445562880
348131122602995712
348038416388202497
348034708711567360
348025292964638720
348023555025432576
348019733590851584
347872801975312384
347833355129192448
347832691242196993
347712902213533696
347710490849447936
347694306288611329
347524216343650304
347480423242268673
347402480088391683
347402386635096064
347295875028115456
347220578811396096
347219878178066433
347176356842467329
347169146880008192
347131718341361664
347118358094823424
347115424195952640
347112854375260160
347109250125950976
347107868723523584
347103526784225280
347098642332659712
347091007327830016
347089561706430465
347088622622765056
347087328092778496
347075889718231040
347074409422520321
347070212669054976
347067659818512385
347065847619133441
347064661478367232
347063007462977536
347061797666299904
347060487608995841
347059078599700480
347057837584826369
347055522677153793
347053759702122496
347052738288431104
347052690838278144
347051532132421632
347050189166616576
347048361553182721
346979400950091777
346733333545353216
346726001889378304
346670880165875716
346583970860896256
346443678392385536
346441529038082049
346439626455666688
346430386286505984
346422116767387651
346417493147021312
346399837870227457
346306668021293057
346263060345942016
346262614466232321
346262507020750848
346085186615795712
346079051615723521
346077540236029953
346074687979266048
346069270536536065
345920622771175424
345919717728473088
345911100413464576
345905826684338176
345889643033665536
345889294793187329
345719034228113408
345717230371221507
345712257176588289
345609625271402496
345585951248093184
345582626096156672
345578443200684032
345576193396985856
345575739728474112
345574519261503488
345573869140205568
345571056888717313
345563753972133888
345548860459991040
345545250980376577
345543562840117249
345541652322078720
345540574306258945
345539265356259328
345364557054767104
345322825726435329
345171502322290688
345167919770112001
345164442675343360
345105066983829504
345103719123271681
344955577786589184
344934251621384192
344790706432376832
344651966091259904
344651793860538370
344546620756598785
344541725756358656
344541066864771072
344538215904063488
344535950606602243
344533833338728448
344525099371749376
344524446746431488
344523885590495232
344523461512814592
344521674294710272
344521328528850945
344401038368976896
344396085005008896
344382345224257538
344247836583526400
344211546819399680
344199329399050240
344186627289124864
344185444856107009
344184074887368704
344164424740917248
344143302322442240
344142824511516674
344104345987592193
344102534039875584
344101930307551232
344099554754445312
344099022828609536
344097725912064000
344093279660425216
343888967449587712
343880543626219520
343855599114678272
343853549739986944
343743137770004480
343726363708116992
343723013277102080
343550485254524929
343523019307769856
343506138094002176
343476420946845696
343473587371524097
343176463383666688
343172244580732928
343144364425494528
343000009165381634
342848351810764801
342820784898732033
342795827376447489
342725664295755776
342709862758752257
342702437641117696
342700180442865664
342438534562590720
342438034156945409
342339596417376256
342338639549829120
342081454211207170
342073553367232513
341890690072051713
341878572526477312
341756648056029186
341754996393644034
341743571776450561
341741076027170816
341740265318535169
341728635843117056
341655351952805889
341538830693826561
341522830917255168
341522714525319170
341238491545493505
341230991114911745
341213793008877568
340960178365165568
340913659503075329
340876751414628353
340865969897472000
340815051533451266
340480792205598720
340453719026053120
340434731525107712
340417009747623936
340282533180764161
340209961500028928
340170402817007616
340081867158069248
339791261533863936
339772601662582784
339766669218050048
339752694677917698
339741284426190848
339716913158565889
339705680309145602
339622427938144256
339580987841314818
339576819399409664
339572084902608897
339459756097949696
339458945724841985
339457193860542464
339456476445814785
339455058347438082
339452626942967808
339448927164190721
339443833098076160
339441998249488384
339433418565750784
339430090788175872
339419570760732672
339416304278716416
339406871028957184
339402032526020608
339400368331051008
339398598175371265
339398222055366656
339397644222877696
339396581625303041
339388934855475201
339388504494731264
339376613693198337
339344358786625537
339329985204588545
339286500929859584
339285091698216960
339281979734380544
339058260126613505
338906394570915840
338892491082301440
338714425055920128
338704839670382593
338693949621432321
338647102651506690
338585763816034304
338384038266028032
338368682839375872
338364701996097536
338360265492025344
338345263460667392
338345040747307008
338306463720165376
338302824104468481
338297645816762368
338291898097750016
338259362403454978
338257954983792640
338257093314351104
338236094124523520
338024325049352193
337965633855700992
337965526695411712
337932298005659650
337908706912116737
337906757106020353
337810029812002816
337702191206891520
337671430806315009
337516293257306112
337327289832456192
337326795277864960
337326346806099968
337325247122522113
337314493904330752
337266695863418880
336481668401610752
336395320781070337
336182184643817473
336181910868996096
336181110532874240
336180374629650432
336178089916772352
336162777108455424
336154080466587649
336152042479443968
336151192147222528
336150417601880065
336144922606444544
336144361370812416
336143838575996928
336137813416370177
336114072863010816
336110242872041472
336105125254930432
335892119455682560
335891391928492033
335890323534393344
335886980074307584
335418108825174016
335301658651262978
335286315249721344
335136875599769600
335134282974646274
335129911993970689
335124919190945793
335048181534556161
334958080485908480
334744167806795776
334743676179841024
334675224610086912
334674728885288960
334401192270655490
334400486461550593
334399129730039808
334398723918536704
334398559581511680
334384103287816193
334382941872467969
334382565635018752
334381553390084096
334192140789895168
334169286060949506
334168114566672385
334157377051955200
334154324617867264
334150663363756032
334149414597824512
334148385844109312
334146322766651393
334143499031175168
334139907863900161
334138843827675136
334138197904855041
333993727112650754
333879682434998272
333876723257057280
333734214308618240
333727578177286144
333720366453248001
333644395977007104
333597568988745728
333596071756435457
333594367942070274
333590801781235712
333585987978555392
333585273357234176
333567673634000896
333566338448642048
333423324917014528
333282870435143680
333271631168425984
333253279679123456
333218648095350784
333202637732327424
333004026809577472
332996137608953856
332992374445834240
332990747009744897
332985183475216384
332981517091475456
332967339278602240
332965622931652610
332964115272314880
332963580943167489
332961402144837633
332960763633340417
332958971558248448
332957423461601280
332954064331620352
332952198457720832
332942894405152768
332914644740091904
332904283504779265
332802174935519234
332654472566288386
332652114516004865
332651364389908480
332624342770909184
332479967571091456
332478157804421121
332264463497576452
332261575220133890
332238526571749376
332233169912881152
331970497057271808
331846858697756674
331833060423262209
331827445953069057
331826193240313856
331824124257259520
331823604289384449
331820389476995072
331814392129789952
331813793770381314
331813260422701057
331811512501026816
331785591534522370
331587733631934464
331586691896840194
331565709542948864
331502155645198337
331479926077288448
331479005289123841
331477533541400577
331476256694624256
331416102406090755
331412122582020096
331397935931744256
331390335295057920
331382752882589696
331379507174969345
331377161300738049
331205360159432704
331203469128110080
331202936808017921
331201652990296067
331201117658705921
331200803064922112
331199578202316800
331199215801860097
331197605449175040
331195818033946626
331150668591136768
330899468209770496
330867149604257793
330761019888631808
330759094447247361
330748183229640704
330736888820416512
330725411443068928
330723911694172161
330718267905802242
330713883968958465
330656810149216258
330496632258981888
330415140451274753
330302690364108801
329954728450605057
329715247223029761
329608450894082048
329415631504023552
329390215196192769
329376341386461184
329376269949079552
329376135425179648
329333219273089024
329330886522855424
329265289147584512
329200457111187458
329195618658566144
328978234869956608
328926669106708481
328917377939034112
328895947549589505
328490222910316545
328479130632994816
328460590383235072
328314123685343232
328312004408401920
328211417096400896
328191931471495168
328088349581656065
327743560663318528
327742182196912128
327464165851676672
327432464194748416
327389715546390528
327389176121135104
327131038025383938
327092209193201664
326851729318612993
326842462972833793
326841574598258688
326726470108069888
323949232832794626
323945774297796608
323943889134309376
323926651241119745
323917960794230785
323912347053850625
323868321101512705
323778511229829120
323776185551159298
323766819661950976
323765789339578368
323763627251347456
323762443291594752
323760103041945600
323756132306935809
323614255788224512
323612205419470848
323606757454782467
323581970540007424
323577755977523200
323576616854892545
323576579445882880
323576501238906880
323576126754672641
323572672296542210
323553002961108993
323535388616572928
323535120952868866
323472481119764480
323464901920174081
323453938009522176
323453490984804352
323422485892714498
323222055791230976
323176076455051264
323167468392681472
323164324229169152
323159688860540928
323123984298278912
323115658743271424
323049186553630720
322957843009511424
322956790050455552
322950288354996224
322858931691065344
322857840324784128
322733193549725696
322710816610734082
322540848606744576
322532485349117952
322530064778543105
322523926351712257
322523696893923329
322448919202263041
322170239007723523
322076598713073665
322074848299995136
322066914371309568
322022444061818880
321959861028020224
321959737459617792
321959581519601664
321816274525093888
321786458698563584
321767889097093120
321761786405732352
321759093515747328
321755811066048513
321755483771924481
321737996456062976
321731171350364160
321729463022911488
321727489699356672
321609725999448065
321575683451154432
321463763335262208
321451746348109825
321451390616616960
321448132875538432
321447076066123778
321446597978382337
321446293580939264
321424706953682944
321420343153684481
321405736997515264
321405407975325696
321270877398376448
321251729834385410
321245341372542978
321090107715235840
321046706567405568
321037375138590721
321014567553601536
321013395874783232
320904304259108864
320890130556653570
320886101088804865
320743329111347201
320740552809275393
320735582672285697
320726623202713601
320726614705045504
320720523682263040
320705423181242369
320702020191391744
320697602758819840
320693239957049344
320692071231000576
320686009450889216
320677885612531712
320673568696455169
320673562589552643
320671834938961920
320652481090695168
320651071531921408
320643066874716160
320542351732908033
320541689037066240
320528013353684993
320526688226267136
320525609136705536
320374723685007360
320373384733138944
320360952715423745
320346974136193027
320346037644578817
320343804920078336
320340148372004864
320338037680787456
320335116150915072
320334529518792705
320333764549042177
320329143520735233
320320444416790528
320281327666618368
320281102545735680
320276068206526464
320270446274695168
320269006185586689
320263854212931584
320244498145878018
320002931162243073
319966775473213441
319830656030998528
319651457056002048
319616847391621121
319556376701587456
319556229242433536
319552130606321664
319489994110664705
319489789294440448
319489573241638913
319489195796213760
319423313405415424
319405729633161216
319291577195446273
319117304552103937
319063063896666112
318882237359742976
318876367938785280
318825108187783168
318811439248850946
318801165380894720
318745654463705090
318696552900206592
318695042292273152
318692269005877248
318491646889181184
318418251883376642
318411337380282369
318387596860456960
318191014160506882
318140709058252801
317998431350177793
317990593789825024
317984773593255936
317778708675055616
317775740571631616
317748909285994498
317747175457189890
317744411188551680
317744222813962242
317744017561509888
317743726992695297
317741567865659392
317739490703720448
317735015851126784
317729398218436608
317715803795501056
317703398642311169
317679232954277888
317678022532677633
317677090327642113
317657292667514881
317435349171331072
317364659839721473
317327291418042368
317269311930650624
317267272668418049
317206874422403072
317195937250435072
317066354471624705
317020679901945857
317018627759022080
317014725969997824
316995046555676672
316947296451452929
316906604882714624
316905036099764224
316897041051680768
316896313260269569
316889937909792768
316889414515187712
316854509819281408
316841560006356992
316737990741356544
316736754893860864
316670351792816128
316662990629916672
316582853343313920
316505132009406464
316370564547747841
316333201037602816
316333192221175809
316246059645034496
316172642191298561
316147260100595712
315947015878090752
315945740050513923
315935818944499713
315932294357602304
315911316374163456
315911033858428928
315905020828712960
315676853857812480
315670501840281600
315595822517612544
315592100907454464
315590304499658754
315588031967010816
315583266369458176
315449012109062144
315306183697248256
315271741045870592
315270659737542656
315264124982538241
315261308452888577
315251330824433665
315250268155572224
315244523213176832
315240942737178624
315237773974056963
314916896774447104
314820169560125440
314560154764996609
314558972633968640
314558406734254080
314558157823291392
314557887047401473
314557595635564544
314557519173394433
314557402580140032
314556730656833536
314555739060453376
314398056999186433
314394701535006720
314393896971026433
314205687712456705
314144575864324096
314077334393221120
314070433865531392
314031264174845952
314027188737429505
314023350924099584
313985414472028160
313985406620286977
313782961701015552
313782686495948803
313770567478177793
313756736349679618
313756616170291200
313722091620954112
313700867008237569
313695464153300994
313695260310126592
313691306964697088
313667729536208896
313593657028648960
313482923787550721
313478190662316032
313361647190286336
313333023334596608
313323478784806912
313320167574736897
313297401064603649
313296988387016705
313296779766558720
313291431479492608
313289891888902144
313289331466985472
313288600601116672
313288385697562624
313286587070963713
313284760837435394
313281970308280320
313275421913407488
313275031050387456
313274884761452544
313110497346084864
313099393261793281
313045678790160384
313045670359625728
313040465958146048
313039562437951489
313039178273271810
313037927804452865
312985934952022016
312968771339943936
312965020189327361
312964843818864640
312964586661875713
312964330536706050
312961666046373890
312684887536701440
312665575434358784
312639561400451072
312576911257767937
312576659532431360
312576575369531393
312344100538048512
312300378454634496
312293878323634176
312262290139389952
312258925460332546
312258424782086144
312250393478434816
312247727650131968
312246938034634752
312241076507398145
312240788891385857
312240485852925952
312240058172321792
312239103531962369
312238840502951937
312238147830444032
312237980725174272
312237435952189441
312236453629415424
312235120788664320
312234912918958080
312234763710775297
312234600749469697
312234285925015554
312233988636950530
312233379670130688
312233246391951361
312233083644542976
312232775212228608
312231670818406402
312231507936813058
312231291359727616
312230862232104961
312230756606963712
312230543372718080
312230041482297346
312229838616395777
312229759994195968
312229708718825474
312229653433679872
312229445241020416
312229153661411328
312228647387934721
312228204792401922
312227780999917568
312227287888187392
312223295590264833
312219383059578881
312180351852240897
312169491184365568
311969589611347968
311953578413658112
311951773793411072
311951192370589699
311950635585126400
311947574758232064
311944276005244928
311930135236472833
311878999238389760
311877186678317057
311848247591317504
311842674737037312
311841226397732865
311834885906116608
311831387370045441
311828527425134592
311828355836170241
311828348072505344
311814211481239555
311807362346414080
311618218261360641
311522082045427712
311513913961373698
311216301429387264
311121790866948096
311121478047387648
311121470212407296
310936420606963713
310895642862039040
310893583819489282
310880725069094912
310876844054429697
310876647626772480
310873328132947968
310746525275922433
310602811081629697
310580001529552897
310572146676088832
310560830255149057
310535320334647296
310414417948991489
310414411284221952
310414008261943296
310411856705630208
310173924149321728
310167527546294273
309853185466589185
309463586542059520
309430138058199041
309418545073238016
309121643052142592
309089561198350336
308930131769049088
308802136777576448
308633313214623744
308608838309904384
308594515055349760
308589195763535872
308586184156774400
308579723909406722
308578636284448768
308576263088533504
308279915432796161
308264306452094977
308262664973459457
308262161745076224
308261215535255552
308260778908205057
308260510682447872
308259834720034818
308258686311219201
308257988781682689
308257383086424064
308255711404646402
308255443707363328
307915874466156545
307894675560357889
307622649721389057
307588901428678658
307542075593867264
307539502254149632
307538594451566592
307537004898430976
307511540918153216
307492213041012737
307189105270329344
307127327895199745
306950483715698691
306942390294437889
306865989235130368
306852430895796224
306850846925287425
306797149952303107
306796393467609088
306795985751904257
306795973244510208
306584546604904448
306564500360929283
306550897767501824
306550843254128640
306550833900814336
306549289717473281
306548385396170753
306547691725414400
306432179225907200
306249740285263872
306166581086535681
306154848590635008
306154839560290305
306127398494142465
306123596651167744
306122720830164993
306119808120918017
306115553909678080
306100890530611200
306100877545062400
306096356206981120
306096348636250112
306095986877554690
306095978258235392
306093800323960832
306092371295236098
306092360511672320
306083349963866112
306066494826110977
306031961066053633
306030538764996608
306027071619076096
306025001763627008
306023442862452736
306022841978060800
306022258202251264
306020053864828928
306017428725448704
306007244171001856
306006383415939072
306005386501177344
306004396276342784
305989582674071555
305908634666291200
305834108293111811
305831876118073346
305831401574498304
305748520600739840
305664754083565568
305651500120678400
305519960946515969
305501323871268865
305499814077009920
305497055109971968
305392567653109763
305140245983289345
305138325117865984
305124371691888641
305078508714090496
304715645977784322
304607700443090944
304607217661902848
304596008178954241
304579495732600832
304442988682153984
304427801887506432
304398521359028224
304390581734477824
304387953403256832
304383500352634880
304378035484905472
304377524572536832
304333151113728000
304332539349307392
304327001706221568
304320889921630210
304320412697911298
304309624801218560
304302829282131968
304298860061261824
304049352232550401
304047895684976641
304047875250348032
304040781172338689
303988965709606913
303988965206274049
303918867833581568
303654933411033088
303654127093817344
303652582658830336
303523769199230976
303354643843514368
303353438136315904
303351821295046656
303227844350332928
303218087333883905
303213707352236033
303195295683072001
303195285415403521
303146420964311042
303145844457218049
303145493339459584
303136755245273088
303133595101454337
303133587610419200
302918230756970496
302881254620155906
302879755865313280
302879360946413568
302845653858545666
302845644203249666
302841347134603264
302834284086063104
302831836554477568
302827821129150465
302826015275753474
302825508113100800
302824125150420993
302823757381267457
302822767546466304
302820158773293056
302820150887985153
302819196851605504
302817153705463808
302815605990514690
302807876630626306
302801427854667776
302800458932690944
302793692278824960
302744282324930560
302635889086062595
302550640800976896
302550633247031297
302550590221873152
302550581682257920
302489512699912192
302489500821647361
302488226998915072
302488219340111872
302487395725631488
302487386443628544
302441951603609600
302256746821464064
302256739133296641
302247460347211777
302247452482867201
302203400479703042
301764860574846976
301764852928622592
301757923418329088
301524115712507904
301426822061621248
301324105809031168
301144814370578432
301142357468909568
301136742461870080
301135845170221056
301130616366325760
301081089487798272
301080531083358208
301080523680382978
301080189268549633
301080181857206274
301077882929811456
301077875552038913
301074687407042561
301074679920209920
301052635111383041
301052331066277888
300771088672096258
300769673866256384
300769412405940225
300767994924130305
300752397540659200
300689266948849666
300689148795305984
300638312924848130
300364178907086848
300360552289550336
300354106453811202
300354095502483456
300353872965287937
300353535453835265
300352406649180162
300327272680927236
300312860175777793
300307903468933121
300286205763940354
300285979300880385
300285637809037313
300285473186803712
300283968274710529
300283736547811328
300283511909253122
300281341767983105
300266814213062656
300262717191753728
300260659889840128
300260540679348225
300260531854528512
300097644678766592
300069875911647234
300069189169868802
299896771268706305
299862318559408129
299711732186767360
299655526621515776
299583675140542465
299348868498354176
299145362227212288
298908805104799744
298908301008195585
298906301570883584
298905299333562368
298880938417459201
298879725961621504
298804992452722688
298773406558593026
298771910924320768
298770535800774657
298764336149716992
298623387780120577
298622732663410688
298259063073030144
298251752883486721
298249688648413184
298204573963780096
298084288891600896
298033124888166402
297896091062530048
297894044686761985
297893266408488961
297844509167996929
297745534075154433
297736200318509056
297703794505027585
297700877337260032
297569311604756481
297569301437747200
297513833684168704
297365292714176512
297319972944871424
297318205309997057
297174896843300864
297155983891910658
297056020117745667
297004835302154240
296952584751702017
296952300705042432
296951525534732288
296951177965350913
296947037042245633
296944214330187776
296943425578758144
296925022214295552
296923688375300096
296852672999477248
296852163282481152
296851492424527872
296851341890973696
296850729723904001
296846885203886080
296839984302919681
296772738775924737
296747232684806147
296737433041657856
296731063684837378
296706018463862785
296701275851063296
296681468812480512
296681465763205121
296413701123231744
296343113461551104
296320875672764416
296320548634509312
296298611644440576
296296640174755840
296280996662349824
296252764340748288
295710028994867200
295709606548738048
295709338222333952
295705279503421440
295699553288585216
295697407251988480
295687420396072960
295686748300800001
295685921259544576
295683976352382976
295672112729972736
295665179629342722
295610101534953472
295609675158806528
295606746859327488
295598939435044864
295591956917141505
295591789413412866
295561810097102849
295248400704737280
295244358985326592
295244065488924672
295243157954785280
295223852001288193
294911311488376832
294900584539095042
294898993215963136
294897553911214080
294895482138943488
294893860771995648
294893347460509696
294892911684902912
294891099359703041
294886893768818689
294886187078922241
294883448852721664
294882104666365952
294872733504917504
294835751676432384
294828711394553857
294664106428989440
294644261603926017
294642031878348800
294618802468044800
294592252460810242
294566338293293057
294496773735583745
294487678391558144
294467993272979457
294455219474018304
294311416796696576
294305521496895488
294303545153437697
294302448686858240
294301017154134016
294236720965242880
294226824366551040
294216710871973889
294183847640305665
294088561517547520
294085110809120769
293918763638718464
293898927361622016
293896470392885248
293883311921713152
293882346493579264
293877508368117760
293875430111449088
293875334292590593
293875152423378944
293874743260610561
293874419896549376
293874000877211648
293870151084941312
293808055026581505
293807049031180288
293794572310564865
293793586493915136
293779187393781761
293770346891460609
293764155188584448
293761012371423232
293579121714397185
293569173202817024
293568257854672896
293567457191419905
293560837166215168
293551389366423553
293549550277365760
293548604096905216
293545549838286848
293535006968647680
293474882069610497
293200304583876609
293173087208345600
293161482370301952
293153469823606784
293144704223170561
293141865732141056
293137685898485760
293135387319230465
293131608037421057
293106310935879680
293101889636151297
293094857172471808
293087616071499776
293080729452171264
293076573400219648
293072597250355203
293064166464450561
293062484494008321
293059247414059008
293053937014157312
293052603057704962
293051249190899713
293049285921103873
293044424949260288
293041107011510273
293039492363866113
293036812887285760
293034038858510336
293032588875034624
293031657034895360
293018204505264130
293015689743196160
293012405699616769
293011304485101570
293010175432998913
293005354197983233
293004627895529472
293001502233096192
292999512849514496
292997694018949121
292994536609812482
292735332271681536
292708816217325568
292707375146745856
292706631286943744
292680451510919169
292468395243360256
292449096298549248
292448076495454208
292445216617689088
292443546823323648
292429591476334592
292398877561221120
292128714051956737
292112821615988738
292085386174410753
292073462154022912
292065163283156992
292064787892940800
292039949576970241
291897282113179648
291628042470703104
291385476210913280
291261815982260224
291235818314555392
291226358183518208
291225219203485697
291224149341380609
291223688710332416
291222629677924353
291219302521110528
291218710516088832
291217968396902400
291216224627605505
291213597881810944
291198928517464065
290869416294486017
290865919666814977
290649117728833536
290646021145522176
290644685939159042
290644057393336321
290643765520117760
290642763035328514
290639655941058561
290639107892318208
290623320888590337
290616500866387969
290568703857274880
290567520132411393
290565228486340608
290565016858537984
290538989922955264
290523419005566977
290519071374598144
290503612323471360
290502977897242625
290501943892246528
290496594598580224
290479488070991873
290465415547744256
290363880457256960
290354145125355520
290353361499353088
290351477384441857
290350493652357120
290313541653762048
290310010863513600
290298905424453633
290174389306150914
290147224225206274
290128615557967872
289944681637351424
289910834459721728
289900099377692672
289897787594780673
289852272706469888
289851572064768000
289836305553190912
289830033520988160
289793440017969154
289792541279277057
289537600342081536
289537058127626241
289534113352929280
289533621214253056
289516139401338880
289501723410722816
289500752798416896
289499657535647744
289444173462003714
289443943282778112
289380930798383104
289378152860495872
289377729063817216
289216173445369857
289210012172169216
289208165969571840
289152465495023616
289111140598968320
289110059743592448
289020979815002113
289016653331701760
289009673611403265
289006952309194752
288993890567065600
288991771961225217
288990092889047041
288989718115409920
288910141116538881
288909358954323968
288877163640410112
288806632765403136
288795169606733824
288794923300433921
288792448602345473
288790355376218112
288786097494970368
288785696259452928
288779718092787712
288768031402901504
288683621492092928
288530232519057408
288510717068443648
288505426973188098
288504418347921409
288501943708549120
288490601270370306
288488094871724032
288484807770509312
288483320155734016
288319225393733632
288123021955321857
288116430061330432
288114598836584448
288109417839345664
288084591049338880
288081292665421824
288077663581650944
288075772722286592
288074801350836224
288072938886926336
288060161686388736
288023604447293440
288023027298492416
288017553136185345
288013366344163328
287998794929405953
287990864351985664
287989147757600768
287988278324502528
287987572171476992
287969714490179585
287963531943497728
287961767668240384
287960322835378176
287959257087897602
287958069302947841
287956843899265026
287956570728452096
287954700412805121
287954308618678272
287948129280618497
287941513567145984
287797145346654208
287795303506120704
287751220834217984
287735603745927169
287655018725781505
287641854193836032
287640545621327873
287639760288247808
287622641894957056
287620182426390529
287606756740317185
287604996768411648
287593309793300480
287590508077916160
287585541673865217
287584420213424129
287425542926503936
287411527957479424
287359225565421568
287348321998209024
287341580459851776
287339784727314432
287339533467537408
287336892754702337
287333862999199746
287333502804963328
287332362516328449
287290912915222528
287290901074694145
287086212953538561
287040231629266945
287033692101177344
286920053222408192
286904881447575553
286901622129430528
286680594690211840
286533090644484096
286528946902802432
286523017205538816
286509269182971906
286508636153450496
286507069274718210
286465634261417987
286465141220986880
286463195500142593
286462779903340545
286461991349002240
286460789567664128
286455109246914560
286454607125831680
286454394977935360
286449556944728065
286448340286193665
286447583491145729
286437999267438593
286314605108662273
286310244295008256
286264947216887808
286264035467481088
286263704725635073
286262831316336640
286261647293677569
286234200888188928
286231609722691584
286224139767906304
286223935681470464
286223143255805952
286193604626632704
286191237713760257
286184898937626626
286183482626015232
286181022180200448
286177992818970624
286176447830319104
286174489660751872
286172958697877504
286171551890538496
286167110361690112
286159454456668160
286157688956657664
286149677668257792
286147355965808640
286140735110119424
286126744694566912
286126229168467969
285984452792942593
285982797439569921
285946694191943680
285936608933470210
285931814072221696
285928263170289665
285927388154585088
285925695648059393
285919984864067584
285913583899004928
285913576059850752
285912218187489280
285910617821442048
285908300367818752
285905259786801155
285904456216875011
285901169182781440
285899851072430080
285893884708532224
285876074028625920
285870980939804672
285867626675200002
285865552445071360
285865030656856064
285825528076840960
285815550909771776
285814427524153344
285813826035798018
285812093813415936
285770762378424320
285614467994243072
285568424711696384
285252876589219842
285251772577099777
285251140516470785
285248434095656960
285243527229763585
285242928857755648
285202422899564545
285182551331598336
285181379271094273
285180220384870400
285162563073892352
285162091978059778
285154828123004928
285151939400974336
285102618764795904
285102518843871232
285101411195293696
285100818917629954
285097796724461570
285097047407853568
285080498982768640
285076155910991873
285075794571718656
285073421740695553
285072905983905792
285068867385044994
284872424594501632
284672618911637504
284500889157369857
284495676455415809
284479600145334273
284477403428970496
284473187255861248
284471566950088705
284470812944265216
284470388371619840
284469415381196800
284467342191255553
284460734652506112
284432698339106816
284430575840948224
284146032458223616
284105304990433280
284086056792494081
284045820561592320
284044266026725376
284043755814789122
284043076064919552
284038116623388673
284037321035231232
284036703243624448
284003563175309312
283980183583719424
283979660814069760
283976053033168896
283973494172172288
283967607034482688
283700008346337281
283698884985909250
283682623853830145
283682010831147008
283678849907179521
283558487806586881
283466489607118848
283382016664297472
283340161792761856
283018183479271424
282951653563445248
282897000855371777
282726217747140608
282685823525199875
282673567651487744
282496442285846528
282496136944685056
282357237685579776
282338943184302081
282188005249265664
282109309461086208
281967803769167873
281932479999393792
281932398298550273
281859255034851328
281854539496316928
281846494506668032
281838905391730688
281835665807798272
281831930264166400
281817395180494848
281817123708354560
