397457923590221824
396984899015811072
396664417737506816
396641574769405953
396620906967363584
396353063948390401
396351726871396352
396351695628034048
396349999304687616
396349515521077248
396348077613006848
396344622991294464
396328369647677440
396327016632684544
396326639774101504
396073198699433985
395991645331927040
395991389093523457
395991184377925632
395990535829487616
395959787068092416
395860899082534912
395860608295653377
395858844993458176
395858510086692864
395857674379988992
395856349177053185
395856009094508544
395855184058142720
395854809871691776
395854218848108545
395852065697988609
395851847208288257
395851619889586176
395825546472726528
395825091449483265
395720629267468288
395720092056834048
395495665058320385
395486536407347200
395486268102307840
395486097351794688
395485687270875138
395484563134099456
395474475447488512
395331780225794048
394968613851258880
394968173260582912
394967696372400128
394966084031635458
394965982181347329
394965225830883328
394964846225403904
394964504276398080
394964173136080896
394962008065736704
394866629710200832
394862987259162624
394861530132799488
394823257775685632
394822245539143681
394776564308533248
394422295785402368
394041505360670721
394041334199492608
394036848302899200
393829750063779840
393829657365479424
393829379023077376
393828963082334208
393661554538737664
393660653850095616
393653698272169984
393131650730958848
393124640316751872
393124163042701312
393122797297631233
392975225505472512
392949418850152448
392949120182136832
392948646389379073
392948334622543872
392947829615767552
392947413050077184
392324553789419520
392273442386771968
391632660298481665
391632517704732673
391606411110539264
391606122810843136
391605225905459201
391605046846058496
391580493520830464
391566034043699200
391326994484707328
391308296646590464
391307994589589505
391307890818297856
391300407513075712
391242109183098880
391158919407865856
391155888188575744
391154291618353152
391153597591085056
391152277161246721
391150528782426112
391147788962365440
390871475924008961
390869624113598466
390778053456310273
390777066930843648
390764479006658560
390637609908981761
390637353108520960
390614153142222848
390610727616397312
390604955947909120
390601031698362369
390600940874891264
390600482928197633
390598902443155456
390598526495105025
390156905437749248
390156247196258304
390078733895614464
389761551059922944
389752729574596608
389752272827482112
389408312397410304
389351243375988736
389351011426770944
389342269427679232
389335508796837888
389334917479694336
389333633871671296
389132801184108545
389127231853047808
389126850842460160
389045875328425984
389045648831827968
388998613151809536
388788264611876864
388768487621275648
388768110180057088
388764694598930432
388760813190000640
388750695920594944
388640529871015936
388638959322279936
388625685993885696
388624932118097920
388622062253637632
388619859044483072
388618280321036288
388442017233395713
388438179466190848
388429336766070784
388428207290331136
388422771489124352
388335701236133888
388334646553243648
388334224941809664
388332478915969024
388330319675678721
388330007296503808
388323702527774721
388323318035927041
388323168689332224
388323096190787584
388322985389867009
388321066206384128
388320416567418880
388319911980052480
388317362573025280
388316067481001984
388310148940562432
388309999556231168
388309865493716993
388309767971930112
388307322814345216
388305379568136192
388304810933751808
388285309810900992
388072768686010368
388070150832128000
388066392710594561
387976554011443200
387976433148383233
387882895383490560
387548917241769985
387213997059362816
387213847893127168
387213368001843201
387212315327987713
387189094977404929
387156757778530305
386846016697540608
386845029417091072
386841769637597184
386841358721622016
386824100221845504
386822084695187456
386821676253863936
386820805675728896
386820159908106240
386817861366587392
386817270573727744
386816618996989952
386816444727848960
386518276043722752
386517744881238016
386517451502272512
386516592760475648
386508154366078976
386470630469931008
386470356376358912
386470091866796032
386466289432408064
386462580304535552
386454171823923201
386453830571139072
386453507295170560
386452239298342912
386452023723704320
386451893561884672
386451213518372864
386450292713488384
386410359730761728
386408394535743488
385842723473080320
385692606950572032
385157490213924864
385154181965029377
385150177549766657
385077460070854656
385076347644964864
385076241675870208
385022620380704768
384949949248864256
384949360381165568
384419523300163584
384419176271839232
384390887490732032
384347605029097472
384345458011033603
384345315459203072
384343197159550976
384342918590631936
384342723228364802
384341841669541888
384341420230049792
384341334037127168
384295239437254656
384294599705235456
384294515584290816
384294374836043776
384292711312150528
384289802457473024
384286694545326080
384272649125638144
384272167544041472
384272049617010688
383792295252078592
383791330457305088
383750407081984000
383749752627941376
383709648723116032
383708818347401216
383708590978400256
383659614103154688
383659548370022400
383639247145934849
383618993535610880
383604906684592128
383604667458285568
383604574298570752
383373997284790272
383350136585609217
383349917139615744
383331550534062080
383243898602409984
383231675167432705
383231534117171200
383211581150334976
383210940155842560
383210777123258368
382993016245743616
382992724523503616
382982121234915328
382964734477492224
382884057127727105
382620915227688960
382200603642187777
382197273725501441
382133206323326976
382093448016592896
381903093866434560
381901864935387136
381901768260849664
381819911443849216
381810872311898112
381810527582027776
381809999317843968
381809683654541312
381808920375078912
381801312507428864
381760613221158912
381342883619831808
381160644969762816
381138335231905792
381137923745538048
381111938614575104
381111587815567360
381081965510021120
381080750340448257
380655129361674240
380652401176625152
380652292292493312
380643779885424640
380331397539717120
380269508445077504
380258226346131456
380252883322953728
380252720135155712
380247582087577600
380091566695911424
380091163405221888
380087839201165312
380085383733968896
380075045537988608
380022840608976896
379722065232011265
379718590070796288
379697706199166976
379695083219877888
379630527415734272
379610744314417152
379595322701258752
379593690580152321
379593508631216129
379572609295605760
379559337888583680
379558913269837824
379544785885085696
379331678814355456
379330464974381056
379324944607223808
379312307966582784
379309986964602881
379309744244400128
379308903735242752
379308132784427008
379307552510861312
379306954222764032
379304404698267648
379303551715266560
379302117183602688
379300575256780800
379294112555749376
379293960499642368
379292884606156800
379292661267828736
379292479163727872
379291320365617152
379290682562985984
379289456777629696
379288813367205888
379288413096390656
379287951777484800
379287536008724480
379286214089900033
379285761734230016
379284843651403776
379284740379254784
379284150538498048
379284101351882753
379282967300145152
379281423351685120
379281157910982657
379280167983935488
379277297997852672
379276658894991360
379275231216803840
379260580953346049
378888200577892352
378864541456953344
378625145084329984
378591069795282944
378590726428577792
378589729425735680
378589687503675392
378589574412636160
378589501293355009
378586012353835008
378529957741596673
378462266632335361
378459964131393537
378457210189119488
378160808737669120
378065925750403072
377953947824451585
377948545409875968
377948161702387712
377913649819828224
377913312413220864
377913263805460480
377913203331977216
377572900909637632
377572112233664512
377571532933169152
377410172416974848
377200472089952257
377200047576068096
377199929539960832
377199673695797248
377199208794972160
377070642593812480
377038535041097728
376280961413304320
376277294060683264
376276201180246016
376275947135451136
376164354217213952
376161343608721408
376072419217113088
376072189008568322
376072087015669760
376071871814725632
376071555778113537
376067776341098496
376027241831886850
375946841407643648
375937490752131072
375891347552894976
375890254643073024
375889574436028416
375889526994251776
375670054182219776
375583527355813888
375583119904362496
375583099721371648
375582860654411776
375362049360281600
375361613211394048
375361324697804802
375221926706573312
375211816781377536
375211754902790144
375211438325129216
375161440715694080
374789706699251712
374635434980421632
374581785545703424
374581553252560897
374293205103435776
374282068496502784
374141384103440384
374091831006351360
374090661257281537
373930584420409344
373912069202259968
373910010289745920
373909486400180224
373907245853339648
373904729950400512
373903032062582784
373901490295173120
373889172924559360
373887181863268352
373887069632069632
373886198730981376
373883813371588608
373883692995076096
373881957601804288
373881754786201600
373880973584510976
373880801697751040
373880709964107776
373880054998372352
373878722157625344
373878585314263041
373836313885442048
373551742610583552
373551277353226240
373548841741864961
373548603929006080
373548565572091904
373515749094334464
373511598822129664
373510406679314432
373506631939919872
373489121672822784
373488383575986176
373482156930387968
373481440979460097
373479992505925632
373479737588744192
373479188818571264
373472993575702528
373378757807333376
373378344295071744
373210352177385472
373190449366052864
373122798161371136
373122612144005120
373121998248873984
373061472160473088
373061252622196737
373004176684744704
373003700656427008
372999190835908608
372998921326702592
372998161163624448
372997676750888960
372996980680962048
372735573221728256
372673472951894016
372371917220884481
372333113600659456
372332878279237632
372331591198310400
372331327431143424
372330553472987136
371993930088603648
371993885779951616
371993844772249601
371938492223602688
371937979117629440
371936763566387200
371935912718245888
371935178744410112
371932554083201024
371931685665112064
371931330168496128
371929799075565568
371929102963732480
371928833903296512
371928522887286784
371928190270599168
371927817619243009
371923072993206272
371922818021474304
371922073603809280
371773089295892480
371769842237706241
371763264864411648
371680348276813825
371673656583532544
371558441665716224
371415551035596800
371414805435146241
371413651800219648
371412951129145344
371412310931570688
371412017112154112
371411797724909568
371411552416858112
371410703657480192
371409516690411520
371404499350724609
371402185512603648
371401808817975296
371400830794366976
371400547104202752
371387745178238976
371381416103538688
371379601182031872
371377467313123328
371293811471028224
371293205826142208
368648443998126080
368647602981445632
368424987402981376
368406051999473664
368360943778291712
368151758755098624
368151568723771392
368151252188004352
368150075673182208
368149636470800384
368149421437243394
368148962215489536
368148730756599808
368147440073203712
368147105757802496
368143749274431488
368143608912048128
368143261392961536
368143166639443969
368141960865144832
368027694522695680
367999458971492352
367986323316936704
367986049277911040
367802068113043456
367782823950041088
367782244800532480
367781470993391616
367781037273006081
367776239010205696
367556873907875840
367556224998703104
367555710508609536
367555463321505792
367022964627492864
366684786854600706
366684629601763328
366683980344463361
366683254708912129
366592547772039172
366590962648092672
366589867242692609
366589418460553216
366588747694882818
366588159452131329
366587071751659521
366585931450421248
366582313561231360
366581667210600449
366510528480292866
366154801693724674
366151344094068736
366150902396096512
366147370607579136
366146488008585216
365987526491635712
365987192339828736
365986234264334336
365982283804585984
365981866781712384
365981587432673280
365981330997116929
365981254853730304
365981045566345219
365980813399048193
365980167119712256
365979468755513346
365978849751744512
365978830445363201
365978743770054657
365978710924468226
365978627269079043
365978476316082176
365978306740359168
365978104793010176
365977909128740869
365977690056032256
365956788765458432
365956459495817216
365956388620484610
365956272333402113
365843674099232771
365843395291262979
365816524453318659
365793242781982720
365792937122074625
365792817844850688
365792602538254336
365791876156096512
365787533965148161
365786680092934144
365784568793538560
365573834763546624
365121456662777859
365120493398933505
365117900434051072
365114114554609665
365052574342189057
365048150337519616
364744339097780224
364724703245500417
364724304241369088
364723554543079424
364721748039565312
364721541260394496
364721358799765505
364720215143092225
364719288357109761
364713857438060545
364712672475885571
364681474982682625
364527115754303488
364526693954125824
364526554543849472
364525207157243905
364525027536162816
364523500629164032
364522689983438848
364522354543968256
364521600689111042
364520716743741440
364520075946377216
364519718549733376
364519403289075712
364517796421836800
364517140524961793
364512679857512448
364511090291773440
364510834296619008
364510777086328832
364508891209805824
364442721093967872
364434847835504640
364402875566260224
364340134629486592
364339886377402368
364339598702706688
364339306531684353
364333971704152065
364333241979133952
364332904513409025
364332299074023424
364332139581419521
364331866154733569
364331453884411904
364329391657992192
364292954833158144
364287042542252032
364286364017504256
364286175827492864
363726672140701696
363723627025272832
363721442761777152
363721212696207360
363720579762749440
363643851611066368
363587734822457344
363306692747862020
363301509704192000
363051639961559041
363030317734440963
362918443395198977
362917256961200128
362905997188136960
362905310475718656
362904618893705216
362845733029806080
362706832134909952
362705673898823680
362695760078716928
362507162427207681
362505834175021057
362350387866501121
362349397784264704
362346448869801984
362346357782097920
362345449413296128
362339606257090560
362339300634918912
362337004551278592
362336677768863746
362336417403252737
362336334737707008
362232031775703041
362231459207057408
362217489016422403
362217252998758400
362134278173233152
361889938746261505
361889888586571777
361888349272813572
361547990101524480
361547400709541890
361547260598812672
361527852417560577
361441570639183873
361399773405790209
361269812950863872
361262869200896000
361262546898006017
361261708616024065
361261500201058304
361261200446730241
361259534393683968
361256997762498560
361256247833530368
361252728527265794
361250763504222208
361248577747554304
361192326476988416
361191292610416640
361190977689489408
361190752300175360
361190600856440832
361190060512653313
361189810309840899
361189509368524801
361189393819635712
361187928841531393
361187747723083776
361187612729425920
361187012813914112
361186584307048448
361139371010818048
361138845619728384
360754248364986370
360734419989962752
360733328338456577
360730356476948481
360728687089430529
360518080578846721
360517685206978560
360517123489009666
360516063701635072
360503485533388801
360503192024387585
360431314706497536
360428983768203265
360427864455254016
360386893612986368
360386628092567557
360382433868251138
360381429072396288
360348543610916864
360346718975430656
360346169043456001
360345896770211841
360344186395967488
360335764803944449
360154190686863360
360150172841422849
360149659588640771
360146988836204547
360129251502080002
360128815336398848
360128752874823680
360128631667818497
360128552257073155
360069136266711040
360031421152231426
358161669953814529
358161052321595393
358160207509069824
357620114809561090
357619843073196032
357619305439301632
357619179563655168
357618685910855680
357618326672900097
357618047470682112
357617542996566016
357614894771736576
357596796492595200
357596064263577602
357595779986235393
357595206129946624
357594711856394240
357594097160175616
357543144771952640
357514033273901056
357513934145720322
357513688418234370
357513100578127875
357447008421818369
357445672108163072
357242453897650176
357188321933393920
357170810852610049
357170637485260800
357155945161297920
356768853507837953
356737448518225920
356737277080252417
356736411103268865
356092247839735811
356088766269624321
355993088218501120
355990907352399872
355982074106220546
355621311457918976
355617565642461184
355449747672268801
355250463098155009
355249929230368769
355249439172079616
355248334107193345
355247747336638464
355243589070102529
355243271892639744
355242879846846464
355242741883617280
355242108526919680
355241770986119168
355240981911715840
355239237735563264
355238243043778561
355101950246797312
354912128697765890
354911918965800960
354911282937331712
354909040976990208
354907635918700545
354907325393416195
354238637879205888
354215948263231489
354214718224871424
354209792841105408
354209568236126208
354208606155055105
354208378182053888
354207665804685312
354206982674190336
354205962363609089
354205210069053440
353887679932411904
353885036820439040
353882788434419712
353881605812658179
353836721818963969
353831580965408769
353830868059553793
353830417503227904
353184744512569345
353182350487719936
353181942079963136
353181111603568640
353179999869734912
350298802965581824
350282888794734593
350281968644128770
350229040826818561
350228987538182145
350226470750265344
350224965158711297
349950006410747904
349946967377453056
349932471359504384
349929763374252032
349612998320590848
349567368017616899
349533492910096385
349533256040984576
349533159899144192
349532804704505856
349531669751013376
349531041163255809
349515614840303616
349515217681649666
349286366934351872
349285604514734081
349267472781807617
349267382428106753
349266997114175488
349265694296260608
349264604720926721
349264098057396225
349263438037532676
349262910926753794
349211439401144322
349065434546446336
349041059906613249
349040701029355520
349039984705159170
349019042352332800
349018621051297793
349017877959028736
349017259764748288
349015767649488896
349015415139225601
348920489906954240
348919835704582144
348221161383018496
348220114732212224
348218384699228160
348186744379817985
348185753081225217
348181930317058049
348151563526733824
348149163424370688
347787972692819968
347424588046688256
347388578902458368
347387214281449473
347385463692226560
347383467614556161
347375140981575680
347374129235763202
347355293568606210
347354650141405184
347300354200834048
347298213562286080
347298116640317441
347298063704006656
347294903107207169
347294303875391488
347292305146916865
347291441669742592
347290356745920512
347289896823709696
347288046137405440
346750647292538880
346748434579075072
346748204840259584
346745884186394624
346745619592908801
346745043987595264
346744393904046080
346742820536729601
346742532635512834
346595153915543552
346366336672346113
346365982136205312
346188970025181184
346188935489261568
346184034214367232
346183710116298753
345824484504264704
345604643583303681
345595541817802752
345540915911352322
345540802145038337
345540766279553025
344586013370351616
344585670263721984
344585217496993792
344584970305695745
343455771033485312
343455225404878848
343454827021488129
342298635377184768
342298369215057920
342298132811489280
342297854087413760
342297328419500032
342297040199491584
342296518075752448
342296025886777344
342010405641658368
341830824150327296
341830160007458816
341827856898326528
341827021858545664
341575670217990146
341570400725127168
341569742953394177
341565707089223680
341555584421728257
341554901261901824
341554794797875201
341554751307132928
341548528482545664
341546856758784000
341546355468161024
341545336441016320
341540767317241856
341535122354495488
341530312712527873
341529736314494976
340832076720922624
340573786673909761
340573592456687616
340568142550032385
340567721588699136
340566954253365248
340559309551329280
340558954809667584
340479707655045121
340112418116083714
340111831421034496
340110355026034689
340106593041526785
340106084289224705
340104051930849281
339765851286814721
339701587071086592
339645590206033921
339642107474083841
339504380644573184
339501921150828544
339501205313171456
339434103533359105
339335193724846080
338033973986992129
338033380954349570
337926023326875648
337608157171941376
337607521294499840
337607269996974081
337607053424091136
337606629623209984
336885134517227520
336600222983659520
336600010969976832
336599931441803264
336571007420731392
336560151509204992
336557394547048448
336210975848005632
336161679861751808
336159129242591232
336158766171054080
336158245121044483
336157205642498050
336156781820657664
336154529026408448
336153558875529216
336152561772032001
336147729170440192
336140818610003968
336115674831273985
336101047934255104
335896110969262080
335895736199806977
335762116697014272
335675992997765120
335675466113486848
335541388273938433
335502600743038978
335466509113626624
335372819774976001
334764110157852672
334687661057007617
334687076954021888
334592565749891072
334585253689704449
334584486304034816
334248544531775489
333977492622823424
333870584435978240
333713807320952833
333713650273640450
333713453527216129
333712734644490240
333712315037908993
333712105922519040
333540978625486851
333539502456979456
333539075514572801
333538167896543232
333534808657514496
333477697252626434
333477434777288704
333476400537407488
333371473748180992
333371301228052481
333370679112126464
333370283404689408
333355810031808512
333354855240450048
333354752312221697
333353641685680130
333353555513720832
333352816359911424
333352535962292224
333352275953217537
333345196299403264
333344939800928256
333338612877885440
333327590930661376
333327070883090432
333326916176211968
333325812201816064
333325749618610177
333325593208827907
333325430947995649
333315127636025344
333314823095975936
333243918932119552
333243665537437699
333120725584068608
333000154183524353
332995122646093826
332994911597117440
332994581203390464
332994401787838464
332983082829365249
332980534751928322
332980379894046722
332964107592536065
332959934557872129
332959278816190464
332934202234384385
332934104947507201
332933888009711616
332932655077273600
332932509933379584
332917976506445824
332847718080856064
332846813226868736
332805472665092096
332804797193412608
332804262277046272
332401727452090368
332269659032276993
332269448796975104
332262006394597376
332259942008504321
332175804417056768
332119234350026752
332081354340696065
332081100463685633
332071417682214912
332046249987547136
332045531113193472
332045282315472896
332045058603884544
331533098091163649
331448691997155328
331187234432770048
331182201209229312
331181390043435009
331181138473254912
331180717151223808
331180217987121153
331013186323099648
330810538902818816
330808657589714945
330601270245203969
330487330483871744
330486364162387968
330486129189085184
330482744922632193
330482205925179392
330481928279031808
330481298458157058
330479779998466048
330478420645515264
330477268419878914
330475476768391168
330390650233184257
330390151886950400
330389870348472321
330389095421448194
330388650531618816
330387880922996738
330240293280555008
329999401756016641
329968682035982337
329956108007514112
329923969861951488
329921038949445634
329919164003270656
329918807063805952
329876142964215809
329874924065923073
329874550256967680
329874241359073280
329872162603270144
329705794914353153
329544599683080193
329511600493043713
329349257268178944
329254898736693248
329254746655428610
329254338566434818
329252532293599232
329251454386860033
329247740523601923
329235177719095296
329230963206942720
329157394120720384
329157345475174401
328844112067444736
328486155676958721
328483947916967936
328464970134216707
328290443311845376
328289741692878850
328287150598656000
328286366733594624
328285572173029377
328283177376423937
328282304176869377
328269665157652481
328266850502836225
328205884339671042
328204552765579266
328202092747575296
328199959184805889
327907823700815872
327891288257085444
327891054353338368
327883519181332483
327883436176056320
327877857101619201
327809868885004289
327764783208214528
327725896557527040
327425552917078016
327419346739671040
327336439635382272
327316084422225920
327315855010566144
327072315659653122
327072207211745281
327043659612708864
327043156191358977
327039604215652352
327038791896428544
327036919663960064
327036647474618368
327029656136073216
327012748770820096
327012236805689344
327005887883517954
326833553084121088
326833008206307329
326829601122820096
326829044173774848
326792480882294785
326792300430761985
326792091445374976
326676135796670464
326671268604686337
326615320456462336
326615079871188992
326614889298812928
326612674832105472
326612462235422720
326611980666413056
326466196532776960
326462148232491010
326461947233054721
326461446303125506
326460945012514817
326301691748159488
326297016764346368
326296359525306368
326295772465332224
326295028978827264
326294863765188608
326294024635949056
326071500031528962
325899968105824257
324805358654717953
324805129054343168
324804989576953856
324638828864356353
324632971413950466
324632779881082881
324560172641030147
324458450128097280
324457667051540481
324457182898839552
323844965694324736
323715783819685888
323442684754817024
323222217708158976
323201600124493825
323201041317388288
323122586118680577
323085588788031488
323034373395992577
323033657243734016
323027990743220225
323017286267072512
323017048408064000
323015881766621185
323015497975201792
323014782036889600
322979668712095745
322978841968648192
322972532217094144
322963936947343360
322864361486049280
322863067799101440
322862942309736448
322862383037050880
322861411220996097
322860924090339328
322860087884513281
322859298810126339
322858787230851072
322858153307930624
322857881500262401
322856313023500288
322856229925969923
322854701647417346
322854407890952192
322854018806337536
322853682171478016
322850981949865984
322850247191703552
322850010389688321
322847606420164608
322847111269990401
322846791856975872
322845896243040258
322845134590992385
322818302088994816
322785748824772608
322763605697245184
322760208214552578
322701092792188928
322700203356479488
322699867023618048
322699394883416064
322688963557076992
322687096420724736
322686502373031937
322685951111487488
322682366705426432
322680145792081922
322658070910103552
322657835399909377
322657297102929920
322656976033177601
322656615335591936
322625818490716161
322625698240012289
322624470131036161
322623630750134272
322483677726654464
322479359795552257
322479283664736256
322478664795185152
322474887404982272
322474747667554305
322471180290371586
322471061776130049
322469722333515776
322463539950403584
322463397201453056
322460222893473793
322459765118754817
322459375555993600
322454402852069376
322453498056826880
322453011676946433
322447634671480833
322445204646928385
322443942081748993
322380354658902016
322347623598133249
322246451721797632
322119112916627456
321970989451853824
321598173560856577
321596831186448384
321596254318632960
321595034354991104
321576861257850882
320646582330605568
320645896364756992
320632223797751808
320566749005234177
320551890758795264
320490320653602817
320313798890250241
320306479682957313
320305845411905536
320304673926025216
320238608583892992
320238351695351808
320237631340429313
320237292889448448
320237148286623744
320221323714502656
320221028263538690
320220430873006081
320202643819597824
320201303517171712
320198593959043072
320192920638590976
320192487727693824
320192183636459522
320166037653975040
320113657277198336
320113483192606720
320111996441862144
320109237856501760
320108203348221952
320107853727817729
320089090706001920
320088089190076417
320087577623404544
319951635189202945
319949319375572992
319948923575873537
319948804306640896
319948608411688960
319947855307624448
319946033075470337
319945882772582400
319945503318102016
319945040141099008
319944641959063552
319944348148056064
319944153922420736
319943375929368578
319943201584717825
319942212383281153
319941274276868096
319941037684568064
319940797279649793
319938938892599297
319938323135201280
319937959145111552
319937161438851072
319936577075818496
319936284338581504
319936139156914176
319935235406053377
319934509489459200
319934304337661952
319934009859796993
319933727226593281
319933526210408448
319933097300869122
319932292527169538
319915267662704644
319904568802701313
319902028551843840
319897247099781120
319801315951788032
319797876819648512
319796207599906816
319795698142941184
319795641440165888
319793161008459776
319791480623468544
319790928787275776
319789199958110209
319788596158672896
319778112990760960
319777763877859328
319730789824745473
319730761655808002
319227842229575682
319039572124246016
318711005020573697
318518381898768385
318507172793311233
318506479546150912
318504038259908611
318503792561774592
318503524600250368
318503257548926976
318502705041666048
318499698933628928
318453279237496832
318451928424140800
318450589442904064
318450161032499200
318448771883204609
318447256011427840
318117206602940417
317977647512686592
317785630769823744
317778432664674304
317758716600545282
317755382363738113
317730428322734080
317620007741833217
317349246032564224
317286587786489857
317213949101735936
317213302587539456
317204742902276096
317201295326998528
317200563362222080
317199023587090432
317197355860516864
316944511190323200
316908160814284800
316903659696967682
316903053204787200
316902727219286017
316701400266596353
316683719597514753
316682374127710208
316668802957979648
316668633793314817
316666312371892225
316664952897277952
316664327656574977
316663994154881025
316661704983465985
316661362162028544
316659924509798402
316659502533443584
316659092452175874
316658804873887745
316658341474619393
316658186809659392
316654580710649856
316650348339134464
316648893171499008
316525611575300096
316472278076518400
316307203277590528
316293954293342208
316262390335430658
316257169815265280
316232322980663296
316119413512343552
316119125279776768
315939367237611520
315875766774661120
315826609426931714
315825744653713408
315825282663727106
315824677958324225
315415093783445504
315414834785161218
315405350574620672
315405194701721600
315240598238031872
315239671024197632
315232665215324160
315231857002283009
315231233992966145
315221140102594560
315220776284454912
315215102884335616
315208748274704386
315208469907111936
315208194953711616
315208003630559232
315049408393801728
315046242969346049
315044819934261248
314816788783325185
314816433672560640
314810072695971842
314807428946477058
314806208248819712
314805132783124480
314788344162836480
314686505132097537
314665628223012864
314637996282494976
314637722667057152
314637585244901376
314526561724420096
314526530732707841
314525282591731712
314361107403898881
314332412932943872
314332246121263104
314331381738127360
314331223608672258
314330547906306049
314093247934918657
314017014479994882
313798278372290560
313784738919878657
313783412567715840
313764229456990208
313760048159522816
313708959733260288
313708847531433985
313708750152286208
313697745749823488
313692684231536640
313684406600617987
313677593423532032
313665941579890688
313665677246476288
313664803287744513
313617198398730242
313425664495738881
313420158481862656
313380258445418496
313343228734754817
313342598628659200
313341783516012544
313341179120984064
313327277893091329
313326619378991105
313326374381289472
313325510337908737
313325039346925569
313324656813830144
313323165390630912
313319321495564289
313318541753450496
313314639754694658
313314396963217408
313313720476504064
313311904552591360
313311273280487425
313310803107401731
313308505601888258
313306683445223424
313302408698679299
313300609505845249
313293089991180288
313279962310402048
313274001684312065
313272244501622784
313271913147420672
313258206388436992
313257760265474051
313247073887719424
313240276950974464
313238423127326720
313237791062499329
313237591967293440
313236692632993793
313236158345785344
313004993286389761
313004214890659841
312881100471017472
312880863341842432
312880728734060544
312880370007801857
312839638882586624
312640899127574530
312603949670735873
312603489207476224
312602305792974848
312601083795091456
312522245857742848
312521746290970624
312344173082705920
312343560022282240
312342773036634112
312342238250295296
312341609150808064
312244870926446592
311918030970048513
311819596804014080
311808807598706688
311808602925056001
311806097876987904
311797202882277376
311780688259063808
311752342007586816
311751528815923200
311606669585047552
311605100550430720
311605059492409344
311604310742032384
311602753766055936
311600567136952321
311599603369791488
311599177329168384
311598062709637121
311596309465427968
311595522211328001
311595113551900672
311594770122297345
311593994872320000
311593288039800832
311554386423840768
311553643876851712
311472917709996032
311419296502915073
311418595307581440
311418165269757953
311417579308724224
311417133957541888
311416790058151937
311416525716340736
311416206068432896
311415655259848704
311414788146200576
311414219000135681
311412834733019136
310854307119505408
310850371809603585
310847818413776897
310841275425374208
310839765035528193
310839668520386560
310838174920347648
310837716227076096
310836111012409344
310833791277101059
310832699894005760
310831135104049153
310829910874783744
310829186954715136
310828422463123457
310826357355585536
310826009144471554
310824541406523393
310823627442499584
310822835683745793
310821309447823361
310818364463390720
310814590919376896
310812803999088640
310812611853840385
310812201084657664
310811436471431168
310811016197971968
310804338551451648
310499040901099521
310497664259211264
310495071013310464
310491539124125697
310491463991566336
310490678293581824
310486757588217857
310486205915611137
310401582158188546
310398146889011201
310398102790094848
310379793252225024
310379311326691328
310369750876303361
310332388016267264
310331978249543680
310329524497833984
310329440733380608
310328819288514561
310328295868731392
310328200263782400
310165415907176450
310149725766705152
310126623557029888
310126569274368001
310062759054282752
310021492635226112
310021253710893056
309984296058368001
309981356857905154
309980565669572609
309628339218436096
309313966188945408
309268167207813121
309247312302063616
308703595631632384
308703543882305536
308665756051189760
308497691384619008
308482316542562304
308331882888695808
308331609696907264
308329509818626048
308328766701191168
308328669233942529
308328070731927552
308228232363261952
308193612158627842
308192599909490688
308192047234433024
308190903946866688
308190659444084736
308189147087138816
308188110800433153
308187859934928897
308186894360002561
308186298609463296
308186030182387712
308185653840068608
308185458620379136
308184236979019777
308183855020531713
308183065765756929
308182136899383296
308180954713821184
308180364134846465
308179940187205632
308179773119676416
308178247961698304
308177795413061632
308042975060049920
308042604795281408
307865687882358784
307865387440168962
307864478798716928
307864029324521472
307864006893395969
307863244968714241
307863091796918272
307863011358547968
307860992669396992
307860351469375489
307627489923063809
307615869842898944
307604879650738176
307603796186525696
307557243400892416
307557110890237952
307511721621327874
307510934870573057
307211758374883328
307211559938162688
307184967614599168
307184668590088192
307146922978840576
307146649791262720
307145850222702592
307144460746256384
307143658996637697
307141134482821122
307140567463239680
307139328545529857
306919264080764928
306917490838077441
306915988660703232
306915950542872576
306915853692194816
306821007753236481
306814419525054464
306812388517240832
306718230171492352
306713789049487361
306713203751153664
306712941921710080
306709042980601856
306540697664753664
306513891561725953
306513184326557696
306404108305313793
306356010182909952
306175548298756096
306038350404542466
306033134552621057
306031890811478018
305984402805125120
305395924392370176
305395163650486272
305047888151584768
305043058670567424
305042578917711873
305042216756342784
305042075336974338
305040903255511040
305040348579782656
305039967195914242
305038996726235137
304915902330183680
304914478959583232
304913551074664448
304721039793987584
304711336359784448
304697143808102400
304696177230753792
304647100963094529
304532562917863424
304532508677115904
304532315634270208
304532107894611968
304376346568716289
303985363687444480
303984195385040896
303983876500516864
303983040198234112
303979812492562433
303979578874003456
303977452932321280
303973411321954305
303936499441860608
303936349671653376
303935929901539328
303935265431511040
303934935713067008
303934218759720960
303933980112203777
303933313066889217
303891992155414528
303891370626662400
303639694095298560
303566576874037249
303566420103528449
303565537903013889
303454032054341632
303450306883227648
303450155099770880
303448862167805954
303447897641459712
303446879079911425
303198688216502272
303118984520298496
302926782221398017
302922637955432448
302920895616405504
302917973696446464
302917676475506688
302917251328262144
302916829679083524
302859180346314753
302765200187203584
302481868769591296
302481489759707136
302480849289490432
302480253392146434
302479887703371776
302479496693567488
302479135048097792
302479004009652224
302478616988643328
302478079475974144
302477637115342849
302476437158510592
302476044282257408
302434086696398850
302432813800628224
302040029126074369
302038481146880000
301803972744855553
301797745612709888
301788307338166272
301759403978268672
301758911193698306
301704428963110912
301703904293445633
301703742254899200
301702803812933632
301702238819192832
301702011727003648
301701275957997569
301700895735959552
301700833068843008
301700715150184448
301700090542821376
301699963304423424
301345688527187968
300733861942407168
300733668400435202
300731233841840129
300731031894519808
300730317713584128
300730185408446466
300729751012777984
300729660164149248
300729036420833281
300728796439519232
300726190568771584
300725428023332865
300725244472197120
300637689538031619
300637449565118464
300637150582562816
300636395595239424
300635708643741696
300410147975610368
300400790445621249
299900469864701952
299865063819448320
299864871997169665
299670205708263424
299563617731375104
299558155388612608
299554634320711681
299501112921309185
299101705918885888
298913290405433344
298911642278846465
298862011780050944
298849156846452737
298752310123823105
298751969269514240
298557182167883777
298535425230905344
298406328571936768
298396604057153538
298396455083851776
298137186837086208
298136534228541441
298136111719522305
298135709993295874
298134900689752064
298130480849641473
298130134786007040
298129960462327808
298126479684952064
298126043879993349
298123970442588160
298054924967755776
298054794520698880
298054663159283712
298054258564161536
298054062593695745
298053366561521664
298052489914220546
298052290244395011
298051616718848000
298051481125392384
297745136249618433
297410240423546880
297090983005396993
296954617672110081
296941847023063040
296902600639537153
296888299556065280
296735362099847169
296574694054825984
296573585219264512
296572208774524928
296571290465206272
296570840844214272
296570585176236032
295924161111547904
295607762954620929
295538425791131649
295538136707129346
295512156412182532
295511531679010817
295499146092232704
295480551786311680
295289318229032961
295265315623944193
295264618723540992
295263152122249217
295262166452432898
295260835612356608
295259875699736577
295259323704160256
295258513997963264
295257859887865858
295257041151336450
295230829435691008
295205584683290624
295204029951250432
295202724474126337
295165727843946497
295143904251109376
295139647565201408
295133516465860608
295132071247085568
295128883995492352
295128429311967232
295128403957383169
295126702244380673
295126529988497408
295126266280046592
295126026692993024
295125894501113857
294816509497323521
294811040686952448
294810566109851651
294756372300587008
294748867684093953
294744181660864512
294742842742566912
294613306717663233
294613007911239680
294612188423913472
294610561033965568
294609846458806272
294609708860469248
294608727779184641
294607819917889536
294607448067690497
294431321915281408
294430860151762944
294389282293030912
294199504708722688
294198641814536192
294158379960651777
294032310511210496
294006373790920704
293988212102266880
293986019458572288
293985166194520064
293984757556080642
293984544074383360
293984257561481216
293983545616109568
293983440670453760
293983054920286208
293982921814056962
293858826451550211
293858612852432896
293857574548295680
293857227243155456
293857063799517185
293856024413237250
293769756543172608
293769152437555200
293690992446537730
293690813823717376
293626095310348289
293309198975004672
293281767895478273
293281576408723457
292905612692557824
292624412593770496
292623720370024449
292622666882486272
292622034163335168
292621692004605953
292620612222980096
292620044670754816
292619579207843840
292618683426144257
292612543439052802
292611697804447745
292610518097747969
292609625595981824
292608499983200256
292608137578557441
292607752587603968
292606921691762688
291712795907612673
291711624342032386
291463348468461568
291138644482326528
291138184543346688
291137671538040832
291126349219909632
291125333862801410
290971851809759232
290762247255498752
290760233461104640
290487383575638016
290384864367239169
290313485332664320
290312632081199104
290307084703129600
290306012949389312
289483479152996352
289483117792735232
289483052340609024
289480822866731011
289020996474769408
289020642584571905
289020340183629825
289020055956627456
289019804860432385
289016516098277378
289016092695863296
289010184376942592
288993162918232064
288992877508427776
288989005595422720
288988732667854848
288988182698151936
288986706290565120
288753099076669441
288751616088219650
288751472471052288
288747345535987714
288740810676133888
288589369886003200
288589197806272513
288588755470778369
288588525329338368
288302434491699201
288293350518439936
288287228592001024
288287019736633344
288286483444539393
288285371391963136
288281421775241219
288280504636145665
288280094022176770
288278662674018304
288278215724781568
287281862425063425
287201420975943680
287200827058311169
287186686193070081
287173669921378304
286985330689708032
286984841591939072
286870817445388290
286869439440363520
286817455966408704
285819151648432128
285817339780423681
285816114297049090
285815760385884160
285815560502128640
285815314736889857
285801043693027328
285799351639498752
285798842111246337
285798480532893696
285798229281472513
285786986869051392
285786947195109379
285783274637373441
285741969026727936
285737549949968385
285737024034574336
285736782681739266
285736647260246016
285736293101625344
285735593865003008
285735430245191680
285735008558260224
285734442050400256
285731280350494721
285539935769993216
285513006291509248
285132945306566656
285016661591982080
285016289406230529
285015529977151488
285014597004562432
284949677487579136
284948955123548161
284714251346669568
284434128219303937
284433115458437120
284294008338014208
284292370843967488
283258784086908928
283178680237293568
282999230140907520
282975775605522432
282973282062438400
282972171805024256
282970249714880512
282807169466916864
282805709383557120
282420843756285952
282420305811619840
282420015955841025
282419939191693312
282419812561469440
282418152640507904
282418008054456320
282417950240161792
282417628591570944
282417397137293312
282417337712398338
282416423412826112
282416395524907010
282416181137248256
282416065915531264
282416039558524929
282415939893473280
282415889134002177
282415759735533568
282414818042990592
282414540518473728
282414282677841920
282409038090743808
282253825816014849
282253372566937600
282232434064502785
282164174434471936
282084354715443200
282075932909527040
281805551233556480
281391292884336641
281166933708128256
281166549287583744
281166323818573824
281079856299651076
280980327927783425
280977587910615040
280811985891913729
280789710954188800
280788761082724353
280750548683194370
280698565200863232
280459847764439040
280447713642938369
280260117549707264
280259760924786688
280259238218051584
280259003504795648
280095629877837824
280094837087301633
280094673501044738
280093255465594881
280091816815108096
280091192098709505
280090319620542465
280076130332053505
280037635035107328
279955998339375104
279919997978042368
279919506422394880
279919011641303040
279874324188504064
279696723159420929
279603502429380609
279321195101446144
279227682582048769
279070798306746368
278973475341889537
278973149515743233
278954977362337792
278947936166084608
278926159402655744
278924242861568000
278908967646818304
278887913163485184
278886736694759424
278886465222627328
278885518245236737
278885271540477952
278864539821424640
278864301404602370
278854064106782720
278552303366205440
278552022301671424
278550867332964352
278544159973990400
278525961513865216
278493189915176960
278490648636715008
278487900855877632
278487298021134337
278484464752029696
278481706175045633
278461163870748673
278434817740263424
278434398989328384
278433586401669120
278426609927741440
278426512930263040
278425617349894144
278425047717253120
278424792514834432
278255164673114112
278138834124959744
277781270094827520
277780574100414464
277758680030670848
277758572530634752
277220103442030592
277200202794946560
277199751798202368
277198688194007042
277188780740452353
277187882429599744
277184897498611712
276988159907217408
276806860076642304
276806763712499713
276793224947978240
276760460852867073
276701495871819777
276701427391422464
276471077801181184
276468908368728064
276467074946170880
276461290376003584
276460978797965312
276459753289445378
276455913756450816
276455699465261057
276455614522224640
276441272124833792
276440137989226496
276433408916353025
276433052614422529
276308390383321088
276300837565906945
276296227031769088
276296049298141184
276274701469372417
275956935868694528
275956466433806337
275924008728412160
275923069393051648
275799219472842752
275647982303588352
275647335890026496
275645451536048128
275644995040587777
275541642507853824
275541399124992001
275371656770383872
275371621139771392
275352399403679744
275348471073099776
275346286314680321
275325125212119040
275313548995993600
275313496378445824
275306774683328512
275293286523092992
275287347157934081
275286039940198400
275222807573577728
275217855191056384
275195903931981824
274981768837337088
274981396001468416
274674865557094401
274674637047209984
274672741360226305
274672618475507712
274657185831739392
274656174501134336
274656124953833472
274640614379900929
274507103685718016
274506905748140033
274284174851051521
274280950240800768
274279941523271681
274279360704430081
274203868911525889
274076702118928384
274076331736715264
274076275222659072
274076156054097921
274075289510871040
274075156421419008
274074844436525056
274069320798183425
273957531238408192
273957376300834816
273956592179888129
273956446406852609
273737240553865216
273372975170985985
273363018946060288
273355204668297216
273354672054603776
273029836367331328
273028343333548032
273028259237752832
273022945302044672
272696918868635648
272493919839870977
272457649893830657
272456830926594048
272456108055068672
272454321516466177
272452485006888960
272452011256074240
272451640777379841
272451358400053248
272450988810584066
272450147751960576
272449070369488899
272448888143749120
272448645067046912
272448181848133632
272447653898510337
272447494363955200
272446110205878272
272316563015757824
272316353665462272
272303949527277568
272303581904916480
272285169942147072
272284608161263616
272284254308794368
272283876146176002
272249876484612096
272113794887589888
272113693070856193
272113383065677824
272106560946319361
272104767927500801
272098142864936962
271987531141230592
271897631205244929
271892127762497536
271891751508250624
271891601826144256
271890935674191872
271890254871556096
271889927439020032
271889197961449472
271882826658484224
271882186423152641
271774582866837504
271596009887522816
271414227250577408
271414106748248065
271392760240697344
271308662532886528
271203610153590784
271202663528538112
270921377295507456
270879678229794816
270879336364662784
270858300680200192
270847583453319169
270847181102145538
270846886829760512
270846307852247041
270525393784668160
270268060550701056
270265881035145218
270169505135730688
270168165214994432
270162252391383041
270161665956397057
270160356846993408
270158171467812864
270154438696660992
269984370960519168
269983794214367232
269969090146340864
269968970558365696
269968540851916801
269968223796072449
269967505353740290
269848734022647808
269757048223313921
269756714545451009
269756265528438786
269748241887789056
269747931207327744
269571358361518081
269558956437942272
269538508752973824
269472684969172993
269471182900842496
269364434202398720
269357736419028992
269355852010491904
268880337126424576
268870613244977152
268840823834169344
268840774861467648
268840339647889410
268765332011888640
268711656677339136
268502485818277888
268501658441486336
268500854255017984
268500716480520192
268500288585998337
268499745167798273
268499323686371328
268497889280532480
268496324104695808
268495753465454592
268495497134739459
268495380726050817
268494852382150658
268493597622558721
268493413358383104
267983527050637312
267983342681591809
267982331690749952
267755554582171648
267755334662234112
267737159346302977
267717611549253632
267688206139543552
267687994893414401
267389378307952640
267388861150281728
267386126900264960
267385763308646400
267230380954898433
267228938277888001
267227930646687744
267227811486511106
267227559677292544
267226723228217345
267225806743416832
266808521813803008
266808432974262272
266807542536081408
266700473262809088
266700119813017600
266697305409863680
266697181292032001
266696321027674112
266681930987220992
266679796493320192
266679676733358080
266679086183755776
266678827470700545
266677717091622914
266677180241694721
266518805059104768
266475558601388032
266474915769757696
266331698747305984
266331576349110273
266331539325988865
266125705002225664
266125448189206528
266112576851673088
266112282147291136
266111701831794688
265887481419923456
265883672723464192
265811478848864256
265467410981728256
265440986648416257
265435522896388100
265434714633019392
264907679489720320
264499856452771840
264495564459233281
264494960693366784
264494450183663616
264490846718664704
264490569861050369
264488443348934656
264461406680801280
264457548269244417
264456675359088643
264455743221149696
264453252618260482
264453086137942017
264452534054309888
264452182617763840
264451735668535296
264451597470420992
264451266321719297
264450518770921472
264449937574608896
264319547513901056
264318972957179904
264318692215648256
264112789545684992
264058826158903296
264056183869030402
263974625896181761
263973563911004160
263972215584849920
263934345725747200
263785117066076160
263783944946864129
263780010878443520
263779210320048129
263776648787283970
263776116026793984
263775836451262464
263775394057052160
263775111381921793
263774412703137792
263773993239203841
263772522481332224
263771040407240704
263770762148720641
263770740145414144
263770524373622786
263770052870930433
263769868418023425
263769520689270785
263637036664242177
263618692208812033
263365961925681153
263365703837569024
263342201101230081
263330068556820480
263329082568224769
263327231693168640
263327023093649409
263326765756317697
263324764419022848
263323376666439680
263322640155037697
263322479550939137
263321508951244800
263265987464417281
263265282192183296
262525166767198208
262521880420962304
262217811269660672
262206396500680704
262183345369276416
262183206571364352
262182353802252288
262179292585283584
262178349512806402
262177256376512513
262172294259023873
262168660083367936
262166677637181440
262165876147642368
261936763562520576
261936420963364864
261805013335150593
261799875077881857
261794200809521152
261793790610792448
261790998127071234
261790667095830528
261789787403472896
261452031250796544
261433951447560192
261433734794993665
261066189021790208
261065587789279232
261065321237078018
261064712719060992
261063446320267264
261063182322384897
261062761797259264
261062528220676096
261061878116130816
261061125486043136
261060615290892288
260769558351187968
260367352472956928
260341453279072256
260306126996922368
260305674037252097
260300261984182272
260299835264098305
260154436247228416
260153098268463105
260150184082817024
260140623879884800
260120903860494337
260117119109300225
260095049495363585
259627841682038784
259598468065140736
259598115814920192
259597005620387840
259593527015641088
259586395029512193
259309229779865600
259208570246160385
259044501518172160
259044070821855232
259040965740883968
258913204783177730
258912501675216896
258911803982110720
258911697245437954
258866461773291521
258866010508111872
258683582313279488
258682952718901250
258682617849856000
258540838982934528
258540675702857728
258540321670053889
258536061867806721
258533942301425664
258532657082798080
258532338609315840
257907621003132928
257195522157330432
257192628532162561
257189234287464448
257164886784757760
257140993449676802
257140878370566146
257121720048177152
257110157027311616
257105031659151360
257100615023476736
257097116214767616
257093507167170560
257089403007152128
257076417332908032
257075176687157248
257069709726474240
257067096314359808
256876563696590848
256876147713912832
256854512726315010
256852522386456577
256792313748140033
256730534200352768
256700438345306112
256537482064175104
256536406099382274
256518891260506112
256518551521853440
256518394663292928
256508656324055040
256508549088284673
256507433839628290
256464797195960320
256464666908299266
256464329875013632
256464044414881794
256463884213424128
256463372726448129
256462675188523008
256462370354913280
256462232966266880
256182175010004992
256179636034215936
256179255011069953
256173739903967232
256172490383056896
256171571146784769
256170138968154112
256169874534051840
256168111504510977
256167389044039680
256167206130446336
256167026626818048
256166427558555649
256165852683067392
256156757670371328
256156083863814144
256156020936695810
256155840615174144
256155675405733888
256130589688741889
256130237006479362
256015291463630849
256011886947090434
255948053209563136
255947529819131905
255613961754509312
255613702445862912
255613652441391104
255613497554124800
255396407463256064
255396250659209216
255341037931859968
255340906784374785
255340655457480704
255340565191852033
255340262354735104
255245447260692481
255239209344966656
255126352401924097
255126133555732481
254929510208770048
254923044471066624
254920419478495232
254919636645212160
254919410261827585
254918725139038208
254915581847932930
254915390960971776
254914880660967425
254914529501274112
254899341666422784
254895867897733120
254895469761810432
254894946702721025
254894775898103809
254894334481166336
254886335033249792
254885520155484160
254885086477053952
254884758188855296
254882225722626048
254881424665096192
254860283854610432
254709547351035904
254708936173834241
254707053791154178
254700173719121920
254696087913373696
254695475666640897
254694394085650432
254694298417770497
254692051688497154
254691814035054592
254691666345205760
254687539670171649
254686197144748032
254685962045644800
254685700933435393
254684535768379392
254682994504261632
254682496468385792
254681513763954688
254679788885786625
254677900492693504
254674257693532160
254674041242259457
254673320706965504
254620849796153345
254607731435114497
254590755031613441
254576765421359104
254576103748947968
254554030137831424
254353125962567680
254352776119869440
254349532693950464
254315849953984513
254315625298685952
254315348076146688
254241660781879297
254237903536914433
254220697780510720
254209861838049280
253979304252301312
253979159183892481
253971998886203392
253969267677069312
253814545838141440
253796134059925505
253795941088391168
253795867205722112
253795550204416000
253530642200018944
253530587405635585
253445122170183681
253428059372392448
253427964727947264
253426113471213568
253425800500621312
253401848806002688
253268001778962432
253267306573082624
253266197343256576
253237107382947840
253234839745085440
253214750031360001
253204611903651841
253196044169519107
253113771093012480
253106008329703424
253105181456220160
253069630703276033
253069453116461057
253066602113818624
253065007728840704
253044544671727616
252792058996199424
252736559802097664
252670934257913856
252670632632930306
252670290549686272
252540406653386752
252539312107827201
252100321843752960
251956777971773440
251788558170464257
251710061678829568
251709611848114176
251708900372512768
251354585967521792
251354435366842370
251080153155903491
251080043210629120
250896967398473728
250731880666787841
250722229858480128
250582569601601536
250562525224128512
250562485097230336
250561639617814529
250296648335495168
250268018972700672
250267434177679360
250267095827365888
250266737394712577
250227732733120512
250227567683051521
250227052479909889
249996582194380800
249963439252971522
249962628791816195
249912653034684417
249900076107972608
249861077624578050
249860055804047360
249858099576446978
249857549908713472
249857254159958017
249820954878939137
249817298116943872
249816257988288512
249815646760759297
249814257171062784
249807269108269056
249645267878555648
249606466338709505
249585456579223554
249581387282255872
249580562812121090
249571231395901440
249555861788323841
249550931362983936
249490755926753281
249487652150185984
249442147714076672
249441822227701760
249323442418110465
249322809162092544
249316996074852352
249316824506851329
249314473670762496
249313745870917632
249313265656672256
249312135438536704
249310471621062656
249306630301302784
249286672309686272
249275785175777280
249263715252334592
249252130752434176
249215373910618113
249213795191377920
249213562466205696
249212953725894656
249212521280573440
249212441177780224
249212151942746113
249211878742568960
249211657967001602
249211512881815554
249156424712728577
249156284098703360
249156106054684674
249155744535044096
249154433643081728
249153748235071491
249152845230792706
249152329155231745
249151091927834624
249149284447027200
249149083103678465
249077467795562496
249076993415593984
249076788658057216
248844281228443649
248843324277022720
248834216824016897
248833925458313216
248833431771938817
248833303296217089
248832991613317120
248832146079375360
248831663285600256
248712026208231426
248711674259976192
248396976700420096
248396582544875520
248396333269016576
248396083221389312
248395749941989376
248394207734165504
248393949692190720
248393365035560961
248392975179190272
248392352899670017
248374156817743872
248366081507471360
248354643539800064
248353594900881408
248353361605312512
248352876206891008
248352004454371328
248351034022428673
248350551291600896
248184960513605632
248181942988713984
248174911829471232
248174164521938944
248173347643473920
248173034614181889
248172876019163137
248172221850320896
248171292019269632
248171013693648897
248168721405865985
248168043270774784
248164332666503173
248163443125936129
248158385311191040
248091333347115008
248089262812180480
248088351280861184
248075951332786177
248022169362243584
248021800636776448
247995611184508928
247985225693556736
247984986454634496
247984844385181696
247818302523576320
247817639051800576
247817247198949376
247815851015811072
247811882726072320
247810801518399488
247810495975927809
247809218139287552
247807113169084416
247806604374863872
247805273543176192
247801126789984256
247800640972156928
247788630767194112
247788363392884736
247438930276921344
247316614893162496
247316412257931264
246907915066290176
246907374101745664
246907065266741249
246731180152594432
246663617502642176
246662839379562496
246662066495188992
246661809451462656
246661740111204352
246660723772641281
246638089949302784
246391943934914560
246207935213096961
246201610550788096
246201319948447744
246200420203114496
246192548392095744
246076785597485056
246076638473887744
245820076459171840
245460747197485056
245460599746732033
245454105852669952
245453916307849216
245453546059882496
245450609204023296
245441841841971201
