397594762934767616
397531264187891712
397484865387380736
394904538215616512
394903403622834176
394805176386998272
394631389888671744
394619148145557504
394572923920744448
394572861513691136
394571732197343232
394435988287942656
394200879408365569
394200633278226433
394093129676378112
394092180979335168
394089078544945152
394088161347108864
394046988230356992
393818471446085632
393817057894359041
393707560655921152
393507934891945984
393458575965978624
392405728092512256
392405224289501184
392405114461650944
392034808638885888
391626208238391296
390988567339880448
390981181292150784
390980838701420544
390980489542393856
390976679130439680
390975780458881024
390973395497922560
390973203356872704
390972991016017920
390972309022187521
390783944766914560
390614109416214528
390609265582276608
390605683260784640
390603943824224256
390603858574979072
390603113398140928
390602865531568128
390602151832993792
390601747858608128
390601174899912704
390599918844260352
390599616204242945
390597462215237632
390596215961706496
390594619773169664
390594368689561600
390594053349208064
390592842013220864
390592678477312000
390592333638410240
390591933854150656
390591031516749824
390590194035863552
390589415308804096
390589054145662976
390588697373974528
390585388609204224
390578824066240512
390571616759218176
390554766264532992
390536933300240384
390463692099584000
390223871288565760
390222590721396736
389445832975847425
389444407721988097
389368451934195712
389357326769336320
389115196683591680
388722029970866176
388608371172986881
388128637108895744
388028078641135616
387749356524539905
387748778918547456
387678591632568320
387677878818971648
387672772782342144
387393591158767616
387391919753793536
386992756104495104
386990832022089728
386603199341527041
386602371931209728
386600275110559744
386599246205833217
386598373215977472
386598311228354560
386597552139026432
386596751760949248
386461200391106560
386343260647469056
386342850733944832
386342735495454720
386339259809927168
385911480430108672
385910552436174848
385906336250490880
385562521093939200
385561516511993856
385561263310245889
385561025891688449
385560251732213760
385558408620810240
385558195583713280
385558126377713666
385557881241616384
385449001107353600
384721184463810560
384720117579649024
384719628624478208
384719492380901376
384719357999611904
384355776930000896
384143523953803264
383976915608297473
383773094332354560
383734726240268288
383731063823925248
383730744532553728
383730611975761920
383730330059812865
383662367508135936
383609080478457856
383258004550074369
383063592377253888
382906678100119552
382882960967753728
382863157221670912
382862959288270848
382817365903548416
382815109800026112
382814971098591232
382803812198936576
382544629583073281
382534910374080512
382530688744185856
382514584844001280
382513277307482113
382457255301750784
382455145650737152
382454654497734656
382454283968729088
382213963066650624
382200952943816704
382077283294801920
381308995195400192
381167328245080064
381166826002325504
381165474811490304
381163447766888449
381162573837504512
381161629221535744
381161290728632320
381161069307121664
381160787353407488
380819336723955712
380798928788000768
380494843333861376
380494403183595520
380106029570482176
380104492303532032
380104271041396736
380103148058460160
379944910553903104
379944777762213888
379942233228984320
379940711241887744
379937928212131840
379675749864988672
379675664297000960
379664003955720192
379660789139111936
379658927342104576
378297116281823232
377747966066696193
377149609094963200
377148775976173568
377146315878445056
376478382763962368
376001330948874241
375981917952569344
375883162305712128
375283705675522048
374640071062061056
374632223091486720
374632127079645185
374622724725174273
374348858501132288
374348614484893696
374329801894805504
374329101508939776
374326924828770304
373975269767659522
373973949404962816
373746803360800769
373157978532511744
373113977020350464
372494828476837888
372036540354265088
372036304567304193
372036084219518976
372031578085801984
371906327691669504
371904802076512256
371902617393582081
371413989411942400
371413374476623874
371412693745299456
371412067166584832
371411001440473088
371397356589039616
371393005145432065
371392386208776192
371030930418585600
371027335900069888
371021608325890048
371021242398425088
371020975359684609
371020026415173632
371019361341157377
371017781921464320
371017196321124352
371016053301972992
371015223790280704
370688145442238464
370687572445773824
370456693064609792
370456410074910720
370386004987105280
370363986682073089
370363147867410432
370283179774853120
370070921757065216
370070235979988992
369410475341004800
369280934656241665
369280379842080768
368555634444099585
368555330633887744
368392693233516545
368392323111346176
368391701951709185
368390000028954624
367993373137047552
367935379133177856
367917599461740544
367657339949973504
367657026564157440
367656481958936576
367656101904662528
367655440269991936
367653741899833344
367350332411879424
367014725873176576
367014046312046593
366983027542327299
366979607179702273
366868371591008256
366868052693876736
366867385933762560
366865445229301761
366864913349619715
366662311399784449
366431567742107649
366414587081392129
366414529996922880
366414344432517121
366413638795411459
366394549276389376
366388134038077440
366384384967852033
366383885837279233
366355214351081474
366299874506969088
366292595774722049
366292330212376578
366272899813879809
366272503972245504
366136883471855616
366093228191129601
366048559344271360
365941413269090304
365939404373622784
365937217870376960
365936883034886144
365935864225857536
365876984393371648
365871116943765506
365871010995650560
365870731730501634
365867403390894080
365845656100802560
365844069232021504
365843437238484992
365723640936923136
365538113864478720
365300549769371650
364529831369007104
364244985480093699
364241959788871681
364241744117764096
364235608304414720
364181513299955713
364181256281796608
364078895861350400
364078592428630016
364078318284722176
364067238359625728
364066567489064960
364066002251677696
364065125155602433
364064257597390849
364061339393605633
364060173221904386
364059705527640065
364040034787545088
363942138809417728
363368628063698944
363358806811484161
363331349500801025
363330786495168512
363259987659091968
363259742095151104
363259241513381888
363257184559562752
363256983752687616
363256502577938432
362995066501332992
362912813817151489
362890769549373440
362842137307512833
362840004352954368
362839430580547584
362487244688355328
362486719322398720
362035423767326720
362027590837481474
361982980652138497
361981582648684545
361677440940122112
361676612523143169
361676352321093632
361620248325136384
361603260458606593
361532912493002752
361532233087066112
361526413070831616
361526120815935489
361526067275628545
361525632364068866
361525312741318656
361524947329355776
361270106476646401
360807272370274305
360806615223517186
359815396385234946
359813596215123968
359811010556735490
359810487761911808
359810140020555776
359809951520137217
359297477926600704
359297168709918720
358788753734647809
358788441611317249
358787778684796930
358787287892496384
358786092943683585
358441532459716611
358441151340089344
358441010017206272
358440259215826944
358438459096453120
358300300420988930
357990303665373184
357989434785923073
357988608034086913
357988354811367425
357987783995957248
357987517556981761
357986409300230144
357801139607048192
357448350871724032
356925700541919233
356925108369108993
356924586195025920
356924224591495168
356923056452665344
356922917096931328
356922830887206912
356378759202480130
356200327919321089
355999813092917248
355999004103933952
355512595240849411
355511780295979010
355511184448946177
355507799339438080
355347984684290048
354830507898449920
354820715867938816
354820477694382081
354819087983067136
353257894269034496
353255249747779585
353254630576246784
351791937461817345
351735102302195714
351730234132938753
351564510844301312
351563942864232448
351021531712856065
350664801267101696
350198720211587074
349115862109790208
349115391773114368
347882339491270657
347187299219546112
347184446711140353
347184166250635264
347180473803472897
346992843421786112
346954689344049152
346954095229272064
346565524588728321
346397505648463875
346395302816784384
346393930516025345
346391918021857280
346390856359636992
346389796983275521
346388393736953856
344983166777430017
344831629107269632
342334894317375488
341608898962268161
341608570191749121
339550034641158144
338660578727976960
337535683658932224
337535529161719809
334497762177593345
334497095425855489
334496544550182912
334493910955089920
334493103757074432
334031466080120835
331589311352930304
331589121673940994
331274320057860097
331264822614306816
330787628783923200
330477274866528258
330277911120715778
330277393833013248
330035459696762882
329930062700871680
329425355511300098
329424221723848704
329423869955960832
329423466279366658
329420093983432705
328943426169098240
328637669573812224
328637603333169154
328635892463976449
328635238689423360
328344251412905984
328343062352904193
327972473616363520
327970393119924224
327969850632839168
327967395165655041
327963767667294208
326351072467750914
325934495775723520
325044819430891521
324319799117217792
324318973959237632
323258616234786816
323246961413218305
323245565179736065
323244165225910272
323243566795206656
323242766085804033
322974736529379328
322494905811353600
321642470242938881
318152431798190080
318152170669219840
318151919774359552
318150809420447745
317967066814615554
317429093610184704
317425895608573952
317088938005262336
316182099373748224
315958617952100353
315851469033205760
315851204032856065
315849409869004800
315848599730790401
315848067259711489
315847649477656577
315846973871771648
315593617479700480
315560862138109952
315555003668512768
315260963710464000
315255718594887680
315254528138174464
315253365368033281
314105862195138560
314105728736583684
313157302272266240
312727414247682048
312723642796621824
312309940528234497
312307907733618688
312304628891021314
311650265835122689
311642190034137088
311642055531188224
311641728908161025
311641370924310530
311527971355783169
311527054459928576
311525371315093504
311519667548196864
311516464622481410
311516191267123200
311508386653036544
311501118662397953
311431615232495616
311152288020443136
310859187947175936
310332124731428864
310326149605634050
310187219702927362
309843254524923904
309439898564321282
309325309281439745
309321333454544896
308487294380277760
308466915901317120
304819952307818496
304819563655225346
304436828801486848
304403739756867584
304403652477583361
304402244579770368
304400322825179136
304399840941584384
304397126933311489
304351328556175360
304347960878194688
304339981583937536
304338208634830849
304337224621780994
304335950316716032
304335595986092032
304334523783598082
304333843643629571
304331974884065280
304330591464202240
304252558233464832
304233432043638784
304229065785765889
303930516569194496
303198408087322624
302593296985894912
302420685324685315
301519869529174016
301491891973799936
301473059502686208
301458334396055554
301453363814486016
301429888882184196
301424132313186304
301421383102103552
301117669816549376
301099029239046144
300949469577494528
300949127766888449
300407934180016128
299314522458566657
299309914600394754
299309107842805760
299308187641860097
299142980617510912
299100993809940480
299100444754575360
299082139390070784
298923034268540930
298922627219738625
298862682721906688
297144487162040320
297048575328792576
296799027897442305
295830685082607616
294031927759998976
293871725865750528
293655193139171328
293629457997127681
291999830241320960
291999183337037824
291384250920476672
291113776667820034
290961483087638529
290961084255453184
290621139074555904
290440766420041728
290396366910418944
290142922077265922
290142750651850753
289905593932726272
289901124406870016
289511610035363840
289500247309287424
289352508273475584
288348421797064704
288347844992184320
288347097646899200
288345336693547008
285894392512917505
285521120365535232
285504380139102208
285497051767259137
285475144103776256
285417015672467456
285414663724875776
284591053028347904
283196070245314560
283187878941581312
283187370558357504
282437173435826176
281908077475815424
281907126220242944
281906418536312833
281904871601487873
281904561957007362
281904044153393152
281887414014861312
281561418493468672
281561385987604480
281014807090581504
280996155477872640
280995938212929536
280632545203343360
280544957230616576
280544747607711744
280414487847264256
280414191054118913
280413993573679105
280413104884563969
280409081930452992
280406762576814080
280154346715496450
280153574460235776
280066474675146752
280065035512971265
280064464798240768
280064202448723968
280062461007253504
280062144492498944
280061961272717312
280061178506514433
280056664470732800
280018562582716416
280011009408782336
280004898752434176
279991792252887041
279617899377860609
279617675649503233
279579599388692480
279404710140731392
279403779349155840
279320290473934848
279319519036575744
279200817989447680
279160950068756480
278925265571303424
278923853332357120
278816869480267776
278816263491448832
278214265792495616
278214137337757696
278211941330219008
278211732588089344
278210992394100736
278210822034038784
278210111607029760
278207848578678784
278207418083708929
278207145755951106
278206691026272256
278205796557389824
278202634236723200
277817196007272448
277815305298915329
277792254104596480
277749656958664705
277744971619106816
277741354375856130
277714630112067584
277654582576963584
277532822191865857
277531793358475265
277475711860756480
277403568976322560
277204120794955776
277199892731031552
277110002169307138
276818996840521729
276817654227009536
276490438305775616
276338840376049664
276335820351344641
276271645709185024
276270858627076096
276098127159783424
275999096899256320
275277728125689857
274971945336967170
274969855319490560
274506097333776384
273718216864448512
273121761946660866
272515464083681280
272515273427406850
272514332582088704
272513786005569536
271643834658717697
271640433405353987
271292533785653248
270818413335691264
269636644230021120
269635470961549312
269634668838678528
269633606782160897
268881751542222848
265498912549384192
265413506587836417
265409047107338240
265408800893317120
263054650540965889
262591567943065600
262585101253222400
261962835314221057
261834538504826880
261590246301503488
260555977017917440
260553388289294338
259373871579418625
259330084735959041
259329418101665792
259324836168482817
259091956527951872
259045137911537664
259044475505094657
259041767108784128
259041035857055745
259032544526360578
259000682953187329
258967962227195904
258966154360524800
258901678059831296
258900948263522304
258758484085059584
258757787520229376
258754773812117505
258565756701245440
258565432989085697
257999537350799360
257160128384598016
256876859340500992
256736039383744512
256735602362433536
256574921872912384
256568705176203265
256568052026593280
256301917280550912
256301611599667200
256298768557813760
256295123464384512
254568523316215808
254469310293098497
254469037113872384
254075340815745024
254060632230473728
254058030939906048
253823460277641216
253474087945515009
253472902601641986
252305276923965440
251926321666617344
251914883560525824
251781057005879297
251727191589679105
251726379740172288
251072572752543744
251053095780487168
250005143544815616
249366299183022080
249123698102108160
248408003680796672
248402554369744896
248189669588746241
248184575635906560
248183176617402368
248182739059224576
247829773705953280
247504443610910720
247500688240803840
247126544043098112
247124054631407616
247123752574410754
246622636627591169
246615734707429376
246570329042984961
246569570905759744
246222756885172224
246218751329067008
246013019669278720
246012267479564288
245994542732570624
245579778302824449
244917542295048193
244912723421442048
244912381170417664
244909753724194816
244908923356844032
244905427232489472
244579121773027331
244578538328584192
244538574089887746
244058186854842368
244046173902626816
243790786599206912
243790141326503937
243695441982660609
243454412561973248
242722774731354112
242675389518999552
242674395095642112
241897653049364480
241895639133331457
240880125460230144
240846075307638784
240821599052382208
240819880872521728
240785648905248768
240777488337367040
240776065243570177
240762148593221632
240750425526112256
240395591019003904
240390207432708096
240389611849920512
240378304815853568
240364009008803840
240179518290132992
239764940938956801
239464943827705856
239464873560535040
239463844454490112
239185849693126657
238467867190898688
238431286853787648
238430428745314304
238314543510601728
236310473685999616
235995414485155840
235826769545027586
235705570949214208
235526861654982657
235486541764497408
235252672545058816
235251459019640832
235250727348469760
235250393226047489
235250183162716160
235097144921571328
235096834756976640
235072776887738370
234826564557230081
234510315293900800
234502785897472000
234304331678097408
234235292192751616
233674349561925632
233535152813383681
232586316267798529
231795371288969216
231792560102846466
231542360343977984
231541284861530112
231538428318199808
231537841178542081
230456806139392000
230456070118715393
229573620542889984
229169791896793088
228980390029836288
228966050543312896
228946360928436224
228616725183225856
228554657016971264
228550568648523776
227035094454513664
225928152961122305
224512005481050113
224342703108927492
224342561580515329
224342336996507648
224335406005633024
224334161786314753
223900637920890881
223758266449133570
223188157699596288
223185984798470145
223184407979245568
223111333577633792
223070251015872512
223024868927606785
222112538857447425
222092758746284032
222031002825003008
221603057102893056
221601680049967105
221589122391867392
221588735379259392
221587801664266240
221582939903901698
221581996764311552
221402779363708928
220817279884066816
220197195272560641
220094266796548097
219560690631970817
219135525557243906
219085826905210880
219053214736187392
218812504753700864
218741364706385921
218741189027966977
218734693774934020
218686345239994369
218484434704404481
218316063430029312
217607676929126400
216239030906531842
216230957894742018
216226593679482881
216214091080019968
216198941165895680
216168721130078209
215863784554758144
215834723698749442
215834465279279104
215750335241781249
215608683076390913
215243444120072192
215241465339711491
215241313661100033
215235310198595585
215232053946490880
215099744811356160
215098487665213441
215097935271165953
215091959604314112
214134450848669696
214134382846410752
214131374758699008
214131058512379904
213792428698767360
213791199469895680
213790044069175296
213789438076141568
212944518683705345
212938390327398403
212922980597116929
212921722679209984
212492339854311425
211537920035790848
211535303503130625
211529355573207040
211519989100978177
211168627527917569
211166847582748672
210115227096858624
210037675179261954
209651151593947137
209650712072814592
209650298891927552
209650101105340417
209277263932424192
209276074876612608
209272576759971841
208525847680925696
207748369609789440
207385307228807169
207379632318722048
207368040617213952
206687904712499200
205660418901938176
205646010888888320
205644395754696704
205643649734815746
205641811824349185
205639801980989440
205262532397633538
205259741042184192
205042823999918080
204635780537262080
204287980817485827
202107620948066304
202025853591355395
202025515136196609
202024038107852800
201679074098298880
201678612095696897
201677974918004737
201058311200710656
201058081373814785
200910202009174016
200899262119297024
200609903352619008
200586560473804801
200584013088423936
200580470843510784
200579430899388417
200575709050183680
200575090545541121
200574445595799553
200573307945365504
200170102149218304
200169412114907136
200039729767514112
200039533004341248
200033221570854913
199810035268861953
199809670825771008
199809335210160128
199809248450969600
199804331619397632
199105882833956864
199104763646853120
199103802392059905
198982204204916739
198981687655411713
197369501724049408
197368645318483968
195223154682101760
195217455885455360
195216973003636736
195205320971264000
195202898311913472
195196871742988288
194457686371348480
194133574335729666
194130925435617280
194127389532487680
194117943540457472
194109729092542465
194094959664705536
194094738490662913
193420217580392448
193384016416735232
193237147430563840
193236643283615744
193038946509402112
192457871190011904
192457324575735809
192457010481074177
191540515123118081
191535598836781057
191535069251371010
191533180984102912
190986620135149568
190816471037915136
190814157543718912
189974880916226048
189966471122780160
189966243191734272
189886841133088769
189660873135112193
189319910470598657
189318739664191489
188025349601370112
186689008527622144
186609359122472960
186445651129794560
186182507060928514
186170565588025345
184448290157379584
184446353412325376
184443171969835008
184281658873221123
184277144510279680
183877102129524736
183826955345477633
183727718083477506
183726747609595904
183724844695814146
181180431662723074
180985909292974081
180838619160903680
180830007692763137
180829629228138496
180350514704293888
180057830391431169
179961448259264512
178097248587096065
178095938953428992
178093737145143297
177914485875539968
177730004640210944
177721286229889024
177443842210009090
177376886698151937
177103010483281921
177102372185710592
175730249919774721
175291133210005504
175291059486728193
173864178224861184
173734660726206464
173076408392892417
173073627980365824
172459853699231744
172098808593907712
172077263834198018
171975980339040256
171631510116503552
171405370143678464
171062573658144769
171061447672078336
170321565018365952
170298004639719424
170208926275616768
170208803441221632
169876671695044608
168064726746664960
167655777320960002
167412486298021888
167411166103085056
167410041530499073
167396335652319232
167395770935418880
167393182991138816
167037522822692864
166890281592037377
166890029313048577
166581716067155968
166580005667741696
166285073941925888
166275200885858304
166269217874784256
165965943942553601
165962766685962240
165812216459825152
164565487852863488
164564783570497536
164207259914743808
164029191136878592
162572987227316224
162569770275831809
162319997329346560
162264508922994688
162149112773488640
161532420376625152
161445860885004288
161441841819025408
161284032540319745
160972143050498048
160971862946484224
160971564345597952
160969388139364352
160968607034114048
160967707209105408
160964491587239937
160472647937953792
160472039180873729
160469963163975681
158972762411630594
157526130662981635
156963958706814976
156714120366931969
156693134926028801
155810312182956032
155789571479715841
155789376360681472
155787773230587905
155426822312562689
155227310675599361
153273576596832257
152197445806325760
151057406951047169
150640605100384256
149500496414113792
148989661237346304
148988536778010624
148730589640523776
148714443440799744
148713716563714048
148579850964303872
148571909586567168
148570800394477568
148342471091425280
148342041527586816
148341799692406784
147969540867883009
147828622273691648
147438068377468928
147278407955267584
147068048413700096
147032609011142656
147030556138418176
146656722977701888
146656104703725568
146655993533706240
146655207764406273
146654967648882688
146654467033530369
146654401967300608
146653510623174656
146651731676237825
146641033743187968
146640378492239872
146450571262574592
146440713922555904
146440469067464704
146437778295631874
146265430120595456
146265390278905856
146144656370040832
146140812747616256
146091764346916864
145738153309913088
145737949848408064
144452875140071427
143960293880512512
143894425435783168
143737057557225472
143251251356909568
143249818326810624
143249421910544384
142964443226185728
142836421454082048
142834978395389952
142834031707435008
142075312166019073
142054141756309505
140409300966309888
140257198763802625
140200184566120448
139641238327529473
139639910998089728
137987293884583936
137986686293520384
137500176154771456
137305285776785409
137285046750027778
137284563717201920
137284089811173376
137143926200078337
137141721627766784
137120947873394688
136927448892837890
136825538886111232
136824531053588480
136824527186432001
136824524598558720
136824518525206529
136773142738780160
136771878630072320
136771119922417668
136299934730289152
134974395683840000
133612243664375810
132421322759340032
131486918016901120
131486915059924992
131326781373415424
131295895391174656
131294099490873344
131037669017927682
130931895268683776
130354470772154368
130340860486369280
130331897195806721
130320660923822080
130184512964534273
130161986074972161
130161622881812480
130155345686441984
129614548482260994
129516397226237952
129516394135027713
129516390855094272
129516387289927681
129463411028402176
129459773866377216
129457201399078913
129368121915084801
129366686485856257
129229980914819072
129065153378525184
128854352004792320
128833410985771008
128791615975333888
128787508229189632
128697553343614976
128697303098863617
128667133646352384
128664824518422528
128664469453807616
128662612232765442
128661786462404608
128316023349850112
128285868271206401
128019900118736897
128019694417494017
127968666137542656
127956072995635201
127953936261988352
127951061821562880
127950831151620096
127948583247941632
127943179310866433
127716322804121600
127659164783738880
127575081026195456
127573736537849857
127462945406976000
127436462944829440
127432715120295936
127432712066826240
127432708405202945
127432704122830848
127380111761739777
127308197747892224
127307076815945729
127297868653531136
127289330862522369
127287907240255488
127285568886415362
127285562947284992
127283276971909122
127282429588287488
127239822757736448
127221475529863168
127221471595593728
127219914367963136
127219118670749696
127217905933877252
127217902947532800
127217899944423425
127217272791121920
127216809349877760
127216155487240193
127047868509982720
126956157674852352
126888379399942145
126869920670691328
126742229799804931
126742117845434368
126741949825826816
126741728312037376
126734348820029440
126692875764383744
126681021814030338
126624277247164416
126513631528620032
126374865224732673
126361222034624513
126347331883900929
126342636951965696
126341471837241344
126339325926440960
126338128767225857
126334322230837248
126319776107728897
126318983036149760
126317787277819904
126316915521097728
126311995422154753
126310008504856576
125956055128748033
125734977219465217
125730876196798465
125634186374680576
125631365050937344
125630812149383169
125629505715970048
125628899496431616
125471059192451072
125470902707175424
125445623989272576
125272983542571008
124612868938280960
124474747533787137
124474489030451201
124473944723042304
123755535756562435
123620127240503296
123614956854841344
123613208408883200
123613084093923328
123612634108010496
123543608962981888
123412093125935104
123230185842671616
123229723726856192
123229490875863040
123142414054604800
123110309157277696
123109196458758147
123108793830744064
123059793341579264
123057927694200832
123044550548783104
123035035484962816
122492194195124227
122460765868404736
122460501753085953
122460220222996480
122455117369835520
122273758500237312
122263159645028353
122130336279838720
122096091545092096
121800879560069120
121798753492541440
121796573729525760
121663269336387585
121559328405725185
121256761842876416
121253755147649024
121054389791240192
121053831369981952
121053652281602050
121053443040346112
121052980719001603
121052377582288896
121052169473495041
120839776982147072
120688085481697280
120687535600058368
120686954437292033
120685296487628800
119992405792526336
119940052192215040
119939679004008449
119880358887030784
119751582194745345
119751499361419265
119621211717255168
119492575563489280
119389490564435969
119384457030537217
119381568312705024
119380641040179200
119379566740512768
119379300439953408
119236494778048513
119236219602350080
119163535501692929
119159751471939584
119155365647613952
119155291676884993
119154636350439426
118694749413707776
118660253972824064
118630877818404864
118630296366227456
118503113861758976
118472420058333184
118472143980859394
118379717303861248
118103055706230784
118102530323517440
117919054555119618
117801210639163394
117795164034039809
117588348234772480
117567171017711616
117410397912449024
117397737720393728
117396627383259136
117293226418896897
117182806366490624
117164465484607488
117163941200793600
117163490698985474
117162565880135680
117161438954520576
116944399610560512
116880332371927040
116829143332691968
116640783788015616
116121390024896513
116121219459330049
116120943717400576
116120007452262400
116118826323689472
115792607615004672
115791571336691712
115791304977432576
115786250434260992
115785246502420480
115438281558212608
114472095186030593
114466841732194304
114462435104145408
114318148924223488
114315772549017602
114287768397553664
114282587635191809
114282265160318976
114281905951748096
114140191358324736
114068705901690880
114056520488058880
114056149002764288
113980954233667584
113621832401297408
113620208203202562
113618727404187648
113455371137449984
113446749196140544
113262664838422528
112910845100560385
112908761974317056
112710642720452609
112406419222953986
112350846372687872
112178259126521857
112167296696463360
112163859774705665
111791000896278528
111496941422116865
111496222384209921
110964251870502912
110963672582598656
110963260362211328
110757505155596288
110756918380863489
110756753154637824
110756403949481984
110288694291857408
110244141379756032
110243384223989760
109778506778558464
109777314170150912
109776236858970112
109775886152253440
109774610907660288
109772629094838273
109772408700936192
109771761205252096
109586673620365312
109446277590298625
109441895138201600
109427652502355968
109365948095533056
108889685295767553
108364493997879297
108363373363740672
108118022908157952
107506914287550464
107506316221743105
107432749400461312
107157217219837952
107107260479717378
107042029414006784
106754781862825984
106679668073168898
106464606863634432
106437044267520000
103580462777245697
103580165199761408
100577172833579009
100540906775654400
100540563895488512
100539946590412800
100305581721649152
100305002811236352
100303481830772736
99832343799410688
99829624204304385
99828983453057024
99516061132656640
99515072673624064
99514123288719362
99513413948022785
99512389334081536
98100580756623360
98100358081028096
97791315269529600
97789611543232512
97786134981132288
97771737411895296
97771467676192769
97769959010213890
97403228349661184
97362458993364992
97344972604452866
97255906391228416
97241495001776128
96911793611481089
96911261849231360
96910927772925952
96910045589147648
96909293055524864
96774721437310976
96671483132256257
96671108664799232
96670669240152064
96367727337406465
96364451950903296
96357080105103360
96288002799706112
96283219216973824
96282735953448960
95950943069290496
95948204163596288
95944351192064000
95882672630542336
95880997383577600
95703125587005441
95702540926201856
95689700836245504
95687438504169472
95663428546461696
95653162115014656
95649454559997952
95609913866321920
95583556574781440
95583294351089664
95579437151682560
95579146050220033
94383955373072384
94383149299142657
94359088955265024
94350383006232576
94344021157224449
94343483841716224
94052564089311232
94052126099120128
93656170572685312
93270292780167168
92729573946556416
92729071540244480
92264262415822850
91276208255401984
91175656225902592
90789071332454400
90424205857918976
90396553700847616
90395123476729856
90073907410894849
90073353280434176
89677339092467712
89656186743431168
89583998992527360
89515587138617345
89391457869369344
89320840482668544
89319335830630402
89317223340048385
89316600901152769
89315047695847424
89314363051212800
89313415750881280
89313119289090048
89311595670405120
89310491809300481
89310121473228800
89310061909917696
89309954774802432
89309119890198529
89308625591468032
89079992117497856
89046623996485632
88931811102695424
88931262986846208
88663903843778560
88663298651856896
88339575080095744
87886232033562624
87885507668885505
87884666656399360
87883475667009536
87621301623209986
87619019942805504
87616020944142336
87487661929021441
87486849639124993
86958520519503872
86958102271893504
86647236037066752
86646893475672065
86492758117842945
86282735760576512
86280361868406786
86279636421578752
86279304933158912
86100797049409537
86079708592214016
86021427014270976
86021362841419777
86021222957191168
86020676581982208
85435780528488449
85381704071643137
85366992361635840
85305461494124544
85297630254612480
85297209083572224
85292318206332929
85288422717128704
85029597862825986
85027581027557377
85023754719203328
85023116136423424
85023083043360768
84849809118343168
84846695397081088
84830586874769408
84830515554828288
84830213099368448
84829731765235712
84612481338712064
84612351806025728
84599461619314688
84468539293040641
84468528614354945
84317428829532160
84314969503580160
84314579571712000
84310329932263424
84309932723281920
84301224454791168
84299953937190913
84285884026994688
84285175734865920
84114457336356864
84108102714142720
83975723525750784
83950170340986880
83946456360288256
83938984279027712
83924931691298816
83923255802605569
83542789941501953
83493933522501632
83493379714977793
83489638576164864
83489122903265280
83488706224328704
83488411364769792
83488394994388992
83488311385141248
83200397958844416
83173430156996608
83173011980681216
83171242127015936
83167139061694464
83166551095787520
83127787766026241
83127477924401152
82901900613255168
82885506756644864
82876945418821632
82870704982343680
82869925089255424
82863211765968896
82855972711825408
82852846608990208
82848456665862144
82846572966191104
82846279641735168
82824597652766720
82790650361294848
82593687292489728
82592904568246272
82592211820220416
82591652153278464
81733298816172033
81412117625974784
81397033595965440
81370760970633216
81369644992172032
81031306191966208
81027900521979904
81009573523238912
80989229244624896
80477973534355457
80477499481526272
80477371433615360
80476927848226816
80476267987746816
80475889598611457
80432015270359040
80430565093949443
80429816893018112
80429243938508800
80428057927745536
80232161562734592
80111281079713792
80110668715532288
79972025799688192
79962605388709888
79955716953214976
79923510469857280
79896446425509888
79895884581703680
79894321674985472
79892468987994112
79754284870283264
79752239358545920
79751747664494592
79750553223172096
79750315175448576
79747103504613376
79746414065893376
79746178819952640
79686145092493312
79404860851757056
79403912351850497
78575452414943232
78526541222522880
78525467996598272
78524927203999744
78524692163600384
78524084018888704
78456116559888384
78455518204657664
76019390235164672
76018049160970240
76013427151208448
75943557462114304
75943450620604416
73856318800265216
73683093541756929
73683013044674561
73432223252090882
73429427224195072
73413893132783616
73412242338619392
72936284674469888
72935408081715200
72702392403103744
72583051078664192
72582694416039936
72255790345490432
71586511862247425
70995170404999168
69762533719932928
69348696361410560
69348524009070592
69345903147888640
69344552074481664
69067695441715200
69061810678018048
69060925344321536
66793468474826752
66600522953662464
66600113350508544
66187807445618688
65482923117248512
64614727837421568
64613144437342208
64143323841036288
64140431696461824
64137778564317186
64133424423772160
64060868983394304
63966882197286913
63965404804030464
63821780669825026
63723078248701952
63652756002582528
63629497169223681
63349728913539073
63347478539415552
63237673262919680
63228534121959424
63227395238400000
63134888152412160
63133221331812353
63132561500680192
63104482585755648
63016485127331840
62958590390059008
62770264827637760
62747997938782208
62747065586946049
62742933014720512
62740586314215424
62113701884461056
61892157233037312
61891069889097728
61757660105674752
61672422323130369
61387532486709248
61385510228197376
60861357758742528
60715244321914881
60706066463338496
60702147465052160
60557151688597504
60512676937351168
60494068035231744
60110489618890753
59906977047908352
59837396212121600
59835693165314048
59720998022418432
59720794166661120
59719233914941440
59270517772922880
59159124348379136
59158378236215297
58922241827667968
58827603049578496
57947486458880000
57887407315501056
57882311475208192
57877467075055616
57876203327078401
57619056697683969
57618710197833728
57559618024513536
57547112262533120
57526544914067456
57508770867195904
57455793804546048
57446850583724032
57435861301727232
57434117909921793
57432433351598080
57431530984845313
57429430934581248
55939493043253248
55056024629022720
54766087736266752
54765873851928576
54762794683338752
54396853122375680
54271303183634432
53946958712283137
53889146393075712
53854607176245248
53822915099107328
53594369428701184
53590517631553536
53514509326880768
53513913890902016
53510176849936384
53204472670846976
53192553704591361
53092468660518912
53087540852437065
53086864600608768
53086409325690880
52764347054829568
52764240162988032
52763564485787648
52529836471746560
52413802788032512
52317217269878784
52316367759740928
52115706153668609
52066559266529280
52066212301123584
52059480363503616
52059015231963136
52058538410905600
52045721322524672
52045218614218752
51891775144603649
51874673079750656
51874038846472192
51709364586815488
51709267400597504
51694416431292416
51668340334272512
51607632913510400
51606579895734273
51606068039647232
51412077939654656
51400757760630785
51394766511947776
51394332569239552
51392412140044288
51331661685723137
51061731182653440
51059876088119297
50991346537857024
50981668277850112
50928560705249280
50851174055804928
50681580104069120
50612440559403008
50612283017142272
50575958046027776
50535589778427904
50419011061678080
50299439558033410
50299046979567616
50257564373499904
49955637546844160
49921580142297090
49919502225375232
49913998782640128
49913782746619904
49902939678064640
49894507742896128
49894014324973568
49758756636073984
49758192254717953
49756183636086784
49584604931305472
49528176052944896
49423440167452672
49423012230995969
49415662900224000
49412303061393408
49404263062966272
49399659038380032
49398013638082561
49389670743818241
49388044331122688
49319919266955264
49229540530204673
49211520214765568
49091861746421760
49088041456898048
49086893215846400
49085846984458240
49085415273140224
49067632103657472
48920155534798849
48906086874497025
48901461630914560
48883880140357632
48871792026198016
48806410967982080
48765512980762624
48637860089298945
48629014050504705
48511245783015424
48504209376686080
48465822536040448
48436253791764480
48419350868275200
48418712935596032
48418116463624192
48416864166084609
48416419255300097
48315858832998400
48315228630429697
48315141036580864
48315026293002241
48314894910627841
48313477571424256
48312039260692480
48189016746635264
48186884219871232
48153295293923328
48118093104427008
48081539992535040
48062486758428672
48054518038011905
48052846234583040
48051983327825920
48044812070424576
48029021639938050
48028836654366720
48024856717037570
47796827793276928
47795375557443584
47794758311084033
47785715630739456
47774729284747264
47774360479612928
47732369700032513
47729596203937792
47722299285192705
47720645139775488
47713978331316224
47713634574532608
47698901326761985
47682089017020416
47668043198902272
47649556804026368
47506313068036096
47505842987220992
47505196007440384
47500052863791104
47497516492664832
47484799744618496
47481656336060416
47451270902059009
47389395401191424
47386134317244416
47385223280861184
47360675156205568
47312041958055937
47311424061571072
47307679638618113
47300357184950273
47266295099555840
47208582634151936
47208327897300992
47128881752326144
47013940336672768
47012943015059456
46992855289430017
46983360114991104
46983196021235712
46983005994090496
46964777230143488
46963107721003008
46962630979620864
46957614965334017
46722929286856704
46568212334247936
46377219802669056
46376616745644033
45985186738995200
45842819016953856
45621658534416384
45358351453925376
45349078254628864
45261552659599360
45071624076140544
44902573819432960
44893983494766592
43489169938460672
43121508062732288
43113886198673408
43101040836481024
43099485492101121
43098813006753793
43098318234075136
42399964885819392
42399573787934720
42323076951707648
42190587511844864
41447271262322688
41435924244078592
41433258310766592
40905162918858754
40904915584942081
40904409609142272
40577395165503488
40273764264583168
40271996193349632
40270201610174464
39191006809300992
39190629103702016
38783598328954880
38782332940992512
38781083457830912
38664978366078976
38664217657737216
38663784457437184
38445493776416768
38441701840400384
38441111676661761
38269194692853760
38265187962335232
38265178537590784
38261420709785600
38260145859330048
38258888356667392
38253855149920257
38250089029959680
38246294409584640
38243820705562624
38242900097638400
38240068057440256
38239961799073792
38228549634764800
38212401040072704
38207617516052480
38196657640185856
38050144591155200
38035534219575296
37994435052576768
37988364128878592
37987133872414720
37942033154977792
37941970441609216
37935697709105152
37928287636299777
37927653889671168
37516026274906113
37099323342721024
37099267868987392
36664864688574464
36454853945335808
36454075390230528
36427140358610944
36289577056477184
36288725734400000
36130597826990080
36130178728075264
36128645399580672
36128035384074241
35000505084157952
34989422139289600
34718109566767104
34717601791881216
33449393965244416
33435252894474240
33429807693967360
33239905890996224
33232693441335296
33217094497599488
33187907699220481
33179708908642304
33163508384268288
33158663254319104
33129088809963520
33111960098701312
33092961071800320
33080710432559104
33076562299457536
32928398133166080
32866068796014593
32862395835613185
32812796198526977
32811165239214080
32808449536425984
32791436340498432
32789511431782400
32511241259843584
32470187567484928
32462618555846656
32456431210856448
32419687820169216
32418337313005568
32418233675939840
32400422295572480
32400257484595201
32399466904420352
32380977766465537
32379540508508160
32374858344042496
32343376263127040
32341724546211840
32340952123179008
32321788998328320
32317012147437568
32316041069596673
32314772661735424
32007338256769024
32005749420859392
32004584759103488
31951808461017088
31936012368220160
31776486142779392
31276547428065280
30925066560602112
30605384242696193
30604802593398784
30333818212712448
30257943563739136
29950565043675136
29948639526780928
29948421871763456
29217737515466753
29195328037064704
29107530223329280
28891363479130112
28890042638278656
28814458977521665
28460114696474624
28387666412175360
27754791975260160
27551158318923776
26097441468055552
26096987929579520
26095620586479616
26094691699130368
26004358336356352
25935886789115904
25924732096356352
25924489569107968
25924098869690369
20899448657805312
20423047508918272
20420082408620032
19330120145702912
19124185762631681
16491585562742784
15757756870950912
15757307036041217
14729261743079424
14727743488921601
12923621630541826
12913143130890241
12275338306396160
11805495262191616
11804656900505600
11804038177751040
11797399676657664
11796460681043968
11782774188933120
11782182263586816
11475697876865024
10716280650731520
10656863896997888
10396410155372544
9591637789384704
9410220216291328
9283623668686848
8440634817908736
7504439686471680
7406379530715136
7404339979096064
7403180073684992
6124830692737024
5421660840665088
3849905411985408
3228248074883072
3156054728769536
3136447137710080
3135663704641536
3078192961163264
2901461205786624
2760299539070976
1732985472684032
1726368484171776
1719088896286720
1237063689043968
1235695360278528
615238844030976
307016639717376
29620785321
29620587086
29475806888
29468963885
29436880583
29435961330
29435176590
29430627201
29376056672
29282750441
29280430270
29279641674
29278235111
29276627298
29275484083
29133847023
29133756722
29099423956
29099194588
29098985726
29035008746
28992342454
28991712935
28990660512
28990369595
27791422054
27791154312
27706733447
27669702630
27669255412
27668272881
27668066163
27666588134
27665181856
27665083125
27664514153
27664364155
27664253576
27663573831
27662916949
27627883779
27504064922
27447558040
27445915589
27445574702
27443422088
27443260350
27442704859
27442554636
27442253256
27359137930
27358954343
27358202030
27358122857
27356669673
27343435281
27339180253
27333535005
27300393841
27190665683
27190639377
27109373413
27036349158
27036153554
27036019958
26926772038
26476731957
26466638434
26466410090
26466035374
26463147280
26233057990
26233009250
25854758384
25854238964
25835170166
25835091828
25758720980
25758526058
25632624701
25432598576
25431921005
25431829851
25278109824
25278046052
25277804961
25277715896
25231936235
25229782852
25132754713
25010767276
24982473252
24982440970
24982209355
24982106143
24824121268
24801331772
24610670184
24609737814
24609650670
24609585399
24609392415
24609202464
24608041852
24540794381
24470144338
23917573560
23867684216
23867484672
23866753933
23180639152
23082908292
22943003719
22942460662
22650598522
22642793030
22642647898
22637229824
22632919179
22631274565
22629135239
22627808845
22619061717
22618540232
22556227765
22411700832
22410240403
21932748922
21862779567
21784508278
21784445872
21784390524
21784263391
21784107736
21766106312
21714596331
21714340463
21598746107
21571640376
21539885084
21383967172
21383771005
21288473658
21262704166
21245204226
21165755893
21053651768
21052827308
21052767268
21052289279
21052018304
21051977226
21020083149
20996564201
20972624769
20972567466
20970624977
20905348696
20703047396
20702848032
20698587775
20698352124
20697672819
20697541430
20091774045
19686053208
19652030326
19615995325
19519745947
19292498512
19094967312
19022107087
19022017912
18775659202
18589195823
18301507979
18270713695
18267686482
18267347817
18187723904
18134308562
18111690576
18111361563
18079362504
17965015318
17964061777
17963727604
17960670291
17941068745
17682082646
17249980180
17249085805
17249011203
17248819050
17247114839
17135333833
17052618040
17052530237
17005190613
16803607871
16803462094
16741137383
16741028414
16740910738
16674596356
16662715487
16660927565
16639707146
16583446957
16576025099
16528539692
16514683407
16414031329
16339053463
16338735175
16338372427
16337374141
16337045014
16336798551
16328547069
16328314983
16328215457
16289716582
16254981619
16254893403
16136545766
16136493358
16136479773
16136379788
16066755032
16057948857
16057840404
15982995449
15982906693
15796022507
15795778669
15767024259
15766963012
15764630262
15764162826
15690633166
15652188030
15652065899
15592307369
15497558764
15473727696
15473592984
15269179165
15269161031
15268593653
15223090998
15222909195
15222598302
15222394071
15221903507
15211707423
15202169250
15192700976
15192498117
15191962968
15191923723
15191758150
15191710609
15145107589
15145011090
15144970130
15144847522
15144617051
15026988104
15026370709
14956741345
14916441999
14907961774
14907485856
14907359920
14887368382
14886933971
14886913242
14841845572
14841799304
14819808039
14819783261
14819729703
14783949360
14782458836
14782020736
14781349492
14723789439
14723691199
14723458771
14723408464
14722972877
14715844302
14715709691
14715544387
14715404979
14715281583
14715175435
14674773941
14674635335
14621049431
14607802622
14607506110
14607315530
14606942260
14573904080
14572093990
14568039681
14509536602
14509239597
14508991287
14497217881
14471950866
14377101774
14337053224
14098859214
14097861132
14097520269
14097510454
14097361608
14097072821
14096875828
14096827313
13928558808
13928454380
13928341820
13928050757
13892708589
13876537050
13745919250
13741292528
13741231362
13620948188
13581546795
13581270700
13581146358
13580539687
13580115329
13479684734
13479366858
13479241095
13479116299
13438858885
13359254288
13044164760
13043057639
13043004052
13042946329
13025895263
13025755942
12974895108
12974767602
12974590254
12974454319
12817749854
12362085637
12361924052
12313723784
12094969577
12093907957
12093749526
11492523650
11461635441
11414343607
11414120568
11375402668
11367756781
11365677292
11363721833
11361402666
11361357019
11320507737
11234188340
11223006130
11202638998
11202581433
11202393601
11202259223
11196027929
11189085160
11189060634
11154243945
11141428860
11123735809
11123638977
11082863007
10950460572
10950147681
10926591548
10924007358
10913395047
10912175337
10911275293
10863345746
10852130280
10850116266
10849301763
10846987506
10796392538
10762066693
10761875394
10759785084
10759510050
10759351323
10743950322
10743808563
10710306171
10660963664
10660471904
10660272711
10638220435
10637179597
10633023283
10600495238
10600362139
10555699550
10521953258
10478557849
10387086268
10386959611
10123071494
9946432989
9946388331
9902570783
9902357505
9882160464
9845192548
9779811558
9779743707
9651328294
9651067177
9650878675
9618526208
9618429018
9603702258
9577139963
9492286094
9492145850
9491715604
9490760179
9490684351
9490620469
9471007580
9448792550
9448741697
9365789896
9365395285
9333669532
9299422904
9299384778
9299337327
9293279809
9293125303
9264754225
9264680835
9264189300
9264120453
9264008660
9199396097
9180593953
9161668937
9155768302
9155289956
9153654198
9153598214
9153533575
9153493161
9124645235
9124556202
9123785460
9123610001
9123466742
9099311799
9097862633
9097774630
9097687606
9097648278
9058763042
9058693628
9013857496
9013753848
8968911689
8968646339
8955941296
8927557796
8927226548
8926770671
8926647504
8912464276
8906702101
8906529367
8856699168
8805002421
8740511076
8740429431
8740206076
8740121185
8732893189
8732806266
8732754637
8732670595
8695878046
8695530220
8672437826
8638612442
8572286167
8572258833
8572229157
8572165995
8572003811
8571957485
8571874316
8517361670
8517072307
8471745664
8467155966
8465403315
8465261969
8465182053
8461735824
8461735116
8461734808
8461723162
8461722087
8461720721
8461720678
8461720008
8461712886
8461711392
8461710969
8461708183
8461707657
8461705954
8461639103
8461637426
8461634761
8461632923
8461630480
8461629040
8461614700
8461614274
8461600317
8461599964
8461579366
8461576917
8461572419
8461572080
8461571507
8461569900
8461568728
8461568510
8461547962
8461546664
8461545840
8461545026
8461542668
8461538854
8461538722
8461536193
8461520956
8461520408
8461518163
8461517872
8461513623
8461510481
8461510157
8461508778
8461508755
8461505151
8461500929
8461499025
8461497693
8461496483
8461494471
8461493955
8461486658
8461481333
8461480281
8461428257
8461426720
8461425741
8461421068
8461420677
8461418312
8461416225
8461397234
8461395308
8461393537
8461393208
8461392534
8461391316
8461387843
8461386131
8461385850
8461384228
8461367900
8461366515
8461365052
8461359625
8461359149
8461358495
8461355976
8461335432
8461330303
8461329475
8461328939
8461327569
8461325254
8461323301
8461304867
8461302057
8461301406
8461300117
8461299611
8461298354
8461285905
8461284222
8461283401
8461282774
8461282364
8461280112
8461279893
8461278730
8461278337
8461275988
8461270833
8461269543
8461267455
8461261006
8461204131
8461200242
8461196510
8461185178
8461183324
8461179407
8461172228
8461169348
8461166832
8461146068
8461143471
8461137397
8461115182
8461034895
8459166835
8458458623
8435987137
8409293266
8406641873
8396925022
8396823033
8396675447
8396508519
8396459964
8396431852
8395455597
8395401841
8395144622
8394995900
8394922556
8394864036
8346611276
8346537481
8346403032
8301018113
8216213962
8190484883
8078051916
8044724132
7900604060
7804165518
7690703519
7690597496
7690520632
7667204487
7645469871
7644491673
7644266402
7628988639
7614876122
7554236124
7554185745
7553566304
7553507085
7553362026
7268817976
7045056333
6950589308
6945851995
6904952923
6904943268
6895674045
6895645805
6895474019
6895376205
6833162803
6744626750
6744357255
6741750174
6729130069
6729096881
6728946390
6728906021
6728788642
6725719312
6725684020
6725584505
6725571751
6713132184
6713093004
6712977925
6645231770
6575627902
6573861768
6573846055
6570230638
6570197847
6570037505
6353419500
6320588538
6297504758
6294925996
6294848980
6294696228
6281602308
6281574402
6263504822
6262580777
6262571299
6262524428
6262477015
6262283264
6244911397
6212886317
6212658604
6212489443
6211444837
6206308137
6194363463
6194181774
6184424631
6177596389
6177325168
6162695924
6149499084
6149468750
6146989052
6137255986
6134175574
6122633792
6122472934
6122442703
6104841138
6091502474
6091318364
6085195146
6085117788
6084065891
6083447512
6067000908
6066251817
6064155149
6064046394
6063960117
6051839805
5994688186
5990701154
5986662428
5953030006
5952772857
5940630711
5903621501
5884902107
5876676678
5876667827
5872328825
5871744215
5819297858
5783820307
5783574912
5775126486
5775053769
5774939227
5774344684
5704190762
5703871248
5703828953
5697979061
5657391952
5656971231
5655015333
5643226897
5642815658
5642710460
5641460793
5637475723
5637433263
5637179644
5636946462
5636760274
5636638411
5599228841
5585278965
5563110005
5563067441
5541396493
5541339990
5541297725
5528303371
5500698368
5493728698
5493625237
5461897425
5450360371
5432167052
5430462900
5422412009
5420941427
5420500127
5419971194
5337043718
5332632118
5332586492
5328553769
5316997359
5316971009
5313742268
5313654359
5247600816
5247529457
5186869627
5181362824
5181247304
5180716090
5180668887
5180609950
5180543001
5180493566
5180468590
5180461194
5180421079
5180365241
5180321326
5178359098
5170513560
5170482452
5165489709
5165379880
5165284422
5140542230
5120899018
5113324820
5108750145
5108716180
5108646466
5084158238
5079148805
5077728958
5077661925
5077157755
5068443133
5068421465
5068409780
5067998563
5067668166
5067608285
5053576112
5052025413
5051082066
5039679363
5038804467
5038565820
5025147625
5017494343
5017410715
5016902634
5016122332
5007367631
5007335741
5006228046
5002025766
4997891517
4989653385
4977714412
4977416285
4977328727
4977255345
