398180454010191872
398179561193889792
398166172480598016
398165872453636096
398164990236327936
398164728524324864
398164235563573248
398153919760957440
398152330065240065
398150506524450816
398150423905071104
398150015568576513
398149433340469248
398149129010171904
398124690700775424
398082203240103936
398080464738877440
398080134009589760
398079921362599936
398079452502319104
398078013033947136
398074784225181696
398074363238678528
398072893835575297
398072373934821376
398072196545150976
398071915493228544
398071250725384192
398070718501773312
398070124705755136
398069987652681728
398069739471527936
398066320245534722
398065459779891200
398065249565540352
398060156518674432
398058889880817664
398058663027683328
398058529707540480
398050628188274688
398043126272888832
398042964691542017
398042591885029376
398040810962571264
398040765655703553
398040614476185600
398039653301100544
398036043058143232
398028827240464384
397854876702879744
397853385363554304
397852753411985410
397852294202810368
397851877603545088
397851342288715776
397803347149078529
397802718523564032
397800442157342720
397799978347008000
397796960885026818
397796786997567489
397658828692807680
397656305181405184
397655939031248896
397654672615673856
397654588746375168
397653826360332288
397653627487391744
397653224620326912
397652863528480768
397652657852407808
397652553879793664
397652476121583616
397651973211971584
397651764662788096
397651349326024704
397651091774787584
397650934698094592
397650111301685248
397650062014414848
397649874491310080
397649783852396544
397649650452541440
397649402091040768
397646515571027969
397645180721172480
397444078432157696
397443847296659456
397443524280725504
397443423067971584
397442769184366592
397442255705108480
397440947031912448
397431001267576832
397395980360093696
397395925024636928
397392271198670848
397375827157221377
397373161282740224
397372294504665088
397370097716969472
397369071433293824
397366573801144320
397365701033607168
397364644081582080
397358963785998336
397356930567794688
397354956304678912
397354493240950784
397353686210711552
397353621329039360
397352714994470912
397352550447742976
397321224462008320
397311469655957504
397310415648358400
397305465333612544
397300241319596033
397298837716746240
397297252148191232
397292673981493248
397291039532523520
397289439384596480
397289422125006848
397289366118494208
397287863844614144
397287577440780288
397142115974905856
397142045296689152
397138830786301952
397129723148779520
397116164880744448
397115800693514240
397114190860914688
397114085781028864
397100847777480704
397100296725598208
397100224008945664
397100047391014912
397073688342040576
397043488996753409
397027231933157376
397027148579360768
396957078163820544
396956978427486208
396956581172350976
396956542756741120
396951510195924992
396951439651921920
396950543501099009
396945979146256384
396943191532142592
396942978532786176
396942911444893696
396937879362207744
396937814111424512
396937092875710464
396936344704151552
396933680519999488
396933626732236800
396933594050211840
396933568636944384
396933525800509440
396931810485370880
396931767376297984
396931692306640896
396931656298553344
396931637864591360
396928515301720064
396928043140526080
396927926375313408
396927863519477760
396927754408849408
396926862829830144
396926739433410560
396926271663644673
396925992155230208
396925874093981696
396925122244014080
396925007299100672
396923592396779520
396923319234330624
396923283670839296
396923212984254464
396923183166943232
396923137985884160
396923100077772800
396798999816335360
396798913820495872
396791324709777410
396790867476090880
396786364110626816
396785156675350528
396784900554391553
396784831113482240
396784745046372352
396784658543038464
396784178777182208
396783939500920832
396783247461720064
396781949458845696
396781454656811008
396781112401596416
396780024092557312
396778339488514048
396778076476297216
396776805627334656
396776201496576000
396774782337048576
396774541227487233
396773782612103169
396773672893300736
396772747420135424
396772142882504705
396772060216958976
396771674483609600
396770857345101824
396770362924752896
396770201523720192
396769309059723264
396768258965381120
396766267077844992
396765795570958336
396765544697061376
396765296071303168
396765055527972864
396764174791221248
396763943626371073
396763804165734400
396763272877461504
396762996380557312
396762936561369088
396762827266207744
396762667366748160
396762403196903424
396762096391962625
396761587266367488
396738182089551872
396737013246070784
396736856605622273
396736523447840768
396723103482802176
396716111431204864
396712426923896832
396711565963325440
396711353702182912
396710378958512128
396692817646747648
396674198573428736
396673816786915328
396663822226063360
396663164202680320
396663015153872897
396662577398546432
396662044164116481
396648810027712512
396646912616845313
396643820345241600
396643420405780480
396643103727431680
396641285177892864
396640754527117312
396640544946139136
396636348997959680
396635917269471232
396623118695165952
396622944173961216
396620851850014720
396616475840348160
396598828423729152
396597981644062720
396584873148026880
396583790233280512
396583704891777024
396582317655085056
396582173731717120
396581954822627328
396581114183417856
396580894229950464
396580568819068928
396580243844386816
396580184629194752
396579117820571648
396578780518825984
396578518701981696
396578389647458304
396578200513703936
396574491461308416
396571672490553344
396291167442444289
396288296751730688
396287977380671488
396287656424140801
396286399714164736
396285933341147136
396285465764327424
396285317722169344
396285204828282880
396284844604678144
396284459588521984
396283881965756416
396283314249940992
396283107877588992
396282896862179328
396275039995428864
396269543292936192
396264710183849984
396264302606548992
396264044065456128
396263901022928896
396263188821712896
396263056252358656
396262845647974400
396262230020620289
396260288397582336
396259936407412736
396259786440052736
396257763376259072
396257576348041216
396257498845700096
396256878063525888
396256384888877056
396255620850262016
396254632793866240
396254537142775808
396254456456966144
396254328811704320
396254051429793792
396253379053486080
396215457457647616
396210865701404672
396206031665381376
396202894560862208
396200647613480960
396200216183193600
396057520651124737
396056348540276736
396053016786522112
396052572873965568
396051703612841984
396050655028477953
396049956660084737
396049435354226688
396048270088474625
396047929775247360
396046532275081216
396044951987187712
396043670400823296
396041890476621824
396041575845081088
396041039901097985
396040829196054528
396038791879983104
396038681188118528
396037245251366913
396036452934766592
396035733754249217
396035354975035392
396020931988299776
396020350318039040
396019162881228800
396019092467228672
396002789840924672
395994605369716737
395974983933263872
395973908681465856
395961261479194624
395955577249337344
395955015019675648
395954938729496576
395953163570003968
395952736350781440
395952280807415808
395952205150584832
395952088808980480
395951928515252224
395947628749672448
395947163634900992
395946965902839808
395946785233182721
395945791707447297
395945502162030592
395945268098904064
395944640425525248
395906864162299906
395884303047217152
395879573130604544
395877198227570689
395874726595555328
395869116927844352
395868827499905025
395868775096270848
395868388259815424
395868323013201920
395868175763775488
395866445961510912
395866112170405888
395863381498146816
395862912100999168
395862545892126720
395861887965216768
395861795887677440
395861243443298304
395861148459098112
395861056490582016
395860909039833088
395860822800760832
395858031193628672
395855962084769793
395854831614976000
395854020809867264
395853970226544640
395852873130860544
395851698293723137
395850100221943808
395674286977212416
395674143792058368
395673969942360064
395673791738953728
395673514575134720
395656326648692736
395655959227289600
395629790759493632
395619160254066688
395617201522491392
395614477556920320
395612106051293184
395611914631647232
395611799728701440
395611564730228737
395562759536267264
395558747055341570
395549037887496192
395548341159100418
395548318409183232
395547718581772288
395547065859989504
395546673495420928
395546028528906241
395545170537500672
395526407595765760
395526130612314112
395525754379063296
395525556789596161
395525460630974464
395525373708230656
395524908345995264
395522856396013568
395521786856890368
395520762976935936
395519723523551233
395519324255166464
395519042246959104
395518721248473088
395502442747797504
395502300699328512
395498957574778881
395498337816027136
395492268440035328
395480425348730880
395475637630431232
395473652873179136
395471234257137664
395470458612895744
395349321736282112
395348731337637888
395347683860578304
395346503654711296
395346478488911873
395345824160677888
395345643818217472
395345480097751040
395345363185696768
395344863023349760
395344542507229184
395344315431792640
395343827059634177
395343314993827840
395343171963871232
395340957623009280
395340258751287296
395339784929169410
395338069928579072
395337978903797760
395337663517298688
395337500140793856
395337251913465856
395337075035471872
395336657903583232
395336506015223809
395336431323062272
395336073737666560
395335896008257537
395334913282818049
395333895564304384
395330209366683648
395325859407876096
395325179083366400
395325039429816320
395324765894115329
395324499895521280
395324230327615488
395323839661740032
395321232847278080
395320689378721792
395320214872920064
395319264670142465
395317525841739776
395314471809581056
395312311172595712
395311196070772736
395310625871896576
395310078402002944
395309703007571968
395309465786150913
395309209665142784
395308674258075649
395308243683389440
395308165216346112
395308004293492736
395306900419796992
395306679346429952
395305613099798529
395305494069653504
395305213512654849
395303217179152384
395302657763860480
395302079172202496
395296845041500160
395296126850834432
395295822059159552
395293369674768386
395290847123869696
395290788101648384
395290716110606337
395290627979886592
395289977330102274
395289776691363840
395289716435988480
395289570369359872
395289329180090368
395229725008068608
395229172567904256
395215613289058305
395142868215808000
395141681307480064
395139842960785409
395139046680563712
395136066262663168
395135847873675264
395134480035622912
395134301735772160
395133305445961728
395133267097436160
395132938263994368
395132811780571136
395132732374020096
395132541306667008
394966634622124032
394963055073058816
394954277044912128
394954199760650241
394952794807209985
394951998971609088
394951676958101504
394951472913604608
394950732371464192
394950454544982016
394950267680346112
394950082275336193
394949796538368000
394949353657606144
394949262796394497
394949193619763200
394948619641847808
394948179613196289
394948046964137984
394947805992984577
394947594994339840
394947478304608257
394947241120890880
394946941421113344
394946836467056640
394945756349886464
394944993963827200
394944853823725568
394944754271911938
394944203840843776
394941579578073088
394940301745602561
394940193327042560
394939802308870144
394933227858960384
394921593958567936
394913114829103106
394912120670019584
394911978613141504
394911613532512256
394906253589508096
394905415383015424
394904951836901376
394904320246022145
394903128677822464
394895482050600960
394886168141389824
394871858124050432
394863840267341824
394863605617000448
394863322316951553
394860521641742336
394860285947039744
394859753828282368
394859443378454530
394859081443590144
394858504827465728
394857235148718080
394857060569206784
394856785867444224
394856353862537216
394856207397437440
394855157596717056
394854504430333952
394854198430683136
394853978552664064
394853596086685696
394853333649076224
394840726259118080
394795328979083264
394790738015576064
394753936894476288
394753820582244352
394751054522642432
394750905914236928
394750822644719616
394750350902984704
394749615276163072
394545632989675520
394516439685935104
394515387842564096
394502808017592320
394447447486763008
394402002886590464
394401750255681536
394401467911929856
394256048502358017
394250559722913792
394248657106894848
394247283958898688
394245694468673536
394245461382823936
394244942773911552
394244630872879105
394243771233488896
394243221452517377
394242297745145856
394241664149360640
394241289174413312
394241182890749953
394240909451481088
394240511336538112
394238689771261952
394238611321016321
394238227106000896
394238119241080832
394237684463718401
394237017376452608
394236517763547136
394235568051462144
394235330796453888
394234800619675648
394234231591030784
394231851457720320
394231170139164672
394220415775956993
394218989158924288
394218035705577473
394217637791936512
394216855831060480
394216527492567040
394212019047772161
394211969383014400
394211336135389184
394210862749454336
394210800023633920
394191309822771200
394190844296962048
394190679989293056
394189643874598912
394189387661316097
394189229267619840
394189175572168704
394188750924034048
394188464864108544
394188200903995393
394186680376496128
394150543939366912
393863206130946048
393863075453206528
393861028934860801
393857857361571841
393853796017000449
393853477816115201
393853223045320704
393853120318820352
393852864277528576
393852692730486784
393850741854834688
393850392335093760
393850166203416577
393648124063129600
393016142123782144
393014537013956608
392747920824750080
392747738963931136
392014770100252672
392011342275960832
392010443155574784
392010166025342976
392010044453453825
392008505479417857
392008206865956864
392007976326012930
392007777260150784
392007601535614976
392007253395767298
392005226481598465
392000685338013696
391997852253454339
391996071662329856
391995900014637056
391962140921569280
391900089880293376
391899503919656960
391899445300056064
391890266732638208
391888713133072384
391888654714814464
391887733867958273
391887566628478976
391887457689808896
391885516372979712
391884799721607168
391884250855002112
391883580760399872
391883269987655680
391883190140669952
391882930769100800
391882851572277249
391881950279249920
391881806838255616
391881297389703168
391881139369279489
391880986658897920
391880913715744768
391880507631628288
391880444419244032
391872519713865728
391853938146025472
391853693689421824
391852094157631489
391668628774731776
391639823288909824
391637215421681664
391619973720068096
391619550942621697
391580666024185856
391568742754549760
391560416335519744
391559033678991360
391558187490746368
391557952853000193
391553907442581504
391549576974700544
391549496783826944
391548058196254720
391545108996567040
391544928708616192
391544843228680192
391542387954421760
391540540103475200
391540144874196992
391535028108529665
391533604238811136
391530123570462720
391527520363098112
391525682968526848
391521203607048192
391195975160979457
391195648923815936
391190203857379328
391189447062339584
391188497505460224
391187637052391424
391187087061708800
391182244817408001
391180849737392128
391180740236705792
391180029402836993
391179766633885696
391179380338483200
391140365237227520
391139860268204032
391139564980830208
391138539251200000
391137836264861696
391135053528715264
391129462961876992
391128508095021056
391128448946929664
391128354851921920
391128197016064000
391128072420077568
391127273849757696
391126494984278016
391125926177951744
391124826003607552
391124515457339392
391123594975395840
391122724049158144
391120529987743744
390970091564969984
390954615879237632
390953133184393216
390952996756258816
390948551897137152
390922814414651392
390922319671349249
390921930221834240
390921571315224576
390920253955657728
390917863923798016
390915574924333056
390914199250935808
390913871164485633
390908053828403200
390891269335306240
390885883370819584
390883903499927552
390883573961863168
390882072044535808
390881376964444161
390881045052411904
390880952257642496
390880353222934530
390880247643930624
390879668670578688
390878045416198144
390874193061240832
390865894043549696
390864206532460545
390863315477725184
390862490198085632
390862238003003392
390861905897992192
390861511532769280
390861198390202368
390860842075697152
390860617944690688
390860481424285697
390859953315254272
390852579338756096
390848763180638208
390847546094288897
390847149787058177
390846640766332928
390800763783766016
390800398082392064
390799581724024832
390779390805958656
390777951383719936
390777080537178112
390776593888854016
390776157110824960
390775943213887489
390775806865457152
390775458192961536
390775115124051968
390774910089695232
390768106743689216
390759962668183552
390757872537460736
390619589119582209
390618879808274432
390618674169905152
390618594159382528
390617734834581504
390617202531270656
390617070771392512
390616844148948992
390613574433144832
390612248525570048
390611825903276032
390611703249244160
390610923951779840
390610725376634880
390610428562505728
390609688146231297
390609406804914176
390609320880386048
390608737167478785
390608484678770688
390607091553271808
390606778528182272
390605620749291520
390604612950302720
390600132213112833
390599431219052544
390598125746143232
390596111314190336
390595752848007170
390595627346046976
390595251880337408
390595112340045824
390594678145699840
390594455843373056
390593782477250560
390593710402330624
390592775760404480
390576117784264704
390575076523130880
390574322617962497
390574221723987968
390574161317597185
390573591261347840
390573541084901376
390544415749865472
390544184798892032
390543897115783168
390543167030067200
390542981050400769
390541191269593088
390540344980676608
390538919173189632
390538413335920640
390538185358721024
390508515640737792
390491030715658240
390490337711779840
390489803139350528
390489675301126144
390489541280559104
390489411697524736
390489165164707840
390488252521918464
390422881743929344
390422251700768768
390421878839709696
390421711021424640
390421669271306240
390420387177439232
390420020016480256
390419866580434944
390419682790223872
390419418913996800
390419124699930624
390418827579641856
390415720326381568
390407152508358656
390403775342858240
389699541207101440
389694600824520704
388985320412569600
388942795031203840
388818497004126208
388816588486758400
388816540071886848
388816260257312768
388815237367230464
388815180182073344
388815097105502208
388814779009478658
388813941725724672
388811246491168768
388810874921570305
388805068851793920
388803794353782784
388803084044234753
388802858973667328
388802431553114112
388802278167416832
388801563818721280
388801504674840577
388801202924032001
388800795619368960
388800449476034560
388800198283378688
388799703405846529
388799087828422657
388795939248668672
388781233502973953
388768696157868032
388768338530553856
388768273309130752
388768080023007232
388750108004986880
388746176608358400
388745100257685504
388729902327164928
388715205435604992
388711566671347712
388711222528729088
388711085513375745
388698771062013952
388692688230694913
388668927171391488
388667979401277440
388667623929835520
388667411161178112
388662623740624896
388655503985111041
388654303080374272
388652724872839168
388652313965260800
388652089293172736
388650794700275712
388650502143373312
388650089293819905
388649609838723072
388648919359844353
388648559375302656
388644554679021568
388642866542948352
388641057866809344
388640730417467392
388639700862636033
388639649398546432
388639134765821952
388622504337899520
388620960724971520
388620372259917824
388605685988347904
388604887871021056
388604087610380290
388602872335966208
388602567942733824
388599311573204992
388589632994426880
388578298236002305
388577937014157312
388577632931287040
388576584430796800
388575426257629184
388575288973860864
388574369926361088
388573869633974272
388406185088802816
388377806629249024
388375908522151938
388374064500584448
388366090239504384
388342781741395969
388336527895703552
388330539314610177
388330409375051776
388295482529050624
388293935829114880
388292913610121216
388292144630599680
388291557163819008
388290507027546112
388289947884871680
388255814668263424
388251553846411264
388239140690878464
388230811411283968
388220160391512064
388210786658975744
388209670818914304
388208589456019456
388208087297163264
388207481388036096
388206061926514688
388205785349902336
388205627576967168
388047036857475072
388045998289084416
388045658508496898
388043498609709056
388042823519703040
388042407725768704
388042046789152768
388041992510656512
388041925330468864
388041651140452352
388041566839128064
388041455467773952
388041345019166720
388041004378775552
388040908081737728
388040721045155840
388040573023969280
388040370053214208
388040323244765184
388039965814185985
388036529224167424
388036303969087488
388035132181184512
388034893382696961
388028183217725440
388027444894400513
388027394835353600
388027330247290880
388027286035124224
388022826894372864
388022749765320704
387983801626136576
387945997575684096
387945546037886976
387945461900136448
387945292160827393
387944768460054529
387944571847843840
387943475238690816
387943284100038656
387943059184689153
387942916775481344
387942700085170177
387942340524273664
387942066745257984
387941440502104064
387923638093373440
387923156255518720
387922798314000384
387921749360537600
387904098114482176
387903034116030464
387898659150778368
387898608856862720
387894878912655360
387892788454756352
387891861912027137
387891533271552000
387889116446457856
387885436401901568
387883881250439168
387882946713378817
387881365712408576
387880297276399617
387878593260716033
387877497729466368
387877286529486850
387876685607362560
387876498839175170
387876160052686848
387876066423226368
387875869773283328
387875497457516544
387875005960585216
387874800775200768
387874748476428288
387874431672258561
387874156559470592
387873781030858752
387872838935650305
387872615463129088
387872216140226560
387872148087635968
387871470653046784
387870882091499520
387869965774512128
387869047037374465
387868841092874240
387868791004487680
387868556924571648
387867521455779841
387867436655341568
387867214642442241
387866864078290944
387866579851284481
387866222324613120
387865704785260544
387864816435859456
387864619265839105
387864502999732224
387864338817880064
387863751950884865
387863730991955968
387862770865418240
387862034874130432
387861819366596608
387858648799928320
387858551118782464
387858508974411776
387858386265833472
387722137479680000
387722106492182528
387722031741288449
387721504865390592
387720716512407552
387719917405241344
387719539066429440
387719249558777856
387718576503021568
387717151370797056
387715945017671680
387715771427979264
387715661507862528
387714824580632577
387714503401816064
387714385030152192
387713180941950977
387713113044566016
387711115763130368
387710805866975233
387709792900612096
387709667625144320
387709230612242432
387709100030971906
387708796967321600
387708770484518912
387707986665549824
387707890003636225
387707779726974976
387707734378164224
387707150577180673
387707103793930240
387706651815735296
387706402552426496
387705514953814017
387705393226743809
387705347701735424
387705104251752448
387704605129584640
387704520597573632
387704063477182464
387703978177613824
387703469593079808
387703164667179008
387701625697349632
387701117918117888
387701081570312192
387691837613674496
387691620885622784
387691297676730369
387691189262372864
387691054159630336
387690748831076352
387690656246005760
387690503241998336
387690449487822848
387690379342270464
387690179341070336
387690154242355200
387690101352189952
387689752159604737
387689640226222080
387689547825676288
387689407194873856
387689326190272513
387689237208109056
387689111051837441
387689042021978112
387688910840926209
387688009984135169
387687923736662016
387682944045047808
387682753338425344
387682704244101120
387682404951146496
387682299988692992
387682242841313280
387682039367217152
387681229107392512
387681181397172224
387680865494777857
387680633100992513
387680370432696320
387680267424788480
387680237322272768
387680200747921408
387679992978870272
387679593718890496
387679342064857088
387679049927389184
387678984924061696
387678945896038400
387678869891067904
387677885634727936
387677830181838848
387677780466761729
387677437460754433
387677281986306048
387676969384816640
387676729701314560
387676673430528000
387676218436628481
387676128607215616
387675797240442883
387674487719985152
387674443130355712
387663054164754432
387661737232957440
387658998469910528
387658979280977922
387657673053052928
387657310237384705
387657285243506688
387656415982411776
387655049415245824
387654529443196928
387654266523242497
387654214262198272
387653180802490368
387652863083945985
387652448338575360
387652386111909888
387652295204556800
387652220344610817
387652058499014656
387652009702481920
387651600317448193
387651528116670464
387651278920511488
387651055531855872
387651026565996544
387650909557510145
387650410124963840
387650018045599744
387649096372482048
387647906351968256
387642986781507585
387642882515279872
387639071541313536
387638196257185792
387629593030840320
387628444471009280
387628389966041088
387627768017862656
387626902745522176
387625592201687040
387625504616243200
387624380244963328
387624058256633856
387623991147757568
387623889012281344
387623756296097792
387623305211305984
387623277432410112
387622807968153600
387622675096813568
387622549917798400
387622524454187008
387622316366376960
387621841818628096
387621611853340672
387621359918276609
387621319623585792
387621199179939840
387620793766928384
387620520520581120
387620460755951616
387618671818186752
387618488619368448
387617885109358592
387617730301792256
387617601494736896
387616398618689536
387615930546937856
387615793946828800
387615567336992769
387615506876084224
387615200024997888
387614835946815488
387614654002110464
387614362305056768
387614014660161536
387613941884784640
387613814558310400
387613696459296768
387613598039957504
387613205373407233
387613111450357760
387613033562144768
387612753906900992
387612587053318144
387612462398590976
387593814439129088
387593337077002240
387593111314391040
387592590121783297
387592049010425856
387591926813577216
387588673006751745
387585859232731136
387585608522403840
387585426602881025
387585062218498048
387584979343253505
387584836439113728
387584422104817664
387583936437964800
387583862496559105
387583404570861568
387583331925512192
387583100035026944
387582858292101120
387582434709348352
387580837044432896
387580344687685632
387579323135565824
387579117685993472
387578877759205376
387578469280141312
387567474667175936
387566404352098304
387561323124760577
387557465086500864
387507606681825280
387507262602084352
387495200048029697
387494919818207232
387494840063520768
387494398726258688
387494173143990272
387493150400720896
387493106687680512
387492817402339328
387492737882537984
387491930881675265
387491772852875264
387491648617607168
387490828698288128
387487901908738048
387485722376433664
387485510689890304
386788786497413120
386781165472215040
386780410774294528
386780308965974017
386780005407416320
386758218346942464
386755276520828928
386754496254443520
386579694382231553
386576277400199168
386575046317469696
386574125357342720
386571646745993216
386565312701026304
386565094060347392
386564751884836864
386563023957417984
386553904600989698
386540564134780928
386536219221712896
386536078465040384
386535478276939776
386534694390870016
386534582386167808
386534556528291840
386534379251834880
386534285492371456
386534129447092224
386471338661408768
386463435384713216
386459300836962304
386459111023710208
386458863035502592
386458244040118272
386457633089404928
386457465141067776
386454524082528256
386449381689671680
386447453513605120
386446706759716865
386446445668470784
386298485148246016
386297835165323264
386297655682666496
386297234960416769
386297156564709376
386296805727956992
386296482925924352
386295222533357568
386283115976880129
386283013040254976
386282772769566720
386279742619787264
386279053751508992
386278434739335168
386278245504909312
386278110750334976
386277540949934080
386276328041099264
386276220029374464
386275582805544960
386275464672989184
386274799498305538
386274715499003904
386274471168188417
386274417195884544
386274296244756480
386273805242753024
386273696639623168
386272964033122304
386271934260195328
386271563760541696
386271007251918848
386270753618141184
386270543064084480
386269871031742467
386269674713141248
386269232805457920
386267980545667074
386234991807856640
386228359250063360
386227560969162752
386205708360105984
386205222559027200
386205017197527040
386204260666724352
386204097239842817
386204052230799360
386203978436210688
386203611279400960
386203311290187776
386203231778783233
386203081815625728
386202105733984256
386197243256389632
386197112343760896
386196827680550912
386195807965548544
386186848563122176
386186802325127168
386184739289587712
386180845129981953
386172762337054720
386172062190284801
386171357266214912
386171230396891136
386135061302886400
386134780892680192
386134265052028928
386134194130542592
386132730582667264
386132255569379328
386129341207572480
386129211268026368
386127160089800704
386127000060297216
386126804354072576
386126764206223360
386125922845609984
386125826703777793
386125274028728320
386123937509548032
386123313799757825
386122970030436352
386117182914326528
386082022508494848
386079244583198720
386078803837341696
386073760740421632
386073559795503104
386073250536894464
386073189333602304
386072459449221121
386064664461074432
386061979162804225
386060302431035392
386054047192850432
386053363349331968
386053291890970624
386048003855093760
386046560024690688
386046432601735168
386043383904759808
386043267256958976
386042452953821184
386042023318667264
386041324463751168
386041214203875328
386041130003206144
386040872942706688
386040040423706624
386039795627356160
386039680330129410
386039364754878464
386038680353525760
386038468008480768
386038408193515520
386038066529701888
386038006672809984
386037576920203264
385875747107528704
385857886691536896
385857771553693696
385856894696718336
385856408211976192
385856142343430144
385841060783865856
385833074690637824
385830105580572672
385829819805868032
385828844126867457
385828542359298048
385828021376413696
385827953315442690
385822905189548033
385819831112839168
385773554471800832
385771933360730112
385771132848443392
385770709769011200
385770535000760320
385770073157550080
385769861475205122
385769558898126848
385769385874702336
385768901109616640
385768762664026112
385768566672588800
385767770623070208
385766879018881025
385766285294202880
385766211197607936
385765101229572096
385762253804687360
385752768407171072
385747753336594432
385746984336097281
385739805604454400
385737750022193152
385736415654715393
385733747804737536
385733682751090688
385732129159909376
385731430548267008
385727648116506624
385726770684895232
385726443801812992
385726015244623872
385725712751407104
385725380667387905
385725063150178304
385725014588551168
385724716096692224
385722337402036225
385716145028091904
385711824123228160
385710711424679936
385709744373379072
385709460708392960
385709314989891584
385708814630404096
385708528436260864
385708481988542464
385707647326257152
385707201404616704
385706878644523008
385706652407959552
385706250442637313
385706237352218624
385703170980454400
385696921127759872
385667583783206912
385666928951709696
385666884311724032
385666689016549376
385517318304174080
385510237392097280
385506474459676672
385506048251281408
385502972056461312
385502429351247872
385502375626424320
385501785726914561
385432882464161792
385431867388084224
385431721094963202
385431216037855232
385431004162572288
385430800994668544
385430174038511616
385429478329315329
385429389024186368
385428150668521473
385427955759185920
385427716306386944
385427380325847040
385426880142532608
385426684889280512
385423415978770432
385422702020145152
385421971858948096
385421401496518656
385420926256709632
385420615270006784
385417944836341760
385397371368378368
385385473570770944
385384550979076096
385383099569545216
385367478257582080
385367343716909056
385365985865531392
385365701592363008
385363221215195136
385362600634351616
385358599209635840
385354330909728768
385353745288413185
385352990812827648
385351484319477760
385350981929943040
385350743022379008
385350355867168768
385349350664445952
385348905678159872
385346909944426496
385334086828818432
385333973054128128
385333656975585280
385333602625814528
385332284905521152
385331416550363136
385330678193483776
385330167042043905
385330027149426688
385329419218612224
385329289216159744
385315316601225217
385313263682334721
385312654283517953
385171654403690496
385171014315159553
385170243779588097
385169949377191936
385169395561287680
385162240925908992
385161729715757056
385160980856336384
385159694371016704
385159346856144896
385156654452715521
385155296815235072
385155167823593472
385152045348814848
385151854860316672
385149521397022720
385149190168641536
385148848987189248
385148022822559744
385131413206736896
385129894705115136
385125862355775488
385101860023316480
385101419004841984
385101006889308160
385100523529330689
385099784966909953
385098805089415168
385096354382749696
385095943252877312
385095605808529408
385095008908759040
385094764020129792
385094447572455424
385094110883090432
385094060593389568
385093837603213312
385093552835149824
385093325885571072
385092776687587328
385030608935985153
385029533461929984
385018337547530240
385017554898812928
385017088647385089
385016745704296448
385016383274512384
385005610452123648
385005510564786176
385005405249994752
385004487246880768
385002556151570432
385001006901497856
385000225246806016
384998742606495744
384997902789394432
384997037491904513
384995040030105600
384991301651144704
384991014496518144
384990599797288960
384987816507502592
384855274366189568
384854827190468608
384853990242279424
384853316209246208
384852069242658816
384850597591412736
384849832533581824
384848158041595904
384847426575937536
384846104325804033
384741827477135360
384701158579007488
384700652024512512
384700350705725440
384665840622534656
384657774682316800
384656670808637440
384653715963396096
384635381679140864
384634525290348544
384588794592505856
384585147183804416
384584002579202048
384583613289103360
384583070604857344
384582675220426753
384581419567435776
384580956419809280
384580168045834240
384579828856668160
384579614439645184
384579462022840320
384579262478835712
384578966914621440
384578678124191744
384577540482170880
384414224644337664
384399310722727936
384394431816040448
384394325893087233
384393526202884096
384391872191664128
384391314768670721
384391229028716544
384391011700867072
384367909117911041
384365561888915456
384365511938936832
384365409245614081
384364895904727040
384364589393387520
384363013043916800
384362935856144385
384362739952779264
384361025484898305
384360676053229568
384358513021288448
384351997748838400
384351096787173376
384350074270396416
384349896847130624
384348752703942656
384338255183093760
384338025343238145
384335382869209088
384335178753409024
384334707192004608
384334601113829376
384333851704958976
384323357975801856
384311895937007616
384309958990651392
384309188404723712
384308605199327232
384270569279352832
384265531706314752
384263818534473728
384261028273737729
384260389808394240
384257006842171392
384256564200488960
384247923011497984
384247705339715585
384247335632789504
384247284290318336
384246919490723841
384064956607782912
384036779114135552
384036381955477504
384035944049180672
384034120663592960
384033797400166400
384033485952143361
384032984737013760
384032245306372097
384031299360784384
384026425155923968
384019682426384384
384019355908182017
384006571883528192
384006489880678400
383981844150378497
383980773411655680
383958104901050368
383894437702955008
383893892070129664
383893523143335936
383893204472709120
383892552157773825
383892487620005889
383891738840301568
383891506249342976
383890533569286145
383890334151098368
383889897758928896
383889843274919936
383889568971644928
383889480350199808
383889402029965312
383889030737563648
383888868367691776
383888795982381056
383888586749521920
383887805367484416
383887671283941376
383887568401891328
383887385807032320
383887210262843392
383886868095713280
383876859630743552
383695352295346176
383694125796974592
383688633523642368
383688252278177792
383688016428302336
383668305065938944
383625879148306432
383622150474973185
383606119182401536
383593911811604480
383592660982063104
383592616832811008
383591691812601856
383591413805776896
383591272352874497
383590449573027840
383589874970157056
383589479384350720
383589153080086528
383581637617135616
383542985600028672
383542396321292288
383542129152524288
383542097229651968
383541367915679744
383540671833202688
383540547878522880
383540014103412736
383538763018031104
383535538235777024
383524948033417216
383523434942451712
383523256520933377
383521128750522368
383520316443873280
383520236894695424
383519690544660480
383519476635168769
383508192627789824
383508068187013120
383508020527132672
383506288157929472
383504561526566912
383504216578592768
383501863410073600
383319399933153280
383302388255555584
383302277140082688
383302237898166272
383248190373625856
383247904288563200
383238647740641280
383238469818257408
383237873119399938
383236979661766656
383236798782402561
383236775080390656
383236670474424321
383236543768694784
383235561810837504
383183635819810816
383027567852519425
383022000194990080
383020122556088320
383019089549348864
383013895864328192
383013072916742144
383012012152066048
383011108019511297
383010768192802816
383010514210947072
383009626373234688
383009185862270976
383009001702952961
383008772647837696
383008404081741824
383007652936048642
383006995017904128
383006067585990656
383005589351456768
383005027084009472
383003480044371968
383002995459633152
383002724838957057
383002065720868864
382967905111273473
382964311544832000
382960315555913728
382959686397755393
382959450618728448
382953474285379584
382925023646085120
382922039583313920
382921087874777088
382907287909986304
382906464945602560
382906303498420224
382905898748108800
382903110542577664
382888456239988736
382887538299781120
382887241343041537
382887128860225536
382886835300884480
382886760130572288
382886355048857600
382875308342644736
382875067145027584
382873325548363776
382872886148890624
382872813612564480
382801497161232384
382801001482563584
382628377116815360
382628323974975488
382575487031455744
382559926197186560
382537848747872256
382512675055738880
382512476644184064
382512288324145152
382512253813411840
382511879702454272
382511187784908800
382510739766149120
382510284013076481
382504082709422080
382503756090605568
382502755782631424
382501097979781120
382500671591034880
382498324781469696
382497104771710976
382496224198557696
382496004685438976
382495294342299648
382491185442734080
382490440475619328
382489634552688640
382479265314639872
382458948735234049
382458747723198464
382458221367398400
382456164984037376
382455248557998080
382453735550877696
382453273833533440
382452523690643456
382449016849858560
382447426768220160
382446000281247744
382436110749937664
382431540967641088
382431166269509632
382430767923884032
382429133177094144
382428142876770304
382427838009602048
382426502648066048
382426472612642816
382425708657905664
382425511290753024
382424068370477056
382423638185881600
382267942932844544
382266386799923200
382265936063254528
382265673361408000
382265369001754624
382264623762006016
382264231611338753
382264138011250688
382228148202766337
382224167212707840
382223651745333248
382223608372027392
382211844259475456
382181100631916544
382180715762556928
382180247560806400
382180032044871680
382179315913601024
382160714166968320
382129878176636928
382129516010672128
382108433677582336
382108014851129344
382107847850737664
382106633897508864
382104936634658816
382104084075278337
382102591704158208
382102555285008384
382097745492058112
382084924637188096
382083805114556416
382083486485852160
382083159833448448
382083038668398592
382082732735885312
382082646077362176
382082254111277056
382082172716589056
382082126801539072
382082029623738368
382081990851559424
382076298904227840
382075542566363136
382072981125877760
382072585502347264
382072239459688448
382072185466417152
382072108517691392
381828241897840643
381761836800311296
381761591471259648
381761498072498176
381761327104270336
381761162469445632
381761016704794624
381758731824144384
381757695520677888
381757570857578496
381718705690136576
381717577946632192
381717390729678848
381716737601044480
381510197782786048
381415309535903744
381415226790662144
381367370838601728
381366312012115968
381364805766246400
381364597263179776
381356863851626496
381348297459630080
381193724149391361
381192365786284032
381191712309518336
381191279042125824
381191161173794816
381190523559903232
381188475997143040
381188184845348864
381185360111607808
381185304717447168
381184234209439744
381183609413304320
381183078607384576
381180775607324672
381180076228087808
381179924834705408
381179752654340096
381179266509312001
381178972983525376
381178716455698432
381175040836132865
381174070005751808
381173810718076928
381173733169577984
381173697509593088
381173164216442880
381173051574218752
381172361397305344
381172035999006720
381171582477299713
381171546162999296
381171522008023040
381171410770857984
381171296824205312
381171088577003520
381170907647340544
381170789867065344
381170587819069440
381170280439500800
381169848723996672
381150747259596800
381150428567977984
381146732169822208
381146589022420992
381146176642641921
381144850785382400
381142319334195200
381142057001418752
381141724841910272
381141524131897344
381141403331756032
381138955699511296
381138782323757056
381138635892215809
381138608453058560
381138472322748416
381128173758722048
381127643661602817
381127218606653440
381118136155918336
381117666817478656
381117356422205440
381117258082557952
381116719487799296
381106969383542784
381105270266818560
381104409205551104
381104285611999232
381102752883310592
381088317405925376
381086071322587136
381082945366548480
381082272407228416
381081154079961088
381081046550581248
381080596791185408
381080412317319168
381080303005368321
381079993159540736
381079751164973056
381079385283264512
381079077081591808
381079009381339136
381078852698923008
381078711115976704
381078529389363200
381078288904769536
381078183598387200
381077937183031296
381073169505083392
381064551841951744
381063408025862145
381062333461962752
381062132386652161
381050710349320192
381050046739128320
381049232570187776
381048586286661632
381045108583718913
381043949282275329
381043899693027328
381043494233866240
381035954355834881
381035921740955648
381033471382417408
381033106415050753
381032956560953344
381032337938845696
381030757663514624
381030532894973952
381029980664528896
381029489704468480
381028319070007296
381028277923897344
381028011581403136
381027661298286592
381027474999894016
381026998375940096
381026127307108352
381006252639539200
381004776705896448
381004483658272768
381004272567320576
381004087120371712
380999630655598592
380999308239462400
380988471084847104
380988226070409216
380984604045619202
380982965691772928
380982274487255040
380981263165030400
380980290849878016
380976973805551616
380973835472101376
380962999693221888
380962499195334657
380962277836722176
380961647025987584
380961502364438528
380960513473388544
380960468686602240
380960183834644480
380960107284414464
380956342456156160
380952002026799104
380946833583112192
380819038970314752
380815782084886528
380815393918844928
380771444290252800
380768777576935425
380768535582351360
380735986252386304
380732988541382657
380732609011388416
380730500555759616
380730052440522753
380729912443043840
380729763025137664
380729488004640768
380729238846189568
380719065897398272
380716717754056704
380715700085858304
380707213587005440
380667259737628672
380664891402891264
380664505665339392
380663137915404288
380657912869564416
380656676808179712
380645355937103872
380643997586575360
380643526083878912
380642257340493824
380641278889033728
380638254204456960
380638063233597440
380634856289763328
380634511551528960
380634226246549504
380633792320667649
380633561977856000
380633442276626432
380633118962892800
380632856584015872
380632334292504576
380631873699201024
380631793244053504
380631336215924736
380631160843677696
380630996657655809
380630229729148928
380630053400625152
380629933556793345
380629808516194304
380625754524241921
380622992352772096
380618869251268608
380617771790651392
380617360304254976
380617216708083712
380616844169994240
380616478929981440
380615765755691008
380615107006693376
380613775164194816
380612808955944960
380612102010187776
380611657778479104
380611311392284672
380609902122926080
380609229251694592
380608902142124032
380608302235017216
380605904175247360
380457698317574144
380373428173541376
380325845266878464
380324256774897665
380315609063755776
380298283153113088
380298005100105728
380293583259312128
380285853131874304
380285487929630721
380275923976998912
380269746299895808
380269084526780416
380268508367818752
380268338796310528
380265709290659840
380265480021626880
380265126135623680
380264021825687552
380264005862182912
380263748080271360
380254298917335040
380253685407694848
380248035068227584
380247023330791424
380246822033559552
380246648217432064
380246425390841856
380246027649179648
380245718768037888
380245542984757249
380245348163543041
380243032358268928
380100592724873216
380100503201660928
380099158553927680
380093604079091712
380093504359522304
380093094496329728
380092060872998912
380091741812322304
380091648719740928
380091268568993792
380090723942825984
380090648982224896
380089869227556865
380089438212456448
380089407749234688
380089200525467648
380089079955980288
380087620996702208
380087576948137985
380087021102170112
380086775865442304
380086651831468032
380086307558805504
380085943459663872
380085633483812864
380085552718303232
380084878542647296
380084647491014656
380084598971330560
380084144715608065
380082932033261568
380081979792064512
380081823969468416
380081701994897408
380080134612852736
380079735457714176
380079262927446016
380079151811919872
380079008047980544
380078667227205632
380077724091822080
380075309032562688
380075193513041920
380075060935266304
380074627860824064
380071824346062848
380071076371652608
380069646399184896
380069248120684545
380069059267932160
380068030178660352
380066119534800896
380065062079438848
380057329817108480
380056116635631616
380055231411027968
380054308378931200
380052341132894208
380051689430335489
380050737017147392
380049198810693632
380033220555055104
380032424442626051
380032238194552833
380031968379174912
380030052999905281
380024985357938688
380021951118733313
380006888412557313
380004508669333504
380003256145285122
380002299428732929
380002120260665344
380001113170542592
380001016009461760
379992784494923776
379992453425942529
379991815300317184
379979084321013760
379976979225014272
379976751851773952
379976568086745088
379920658773598208
379913657943330816
379913383036080128
379911063825022976
379905125231628288
379900196542767104
379899672841961472
379896626380546048
379895946672603136
379895549467844608
379895236795072512
379894881038376960
379748401732386816
379748129350090752
379747492675743744
379746678401949696
379746287845122048
379746167695085568
379745847535476736
379744305310859264
379744268195463168
379742926819323904
379742674968141824
379742561545773056
379742447565537280
379741778158845952
379741526148276224
379740376145620992
379737230665068544
379737151044595712
379737068546830336
379736806717423616
379736644406247424
379736460129484800
379736247788646400
379736194357411840
379736136144658432
379735641237774336
379735464653373440
379735356222218240
379734977262669824
379734853178392576
379726719814733824
379717823226195968
379716537969827841
379715992873869312
379613799290245120
379612800471277568
379612698381926400
379612402364743681
379589120877932544
379588269866242048
379587823613263872
379587428874727424
379587036346601472
379586779353198592
379586721677332480
379586687900602368
379586443259437056
379586263881629696
379586111603240960
379585866324525056
379585752029749248
379585448265269248
379583584040148992
379581536129265664
379580743779090432
379580655409328129
379560015667142656
379559874256199680
379559739694542848
379558975030976512
379558100501790720
379555430642757632
379554807729885184
379550963633520641
379545217898393600
379545052202434560
379544588413075456
379544277694832640
379540985040359424
379540552771203072
379540178328899584
379539903018991616
379539606179692544
379539089793765376
379361877928984576
379352229184290816
379351283859464192
379351146504392704
379350529119617025
379349981582614528
379349710869651457
379349577645953025
379349016490033153
379346159321776128
379340825681231873
379338315524485120
379335851861630976
379334570552082432
379333811261419520
379333297345937408
379330561820876800
379330088590127104
379330005362561025
379327675179229184
379327583160393728
379327498011807744
379327234089447424
379326484680548353
379326332637044736
379326245022224384
379325575095386112
379325505000198144
379325367938719744
379324679762509824
379324603476475904
379324388946231296
379324231986995201
379324012767481856
379323892382568448
379323644981559298
379323594079473664
379323209864445952
379322291009884160
379322213197172736
379321742097137664
379320967874772992
379320602773184512
379318891161587712
379318680565592064
379318602039824384
379318569898872832
379317890698469376
379316479386468352
379316401305309184
379316368749101057
379315648838795264
379315612843249664
379315437093531648
379315255018786816
379315058712805377
379314935710638080
379314853103828992
379313732717137920
379313187990282240
379311011121348608
379307632856940544
379299603117772800
379297807599157248
379297732193959936
379297495438098432
379297139509444609
379296853776674816
379294252611928064
379230023452213248
379219265062436864
379205287288528896
379200318535634944
379199713268232193
379199682159058944
379182817944809472
379182767034368000
379182692581253120
379182662046736384
379182594858180608
379182522443530240
379182082901426176
378957766570033152
378955106873782272
378954128913100800
378954070343839744
378950266420469760
378950197537435648
378949869882593280
378949744737148928
378948447174680577
378947229715025920
378946053237927936
378946013098430464
378945738853855232
378945678564937728
378945576165191680
378945304001015808
378943074019573760
378905370489810944
378873694078402560
378871845875122176
378870839909044224
378870722699214848
378866965139714048
378856436526489600
378855864985452544
378855294547546112
378855251337838593
378853782559678464
378849369271058432
378849173522882560
378848792264867841
378848340500557824
378847459717689344
378839175145193473
378838845011525632
378837964425814016
378837114861137920
378837091188490240
378836653311553536
378823929424789504
378823361453121536
378823235770793985
378821662135054336
378820156694491136
378815418879995904
378813926265610240
378811878945738753
378672117208055809
378671426657865728
378670696198848512
378670445190717440
378670001206874112
378669801679642624
378669386854567936
378669052220416000
378667566782509056
378667177710473216
378667024190169088
378666840509407232
378666599802470400
378666351566798848
378666225712513024
378665797356617728
378665640900689921
378665498873176064
378665380581236736
378665171767803904
378661400866197504
378660900666081280
378660789022113792
378658992186470400
378658811353243648
378658671087345664
378657848236199936
378657697715208192
378657569310797826
378657436586242048
378657146214555648
378656819876728832
378656643699187712
378656586421780480
378656473150390273
378656381978816512
378656302509355008
378656040566673409
378655792557457408
378655497903407105
378655409298739200
378655238603157506
378654907089567744
378654246788689920
378644999334014977
378644896024104960
378644270208798720
378641277551902720
378640934780801024
378640319086350336
378639529760292864
378639086682378240
378638761791606784
378638472581746688
378637939611566080
378637922792378369
378637281294548992
378635267416293376
378615807733170176
378615254340866048
378614893047742464
378614747635396608
378614610909462528
378614330729963520
378614146742636544
378614060558069762
378613395534401536
378613113312260096
378612958294999040
378612258127216640
378609350451167233
378609062667370496
378608722375081984
378608432183779330
378607757441896449
378607220701036544
378607072524632065
378606983395696640
378596752238338048
378594642193043456
378593663003422720
378529539800195072
378529420962983936
378528590440460288
378527668020715520
378527298259259393
378526683433033728
378526440373104640
378525707003244544
378525347647856641
378525030550106112
378524761531613184
378524528219279360
378524102564532225
378523646471700480
378523568893853696
378523483023884288
378523321253781504
378523262621593600
378523128038957056
378522837365305345
378522661355520000
378522213328379904
378521867931639808
378521668706381824
378494483803176960
378483169806524416
378481519888965632
378453015818428416
378451574169026560
378449143532109824
378443813687427072
378443224144437248
378442655316713472
378438465819787264
378436179135565824
378435736875593729
378435402837024768
378434682511437824
378434543000514560
378434208303415296
378289965987528704
378289813952397312
378289659107102720
378289421080358912
378287763449462785
378287619589025792
378284216590815232
378283649491537920
378283034673700864
378282119157780480
378282060106170368
378281779188469760
378239090988417024
378238564397756416
378238477139451904
378237083238010881
378236610065997825
378235019179073536
378234798671945728
378224949154312192
378222503715692544
378222109748899840
378220798999560192
378220035392942081
378217345384448000
378208197976555520
378206888887717888
378204944954056704
378202411950956544
378201938221080576
378201682423078912
378201340029452288
378200971874430976
378179648443916288
378171383718871040
378164392162230272
378163559764856832
378163018485760001
378162231860801536
378161695170240512
378150968158060544
378150771944341504
378150350353870848
378150136469544960
378149261575483392
378148047920050176
378147476081217537
378146511156436992
378145176797339648
378125446497705984
378125075746390016
378124318498385920
378123536965328896
378120725393334272
378114543450595328
378113767747624960
378112832560431104
378111071095361536
378110401688633344
378110294494834688
378110237406134272
378110111426039808
378085127538360320
378083282468233216
378083014582214656
378082920663363584
378081918287634432
378081506125963264
378081144182681600
378081093054115840
378081045243244544
378080269431242752
378072916329775104
378071808437923840
378071184212254720
378070840908480513
378070271330361344
378070106515193856
378069811848568832
378069471224926208
378069224784400384
378065676919119873
378062645758533632
378061544648880128
377849332458074112
377834646148775936
377763767846981633
377763536661118976
377763191591559168
377762522272890880
377762123897896961
377761895518056448
377753410155868160
377741029342187521
377740240334880768
377739775299825664
377739271010254851
377738985512378368
377738222430093313
377738028539969536
377729366798925824
377728317929320448
377727567950016512
377725979776782338
377725347951017984
377723536590532608
377722184015544320
377721570997075968
377721474574209024
377721167467257857
377580263733473280
377580154157301760
377579137613197312
377578368923074560
377571263600160768
377570600434552832
377570052306124800
377569612562694145
377569438167760896
377568937229434880
377568774079389696
377568664620634113
377566919920209920
377566767805390848
377565385182437376
377564479007240192
377564111439405057
377555408942288897
377555175684440064
377554180485152768
377553819926007808
377553704498790400
377553571887472640
377553317540671488
377552536410271745
377548137105457153
377522296514424832
377521920230850560
377521684888428544
377521187158781952
377518763094335488
377518200139055104
377516749077635072
377516138428907520
377516044082241536
377515894836314112
377515636098088960
377515354245038080
377514038600949760
377513864222765056
377513774653390848
377513549436043264
377513050053828608
377512904914141185
377512848710434816
377512732591153152
377512636088582144
377512495432622080
377512333003988992
377512141106200576
377512065008959488
377498881397100544
377497776726491137
377496712207933440
377496069124653056
377494700749770752
377494557103230976
377494405617582080
377478896762884096
377478432583843840
377478384005431296
377478251603820544
377450054279520256
377449807553773569
377449207353049088
377449154139942912
377448106230824961
377446780071591936
377446483966324736
377446017463255040
377445464725278721
377436332005789696
377434210090622978
377433202140643328
377433013778677760
377432827845173249
377432510176964608
377402567355269120
377397441701888001
377397147546959872
377395636431515648
377394794454319104
377394139027238912
377393900803338240
377393104929947648
377391342693130240
377387003362701312
377381804883578880
377377621329592320
377371936302837760
377371570572120064
377370665214803968
377370602891673600
377370431889879040
377369632988233728
377368902139121664
377368560580198400
377368203116412928
377367771686125568
377200304984690688
377199679878221825
377198845647933440
377198726328373248
377198688159805440
377198542382964736
377188628893814784
377188535486672896
377188292011495424
377188045478690816
377187747146252288
377187568116576256
377179409318682624
377166250285477888
377165685396627456
377164679120191488
377162147044032512
377162104631214080
377159043024171008
377124895379161088
377075998560645120
377074417492566016
377066007812382721
377060748037750784
377054070747705344
377053755487047680
377053285712420864
377052401267912704
377052217364459520
377051556686094336
377051308278423552
377050987376443392
377050547247124480
377029205944729600
377029106447433728
377024545808728064
377023346111938560
377023124774334464
377022550494412800
377021476622577664
377020742581649408
377019114185039872
377018902418817024
377018758860374016
377018450889412609
377015165679837185
377015005956542464
377014784455356416
377014321479712768
377012508634382336
377011720008790016
377008273926672384
377005252526219264
377003114400079872
377002756781129728
377002230370816000
377002135785046016
377001572385177600
377001261780172800
377001031764541440
376989493418803200
376988516699611136
376988095956393984
376987822655541248
376987712005632000
376987594212802560
376986252308140032
376985978818531328
376985401724252160
376985337559793664
376796356477984768
376786093548781568
376782821672878080
376782468772540416
376782258365296640
376774075143962625
376765960038129664
376765267659227137
376760175052718080
376749879659610112
376724299148951552
376724189010747392
376685832603983873
376685678228406272
376684599113682944
376683959050317824
376683745245679616
376682283681734656
376681816184594433
376664647858151424
376660016784478208
376658801359065088
376658452984389632
376657906298789888
376657097431478272
376656848021360640
376656047467163648
376652886291537920
376651559448629248
376646127397134336
376645836421496832
376645796772716545
376459970193403904
376452491787128832
376452033257418753
376451879745896449
376451854018023424
376451796837093376
376449862675738624
376449383405203456
376448953946238976
376448619647610880
376448570536501249
376448262678380545
376448129979404289
376448090376785920
376448030092046336
376447867533402113
376444400228122624
376441892327931904
376440882842861569
376440303496224768
376440195484512256
376440074743062528
376439858790924288
376439700548243456
376438658729279488
376438610108874752
376438220894269440
376438140392984576
376437510798585856
376437460680835072
376436792511455232
376436714551926784
376436047921827841
376435884876652544
376435431749206017
376435395397165056
376433850911821824
376433466826838016
376433119945297920
376432768357793792
376430661785378816
376430134464897025
376430087476084736
376429502395846656
376429371516801024
376429135117426689
376428904078381056
376427100997451776
376426955367018497
376426557461770241
376417582624284672
376416755838910464
376415135474417664
376414895111430144
376412503104057344
376411938517168129
376411538334429184
376411335850217472
376410772899127296
376410698638958592
376409925788135424
376409751036624896
376409509071450112
376409387503734784
376409229252657152
376409154292023296
376409085417357312
376408934275641344
376408803589509120
376408692910223360
376408633002975232
376408483085967360
376407942175936512
376407845308497920
376407529921994752
376406985178353664
376377962779934721
376376162400075776
376375341453172737
376374819161657344
376374681500418048
376374600353218560
376374537379921921
376374266792771584
376351751286587392
376317878146187264
376316774054363136
376314783861317632
376314510912802816
376312501979594752
