398182889537294336
398149129118834688
398147645161492480
398146352695476225
398143602766786561
398081502207946753
398066818478534656
398066705731440640
398066573199810560
398066483437502464
398066436733935616
398066355104399360
398066315195600896
398066269985198080
398066232026755073
398049492874063872
398048439436861440
398048188634243072
398040431310553088
397802551476645888
397713621431500802
397702376477310976
397700490223316993
397399952194011136
396900506259701760
396900341226430464
396711193257058304
396705755812093952
396705494653751296
396665265960005632
396651135060033536
395985023993917440
395983632063811584
395982985084014592
395982206235312128
395979414812774400
395977679717298176
395951054107717632
395940307956535296
395939694908678145
395527718382886912
395504380658868224
395476143350226944
395472452475944960
395439883096829952
395439520318910466
395229084638130176
395119727632457728
394882414809743360
394827852556017664
394824691229024256
394823669026787328
394483438134120448
393999295310860288
393293281461035008
393063733012226048
393063133671342080
392412247345356801
392020923915964416
392019565838102528
392019263340703744
392018301792309248
392017732491034624
391845780686143488
391665113172041728
391661281268494336
391589740488949760
391589271708377088
391574846003773440
391574770887958528
391537686240321536
391499222098640896
391499107875160064
391498998630322176
391498928891629568
391498876425076736
391498750759538689
391498693788323840
391498644043882496
391498583067090944
391494231724163072
391493656676667392
391493169810251776
391209112769658881
391208351407030272
391180420513271808
391156868439355392
390896573204668416
390882334385643520
390406860710621184
390403802287079424
390395694093455360
390395330350841856
389805176342990848
389790391584563201
388988345147482112
388273086925008896
388273011221995520
387633074650877952
387633034356211712
387632994367709186
385614530900156416
385124505414533120
385115095292211200
385114999074848768
385114858444062720
385092011390672896
385038996554133504
384241837000912896
384239962738401280
384238329832960000
383582167827513344
382557848645169152
381015348331307008
381014775129333760
380826585055891456
380802549777170432
380707862114078721
380577239827746816
380384782149898241
380358916905123840
380357390153289729
380351511441993729
380025737777930241
378454243947974656
378101647462772736
378062853544349696
377885584666419200
377884530998517760
377857298271842304
377857014522970113
376465822488608772
375968293078966272
375937753927942144
375937056373219329
375927896214618112
375682659877269504
375641969797509120
375640985826361344
375591587755352064
375559999461662720
375369621941272576
375369311910916096
375369040048709632
375368945601372160
375368884297412608
375368796372238336
375368584161415168
375275347430080513
375224344349126656
375200808398094336
375200381011111936
375199434478333952
374655166479212544
374653299384791040
370311648151482370
370308337918693377
370307879783243776
370307405076127744
367963055751065600
367960857382100992
367948604175966208
367769955376570368
367750861382250496
367212414804041728
366663544785207297
365188008829394944
365180620948774912
365179872089341953
365178679015391232
364878144324370433
363311748280881154
363278491317321728
363277234909351936
362160442812010497
361795005377019904
360791916381614080
360789256534364162
360337684322975744
360328349081534465
360169535308963840
360003771536900096
359705320005701632
359630037399511040
359399613955981312
358166817732182016
358165427526303744
356818029503451136
356409956808925185
356049537762209792
354655068588474368
354618302183636995
353174805140340736
352856227379814400
352808368034942976
352808176242016257
352458429165600770
352364438050975744
352364292600889346
352200775642001410
352186821385535488
352186733640691713
352186699905900544
352175365889867776
352064818594848771
352064176765669377
352023486102904832
351828563252613120
351826087635980289
351795956087406592
351619118836887554
351601989496475649
351600826407596032
351477614973689858
351296453844541440
350520695777800192
350519011877994496
350518442794811392
350516456414388224
350355993005268992
350355768526110720
350182563471560705
350013470877564928
348508040686874624
348062440262606848
348061635560235008
348060593284059137
348037705956982784
347779034853302272
347775681620500480
347732941218148352
347732903310020608
347597430168109056
347478430205489153
347470827312263169
347407109006184448
347303653348098049
347293765809078273
346966271163760640
346669534717022208
346339759028842497
345516475030831105
345514707555344384
345513629640187904
345513201322041344
345512522524274689
345512072790036480
345511793529085952
345507726765469696
345507332651884544
345479350998663168
345216069096574976
344589231802437632
344371873905266688
344371127881179136
344368427898634240
344052550212939776
343854405000507393
343850252245278720
343850145194070017
343849844789633024
343845471846019073
343500288327561216
343491870896320512
343024185297219584
343020840293646337
342739124115087362
342707004311228417
342594118347808768
342409710932221952
342409068180303872
342408840735760385
342408175070351360
342196723340419072
341817340326985728
341816669246746624
341450285127970816
341448585877024769
341448547482365952
340908665894760448
340516023566495744
340514636103299073
340181333022228480
339496217790783489
339495900604932098
339495764327804928
339490764285415424
339490268602564608
337984776411701249
337929392997163009
337929338815131648
337922471477006336
337895282857635840
337688866079260672
337687523885187072
337686825957195777
337297186184392705
337219495691173888
337212682346299392
337212209681821696
336515856601337857
336489378438328324
336460247906537474
336450747971555329
336450033291522048
336449455513534467
336154624618807296
336151884740042752
336147706340847616
335820492420304896
335818390570684416
335815538955657217
335808359351599104
335689341294747648
335661283061940224
335205737439559680
335197979512283136
335197907252809728
335176026525159424
335174543729639425
335174510850482176
334226016279076864
333974355514109953
333952885312327680
333952383031853056
333951806759632897
333951056201531392
333898729381847041
333555255860142080
331765644607508482
331739220223852544
331322605137178625
329706839921000450
328930598452342786
328867301938061312
326860594441486338
326692607147253761
326445323729903617
326358122459451395
326358078012407809
326347024792428545
326346994736058368
326141506001973248
325547349000732672
325542243974934528
325542186970128384
325541911412752385
325251849705897985
322690167787909120
322016797551390720
322003013218750464
321969226552320000
321955488843583488
321946967980789760
320136181511774208
318501278844071936
318495733298913280
318413674362593280
316277967816884224
316276555116593152
316275861194145792
314435428038086658
314434507598090240
314434451432153089
314149288265523200
314128541853831168
314126559973871616
314122600206970881
313687016472735746
313600463691997185
312668299169255424
312651815822958592
312649117971128322
312648435939557377
312642075361427457
312629880573530114
312308901477498880
312238167384264705
312231255552974850
311623818118586369
311619651488600065
311513306500313088
311511861566779393
311234916031541249
311179444377227264
310819039335309312
310816943085068288
310803784500666368
310773443786313728
310750029986021376
309967952256585728
309966131370786817
309635028642566144
309634994400292864
309233382129278978
308970589291413505
308937854451580928
308900229221064706
307632241352249344
307538486511165441
307450839147114498
306429688526540800
306428815134052352
306428774772264960
306207026034376704
306043078366597121
304412012795006976
303913863299076096
302016106040799234
301671870334373889
301491605729337347
300142065726132225
298492999703334912
298074916815781889
295666656334737409
295666159037075457
295663826936926208
295662082769178624
294922127818235904
294875852716519425
294464657245220864
294073960570707968
293688544021577728
292982880005656576
292657681448189952
292657604310740993
292631535813816320
292629530810650625
292629248760504322
292251305517408256
291952238082015233
291616669464399872
291594032684101632
291592344631930880
291589243682308096
291588730177847296
291260453093523456
290576480470183936
290279302304509952
290102004435546112
289783081471193089
289766686779920384
289699151762051072
289698303459880960
289448509554425856
289437839005974528
289432192923340802
289430439813324800
288975340246810624
288710084832423937
288708802268770305
288624290574761984
288623998152093696
281408540894183424
281180272056233984
281162258346831872
281160636480761858
280411339241963520
278927167935619072
278128511619833856
277833848719560704
276786353876901888
275771086967304192
275770985171537920
274833786150199297
274250370992205824
274136428655570945
274128588758999040
273937284796137472
273723204831432704
273473034726281216
273472992305090560
273472942254485504
272125165289213952
272124813554905090
271681150387363840
271650407279890433
271558014518059008
270461857838530561
270315357372293121
270308129974149120
270203919819497472
269817039223398402
269514859744464896
269489679613698048
269401820365979650
269400966699294720
269232101189107713
269196430919471106
269196378171916288
269196259305332737
269192954328002560
268664853722431488
268659177784758272
268503467394494466
268501000489402368
268500808893603840
268500629931061248
268500447520768002
268500208516734976
268365876330364929
268292202889879552
268290039472062464
268287412856303616
268252087496892416
268251998061727744
268131353550266370
268123427599163393
268123367285080064
268123216147513345
268123088988807168
268122999637544960
268087280785321984
266978188842901504
266908808914296833
266667962579181568
266667541290696705
266532458848190464
266511228531245056
266506980615671808
264494065419173890
264485332802744320
264450049772224514
264152059543175168
264147176383447040
264116495196504064
264116066286977024
264114485780967424
264104879147069441
264104853259841536
264104767368855553
264104522253742080
264044521313144832
264044403344162817
264044331927740416
264044003610202112
264043873653911553
263924538759323648
263744229086490624
263744035359973376
263743959023628288
263743670447124480
263743339604623361
263742814041563136
263675851009323008
263524744144510977
263333580271415297
263176734759845889
262995364045524992
262995130531856385
262901595254165504
262895307975704576
262851400583745536
262723281688346624
262702419140542464
262266868574875648
262193945675718656
262192701766762497
262192687644565504
262180162328748032
261789680826212352
261789542389018624
261510913100754944
261364494754803712
261254949185392641
261153825375793152
261126968903360512
261080041872580608
261079996800585728
261079944795410434
261079891267710977
261079030718140416
261060846157959169
260855081824555008
260833572166975488
260833515166384128
260833330327605248
260781942872608769
260738494027161600
260691842142728192
260495849002504192
260494763650863107
260159025780510721
260158178136825856
260062858644164609
260061719169216514
260060354573373440
259695662201966592
259694881042206720
259694557078368257
259482719472467969
259482638992175104
259304527398850560
258966861679558656
258966138292150272
258882623953330176
258687507271651328
258686688786784256
257808035173502978
257364316712488961
257021026150531072
257005014562791425
256718121170247682
256660524492804097
256659810282520576
256658025715232768
255952828475002880
255080995076841472
254711492400783360
253911263682371584
253910668112195584
253776682912198656
253253416598519809
253162528375439360
253118632777875456
253089246645190656
253089039819874304
252882387476815874
252879790791618560
252548306729832448
252529291001229312
252102689654177793
252102389212016641
252101645574471680
251991373006401536
251988441376641024
251988039340019712
251987433137250304
251985528382189568
251969618011369474
251444076002549760
251299699204694016
251083575812829184
251079665807130624
251077711815114752
251051620920598528
250704294389633024
250636038119227392
250211925491867650
249986812028784640
249903851610726400
249901774905942016
249231217734586369
249231163439325184
249231012960272387
248553037482819584
247962491882192896
246188604806791168
246182859763744769
244207031676989440
244205620285284352
244205389179154432
243093019115548673
242994460496125953
242979195775508480
242978554281865216
242920796685733888
242756043241844736
242652890739642369
242570079613620224
242371083704086528
242361771048968192
238278852340756481
238236168628609024
237874169478516737
237867293860835328
236159680567717888
236112480533876736
236107662520107009
236067496120172545
232801930617970688
232542699822129152
232515990691401728
230880370315370497
230880280045568001
230093439872663552
230090829195268096
230086901443489792
230069475075035137
229980217349902336
229969628552646656
229893016108806146
229889968783380480
229888770466516993
229531507948138496
228978702204141568
228196668498145280
228167636373090304
228085356296282112
227172621261864960
226551091616169984
226551080832602112
226018640359718912
225900381186707456
225897301086978048
225896994974097408
225894378386886657
225884306000707585
225882644527841280
224886175503106049
224885807742320641
224108466019647488
223704739320303616
223686336215920640
223686322299219968
223370891394953216
223361014249422851
223353884020715521
223011604520902658
223009958382419969
222647877556649984
222312083897860097
220938984572977153
220938680334954498
219734110795612160
218718288547549184
218718198248374272
218718131982581760
218718071735599105
217945997949677570
217575795248472065
217278026294112257
217021753933824000
217009261497155586
216987886514475008
216145464549052416
215858496539869185
215817476569694208
215712341537472512
215710592244252672
215064150915821569
215046390424940544
215010149952262144
214994488400162817
213959910130589697
213733248688340992
213721434093129728
213625968634499072
213610567628365824
213609216387194880
213378098123636736
213341676553515008
213328767660212225
213276240906436610
212901469823836160
212681172038336512
212677857477013504
212504550488276992
212314358225707009
212313775267774464
212312692814385152
211200097055293440
211200033339613184
211198543761915905
211192657916076032
211112047394570241
211101650394427393
211074689525751809
211074568192921600
210855247122403329
210855189064847360
210854779780464641
210854225775837184
210680680437399552
210596908589252608
210062332401954816
208216586748825601
208212718904295425
208149005316788224
208144006801145857
207481843166101504
207082999244787712
207082884954198016
207061317633323008
207049330438311936
206875467054202880
206379722467315715
206062333808750593
206055269178933248
206055127759585280
206046243233857536
206042993017368576
206020658767986690
206018393340518400
205793743117365248
205793596157329408
205793424958427137
205793377483096067
205417161936736256
205356404347899904
205354369552621568
205353945332318208
205353326433415169
205352941392113665
205351555254333440
205338367137824768
205331943804502017
205248677068021761
205063424030425089
204971512082595840
204970567231737857
204869676851937280
204868294711312384
204615462531768320
204614947211182080
204565417577037826
204556814610739202
204556596209123330
204556210723237889
204555937690812416
204529613911756800
204525212266545153
204521484339773441
204520814844981248
204507103203827712
204505184490106880
204498385410080769
204495857150726144
204357138489937921
204356985213292544
204245024563671041
204150216931282944
203856811609174016
203856601168363520
203208949149863936
203208475101237248
203164128074924032
202794141304881152
202502702482202625
202502694009708544
202388376479989761
202329554247888896
202025014415986688
201308005776637952
201006670384594945
200996746602622976
200535798565715969
200366815036182528
200365216754700288
200166847834886144
199839172658331649
199806122620755968
199779766562328576
199761207895396352
199750636282191873
199220083673939968
199218058726879233
199216546160197632
198916700505260034
198470564740997120
198155224421105664
198154657569308674
198154455596793856
198149854369808385
198148931329331200
198144856831426560
197576696164134913
197575529887571968
197392274546638849
197386260296372224
197384265388916736
197383194419544065
197357276380663810
197330388316721152
197328974903386113
197327549070708738
197326113842798595
197323520261361664
197322785620631552
197320678939168768
197314387751604224
196301581589819393
195453329403424769
195411015335288833
195230982239035392
195189425020473344
195185491413434368
195184809713221632
194771742797987840
194490195255623681
194488454476873728
194422354108100609
194232478981046272
194145701368827904
194135916942606336
194135025095151616
194130291231686656
193292311294246913
193019830243311618
192988976838213634
192908030411673600
192901504443748352
192900141882163201
191924485220339713
190413704272150528
190399741434134529
190370413774249984
190135823893663744
190114885961650180
190114707355615232
190096600725598208
190095709884776448
190095384910110720
188277318416990208
188217501539246080
186815862307700737
186814846560514048
186081422577106944
186076566739091458
186072950447939587
186070332560515075
185242132381048833
184906887945404416
184735771859746818
184644306743721986
184644220164898816
184644074861625344
184643712700252160
184643070288084993
184234711080636417
183178665096527872
183178610369236992
183178575984340992
183178526210527233
183146357513654272
183145354051600384
183144894443950080
182820420414742529
182818531929366528
182816546014507009
182815463275892736
180774747053895680
180409685399187456
177068232782524416
177022773644898304
176420228085989376
176400993536315392
176390261319008256
176293703571349505
176126569566318592
176125682684919809
176123704852492288
176121775078391808
175982814917951488
175980187735957505
175300612941037568
175226291304407041
175187562468614144
175184571699171328
175162920928419840
175005083833081857
174946861357084672
174523200942768128
174446468889985024
174125826370052098
174123196847620096
173869477442748416
173855453632135168
173453182838636545
173169309684740096
173169301371625472
173169291494039552
173022741677617153
173017181183938561
172716004911226880
172713795955855360
172672468060864512
172672290973171712
172467413718282241
172467132930588672
172466119267975168
172466014200672257
172465767919525888
172382046004588544
172317826227511297
172317611491729411
172271020382748672
172270962409095168
172267482227294209
172249993841881089
172062837303296001
171885842955120640
171875185824239616
171864467599142912
171864030527500288
171545329970315264
171539751306924034
171002736630972417
170530977033097217
170528409196310528
170185006180864001
170143490347507712
170125278163644416
169837866329972736
169551609028804609
169482153250398208
169177390172471298
169171832413491200
169170113256374272
169169392482009089
167982392492036096
167603976206942209
167585662390898688
166862895248969728
166860764378968065
166854720969916416
166849013818212353
166196160644648960
166195547630354433
165350924074762240
165217171285352448
164841520535568386
164839633874722816
163985514591039488
163629352737710081
163373213458505728
162952930830462977
162930545481883648
162919217736318976
162919108059475968
162909856943194113
162889773168599040
162868775597768705
162243885932871680
162163189293912065
162111601942593536
161965809529405440
161945107195641857
161944720120094720
160863155407433728
160847105517305857
160844831063683073
160844736930922496
160844579598385152
160844443220586498
160142458095812609
160141071375015936
160140996355702786
160140752649863169
160140677676670976
159997358946533376
159993936297988096
159970662797160448
159007008719241216
157490539288203264
156188274388516865
156179952130211841
155741496887353344
155733744270053376
155732549350596609
155730307771932672
155376587834011648
154354697313067008
154206865746694145
154003973584601089
152867541784604673
150617130826612737
150617009548304384
149899425710473217
148826419970064384
147740269159256064
147739959485407232
147451066252931072
147449667070869504
147313301603356672
147288151126315008
147288062081245184
147287952731537408
147287857923489792
147287721189183490
147287670807199744
147287625064136704
147287594659614720
147287533670240257
147048339463077888
147048305208213504
147048146604789762
147029026379268096
146887252717469696
146887195448451072
146887128142454784
146878883600408576
145992149190709248
145978334487130113
145869323695702017
145806196983607296
145159731948953600
145158900080050176
145158644265259008
145108742239817728
145104677577564160
144874148320120833
144843176711168002
144836280814018561
144828442028941312
144755849930350593
144370482802724864
144146168866291712
144057862711279616
144041950805368832
144038883250810880
143846630095994880
143690504129880065
143683629808226304
143065416548356096
142361670654771200
142348553250025474
142312168271003648
142239466994667520
142239422228860928
142239394265436161
142239344722321408
141947190988910592
141869572927139840
141858171085000704
141818970884939776
141661410118742017
141302737194328064
141302494788730880
141302007217664001
141301352637804544
141297668122095616
140469361776402433
140287042365038592
140263987253215232
140252776889458688
140252577014091777
139944119387693056
139892243434704897
139493875361390592
139319001506529281
138962308272623616
138766652425768961
138011683317755904
137952908347052032
137952662648922112
137866725470380032
137656469519740928
137655127845781504
137559869602545664
137234334846427137
137102098524418048
137096761595539457
137096309667659776
137094505357787136
136923687898185729
136810129407483904
136268488837832704
136260839211663362
136258493752684545
136140760763473920
136044003459219457
135993556144881664
135513669831372800
135464573833707521
135460633100554241
135459684105728000
135458133421195264
135325575010205696
135322172116844544
135152865701408768
135128974979371008
134956511024791553
134954661038931969
134948243854475264
134604952453648385
134604179531505664
134600230648815616
133976965198782464
133974435966357504
133895263453577216
133880360906919936
133880286592241664
133880245244788737
133880129976926208
133880044354416640
133879481537531904
133879413614977025
133879367842541568
133879337664520193
133879283570589696
133879212305158145
133879172081790976
133849481652342784
133670108961837056
133594363887484928
133483988584120321
133220017700474882
132943333784944640
132501160442609664
132495687328870400
132412179361185792
132235336565784577
132173352814133248
132173124421697536
132172595826143232
132172559079849984
132172508551069696
132172461704876034
132171679651737600
131898186494255105
131897858692628480
131745985650114560
131726838790758400
131641254957162496
131538624167690241
131538432672534528
131537824666222592
131357743775891459
131308190863343616
131290541404073984
131153434719162369
131150809793703936
130601817116651520
130248637384110080
129888641345519616
129841615907987456
129532882636124160
129532549520302080
129525571649683456
129337534101716992
129337031791878144
129251371336740864
129250925184425984
129249969218662401
129249392296345600
129112807747764224
128986771886321665
128986681759121408
128986598783201281
128923381822259200
128923342492270592
128923170651643905
128919042227572736
128859655899324416
128471265857126400
128407834613399552
128398138741489665
127148134202744832
126785126247043072
126747856336977921
126662738452815872
126649975026352129
126612974751326208
126611818838900736
126427273694949376
126424713437249537
126421887789187073
126419739798024194
126002731453386752
126002448149127168
126002266065997825
126001932350406656
126001866092978176
126001473040551936
126001353687441409
126000723195473920
125553034263662593
125552471547449344
124863203044888576
124767003935387649
124763337807511552
124732184186728448
124633757318791168
124141992216248320
124108495153934337
124083405422985217
124012267623813120
123904864492322816
123903145255505920
123843274124431360
123839875463127040
123706521870794752
123706462697562112
123690722271563776
123688528457629696
123663954793861120
123500838890127360
123490966387695616
123173560402448384
123157124028170240
123156263344414720
123150663155859456
121992138157338625
121942897426833408
121888314906255360
121851646652321792
121851388560023553
121714400309690368
121714248253571072
121714152526987264
121713907218915328
121713676603494400
121713555979505664
119906309905723392
119396033645117440
119395985733591041
118694624037576704
118480447469662209
117579561142722560
117291894857408512
117289666608238592
116439231198543873
116439190249553920
116439164433596418
116439113405706240
116439016303366144
116438832810967041
116438778603769856
116438730235060225
116277623113531392
116167827773325312
116149059974205440
116109451529953280
116104174160191488
115826618584412161
115057227634708481
114663192608772096
114606303225196544
114260432058974208
114260115351277569
113944128227770368
113940561412620289
113940118208913408
113939396838961152
113938517930946561
113707544119218176
113633397234085889
113338177518977024
113337286405533696
113292179451023360
113206147435073536
113205269399470080
113204036630614016
113199418425090048
113020876395520000
112799417358233600
112157674568810497
111754571147247616
111750020142862336
111602514230648834
111521482764582913
111082672784293889
111036242493317120
110943558776791040
110490403358248960
110490362581225472
110341928897347584
109638997659226112
109633352784543745
109631767085981696
109309971040178177
109270703064354816
109269684754464768
107013593752547328
107013440584957952
105621728075595776
104935261271625728
102365880322756609
101750365359308801
101237945129902080
100585059484045313
100581288049770496
100580923896107008
99492616797814784
98674828164333568
98665232645373952
98416989491576832
98275232619565056
98041662978277378
96737012090011649
96735996468662272
96735527776169984
96735398495129600
96635631341543424
96635422888837120
96635263387844609
96635071024472064
96630071082749952
96628558973239296
96168516104888320
96152824810971136
96149612682940416
95825969704734720
95609057842434048
95608869161676800
95538454154317824
95508562796756993
95151415000956928
95150848509878274
94066643533168640
93831617793114112
93230320379367424
93203094141276160
93130403375878144
93130185670537218
92636150728105984
92635573440876544
91980348476497921
91929912864280576
91929867876175872
91928319167184896
91675432860131329
91674934987866113
91500754799570944
91469426049822720
91455770692026368
91135961676779520
90911097669947392
90745229493284864
90448616279384065
90394754881290240
90324025083035648
90320857427226624
90310657513242624
90117404960628736
90117234038550529
90057830001950720
89468132183388160
89445418857013248
89402032003366913
89366000935514112
88888038163357696
88389699533680640
88321676982493185
88321337440997376
87113158170390529
86880579697643520
86868178239631360
86867796247584768
86866676041265153
86865867589165057
86753725602992128
85992470319611904
85676094497374208
83960153921175552
83888465133060096
83828052055965696
83815853879083008
83815493504466944
83815280148623360
83812562378047488
83800506748772352
83065975238426625
82934639647395840
82732429265207296
82722192076455936
82324214559940608
82302559171252224
82301158043033600
82245432826277888
82245191758643200
82242196270616576
81300121194733569
81291406127267840
81130883544911872
81130244362338304
80975125536710656
80956709341904896
80747413043818496
80747056783818752
80746634694230016
80677490569379841
80640755202396160
80640170231209985
80639829578219520
80639392259121152
80636321613357056
80576400880439297
80282131800145920
79169130627993602
79164456839553025
79164025165979648
79119039112286208
79118740662394881
78987424973324288
78987343830331392
78966281696591872
78964811668529152
78964315880828928
78873638513807360
78779204954632192
78512691592953857
78432684929581056
78429424013426688
78086164824858624
78078441643180032
76249908943917057
75942555895857152
75931301391245313
75877325929054208
75861110435217408
75850303592861696
75731371972243456
75728154018320384
75307413657489408
75085541640646657
74285880403169280
74072080433414144
74070261065986048
73893213475315712
73892609076105216
73846554326343681
73776586234667008
73748407285592064
73729595379163136
73724168016891905
73363634914471936
73357541744189440
73354859537121280
73343967625871360
73107009318305792
73104876309196800
73063661043859457
73063034926542848
73058448165699584
73057086585569280
73056693243744256
73056238446968834
73055407467270144
72772230869827584
72702125142052864
72648975152459777
72648042376990720
72623962026295296
72622780822200320
72080750551375872
71265595433295872
71265328943988736
71265294642970625
70956672738275328
70941194531770368
70930532443238400
70856653603475457
70852057216720896
70851238723465216
70840096433258496
70840062337744896
70838971114078208
70780094276317184
70779644835667968
70490074537660416
70481404294729728
70479836166098945
70445592857419776
70442214110670848
70441480438824960
70439584844095488
70438701532069888
70336180088094720
69729363251306496
69497191084982272
69402559483363328
69401283894853634
68422026309804032
68421967446945792
68290370198441984
68289520839311360
67920736156778496
67572763677831171
67558724750950400
67505352077361153
66817732330524672
66814369543102464
66814079574085632
66610620748931072
66519730105761792
66119982634909697
66118666818813952
66118282549280769
66116119928385536
65729716279197696
65716932615213056
65705563534798849
65497716435853313
64121100698791936
63694681183236096
63592505500901376
63590076294246401
63355540130115584
63353791700926464
63353552449454081
62983383046828032
62291557142892544
61872495208300544
61111334472925185
61044032993894400
61041515434217472
61031269278027777
61030594645204992
61030105576775680
60841891922583552
60692220541534208
60670129339502592
60639434663661568
60306384780148737
60280220606939136
60104011109507072
60025377313128448
60021520558329856
60009148921819136
59776276986200064
59602770390560768
59601790265593856
59563226492452864
59552341149491200
59550497803210752
59548434142736384
59234253778587648
59184555139149824
59039321830850560
59037839559622656
59035633729015808
58851670129520640
58769549855690752
58464198774112258
58111799710593024
57958802884014080
57958014581342208
57854221118222336
57841899414896640
57840926575435776
57785711486709760
57772249469550593
57771238151561216
57757045272743936
57756739881271297
57756542224699392
57756125298294784
57755894515105792
57449050575876099
57385356366069760
57384969848365057
56665509709627392
56390506711756800
56299380608737280
56265796267159552
56265560991870976
56117148929638401
56116940724375552
56111642362118144
56102512498974721
55999847051952128
55997640596406272
55987857113878529
55643653481312256
55643307300225024
55589140166746112
55588174096900096
55587770286080000
55167015907889152
55044335808413696
54648774412337152
54638513857114112
54567566286405632
53934335706931200
53888760886206464
53562566760341504
53519301780586496
53519100735012864
53509997484703744
53457690881568768
53146878891663360
53032771450441729
52876055786176512
52874949299408897
52810090599813121
52809186169454592
52125721463767040
52125047560740864
52123877488336896
51034671903023104
50931082970931200
48679379676569600
48302174052155392
48296029346480128
48290788706226176
48288191081492480
48286596939780098
48286334346997760
48284331852042240
48008509954076673
47947018798252032
47902116613849088
47659424139055105
47655824948072448
46902881391095808
45996411812184064
45864758246785024
45604931574579250
45541819299282945
45533202512752640
45438504272015360
45422017989709824
45421582033756160
45104477031772160
44793133111848960
44775972750376961
44073015356571648
43839969697071104
43180263576059904
43178245188894720
43170241727041536
42910435128778752
42858488560496640
42677726255124481
42667025688035328
42650141584392192
42374726311616512
42374442390781952
42342609829642240
41876058282270720
40788556024791040
40788288554012672
40420563994288128
40031256368390144
39468841016762368
39068140474335232
38982607031115776
38763590261411840
38588386281406465
38582316976570368
38581507425697792
38552653667500032
38210008265007104
38207335004372992
38205811457130496
38205465745686528
38205092561686528
38150626433175552
37928138533126144
37926350681669632
37925986599313408
37826608819740672
37822652362129408
37822247624249344
37822214178873344
37822171573133313
37822139239239680
37583952088670208
37583484461514752
37574515332616192
37564451007893504
37558017452937216
37427298823045120
37249600662278144
36887446339723264
36538793733398528
36349346681196545
36339618668355584
36202439573118976
36048188779536384
36016548724350976
35779295943208960
35731895320838144
35719385230475265
35683346893770752
35672406437666816
35650100642455552
35441083936669696
35346519930445825
35346275360571393
35345468045135872
35344863935336449
35344575862153217
35343256740954112
35112821238796288
35112689462153216
35109512113295360
35098278315954176
34748550088753152
34740204237488128
34677406027481088
34654693934235648
34625722450448385
34625233105190912
33382387182211072
33311462067802112
33292512953245696
33292418036154368
33185445907005440
32935277269876737
32932270159433729
32900215170142208
32846628679327744
32763410529652736
32751970242535424
32747640953241600
32424147422289920
32409308519989248
32157320330874881
32137897494708224
32095248259751936
31888159499354113
31879257659539456
31875480026087424
31693672164630528
31652747908485120
31437573234626560
31344945075847168
31063245032787968
30927331514122240
30751049107116033
30739503152898049
30425598211923968
30424971935223808
30423970893275136
30423785442115584
30416393660792833
30416195165360129
30409229781180416
30403616237944832
30385896134021120
30385410567839744
30362152804024321
30361672107425792
30153748198199296
29998856250855424
29998353718714368
29998062722088961
29879694564265984
29878431764189184
29816752732897280
29050986735599616
28954711440760832
28953782666657792
28449578931986432
28200045538967552
27837193753985024
27836792371683328
27688526929731584
27413768891801600
27355605094105090
27354649841373185
27157330403532800
27155630913486848
27140714102001665
27140340423069696
27048845015777280
26649619337314304
26075239502848000
26073154308808705
25948254457831424
25928666080874496
25920400282091520
25910493025673216
25580161260855296
25558207028002816
25557517014663170
24917385819463680
24902765176164352
24785030790254592
24508973331783680
24456074564214785
23511009872322560
23506930576138240
23131398202200064
23130017932251136
23122144552554496
23030925755420675
23030813142552576
23019092722057216
23012305738399744
23012235064385536
23011639355777024
23011572045578241
23011253681127424
22988460147081217
22799314992504832
22797200056647680
22021587473530880
20614170823098369
20517467386290176
19928246707560448
15472502973136896
15449746017615872
15448939905941505
15178295142256640
15088697632362497
15088351434514432
15066101876527104
15053889019576321
14849082644238337
14456695640035328
14430339380285440
14429987557867521
14407036578041857
14384828937928705
14329161850028032
14328416169885697
14114397618180096
14096068153188352
14083921390075904
14053530067275777
14051741112729601
14046330498322432
14044229307203584
14042375437422592
13963662964297728
13943940222812161
13927913653010432
13920739262472193
13918818564841472
13722976180506624
13714411986358273
13342230001483776
13314370985529345
13312732329676801
13306975181869057
13169078730498048
12862761734250496
12821314574221312
12446491746500608
12439131137245184
12438497231114241
12438351692959744
12390733566709760
12385615827963904
12382429587181568
12376094820798464
11525806236893184
11523989205680128
11129765956165633
10764907918139392
10745749285376001
10724253640957952
10722846242250752
10722614897016832
10662530020024320
10660780261244928
10639062914306048
10487171467190272
10331945732931585
10305963546378240
10113914360561664
10113633283477505
10033821009317888
9602491184316416
9538438118248448
9535349617336320
9519438147620864
9395030485635072
9345047703068672
9277238323191808
8988043125989376
8986114928934912
8985899031334913
8970569890402305
8965657060184064
8680178016321536
8675723451572224
8570169181868032
8208050632531969
8184375430610944
8147894607552512
8122536143360000
8122357944156160
7944800460345344
7944223252815872
7942735063416832
7940474555858944
7595780583981056
7595545736511490
7594138987921408
7575438486405120
7429607661764608
7167478857728000
7151954513891328
7151114692599808
7136169192071168
7134110141124609
7133364561641472
5987465273806848
5981346119815168
5417601568083969
5417255005323265
5388216093908992
5308278649131009
5300078789009408
5299293669826560
5284431283621889
5283518888284160
5276450076753920
5253569678680064
5253349607743488
5253193978093569
5239656870322176
5237912463482880
5237744217358336
5011821131993088
5008152105848833
4987598531465216
4983948627148801
4914095669121025
4876212811866112
4875549247807488
4874336133455872
4872158857658369
4841995444944896
4678113418022912
4612277244264448
4610293791457280
4306576252862464
4255841553219584
4254831313162240
3939286202195968
3916602273693696
3750149016780801
3748433693253633
3747719449411584
3745918029398016
3744407819919360
3617231153926144
3616671218532352
3606832639639552
3395498476052480
3254178105262080
3110999443906560
3110127733317633
2665727043567616
2405457897455617
2294969373036544
2013605889310721
1963434874769408
1960378816798720
1801444004990976
1792565670051840
1676706972704768
1675026315087872
1431901260742657
683853987454976
603622014451712
589817708552193
563124310642688
535700827017216
481299978522624
322830197596160
322694235029504
29668078056
29661476562
29611933382
29611418962
29607660556
29607029698
29606514674
29601782433
29559729039
29479798885
29464183076
29463713710
29461098622
29461045014
29456510028
29408309930
29405816490
29401833848
29401533620
29373397203
29322342529
29318929918
29293004965
29291607821
29279851201
29196398507
29195666622
29003674622
28999485483
28999313262
28819611053
28803324772
28775122857
28774951628
28684596914
28683560909
28621270306
28614439229
28606009607
28432093044
28399403824
28396546867
28071278379
28062176950
28062056809
28023802112
27969827105
27967234792
27927338909
27924433300
27921738649
27919827847
27919650538
27919547026
27871071413
27866455845
27858176673
27841385174
27841091633
27824229464
27824033886
27775583320
27775352069
27773143377
27772915222
27772273087
27752190400
27717497280
27717176311
27716792604
27567757634
27473065977
27455165823
27454704527
27454509671
27454456450
27438820366
27223026160
27222743090
27146868113
27139779199
27132415435
27068624559
27068466835
27068216925
27054834667
27054828065
27040788138
27028528284
27026680940
27022486016
26985658892
26984778075
26977987915
26920552123
26888003517
26877465121
26876310596
26859356628
26782119922
26781448164
26781162127
26770476473
26757656596
26750494250
26748977828
26748749657
26745613914
26744935637
26740956213
26737634371
26737405450
26687569759
26684760701
26664387834
26663120315
26662689903
26646478106
26645473960
26636746294
26635783755
26632820202
26632657430
26632637054
26630340839
26630340715
26624785227
26527785977
26527567732
26500322398
26500066773
26499066905
26488406331
26487441014
26486726792
26475254209
26475121946
26471929286
26453825842
26274851819
26273942123
26173444478
26173333141
26173233532
26004988395
25967481398
25865570194
25780676866
25779558439
25772209179
25772001537
25723287568
25678571486
25630131090
25629459666
25626940782
25394192851
25390708170
25389278531
25386913361
25204579670
25188190258
25188122528
25161641204
25155211230
25154494418
25149770363
25103486047
25060203350
25015052886
24952060475
24949343891
24878199279
24839397009
24776534596
24757279188
24748828978
24748826962
24748825145
24748774911
24699976027
24670534316
24658045123
24653252076
24653172223
24601883320
24579279604
24578740717
24552873501
24500545228
24500542084
24500539519
24500530936
24467674580
24467532490
24467406906
24467322382
24467030805
24466859433
24466636187
24376757672
24376475419
24322579595
24138017866
24124886071
24006512060
23997779336
23997609556
23911872549
23862845708
23269927833
23237238210
23237032582
23236560625
23230129995
23229122374
23176829872
23175985817
23175357179
23175052109
23149761063
22656315678
22650933476
21985019248
21865686828
21865123555
21761726134
21761428901
21760723332
21677751919
21653698060
21609826430
21579876384
21579020947
21562803915
21525906926
21525718348
21425704289
21414418317
21089715952
21079334500
20963195229
20962733277
20962561051
20912784494
20901129389
20900684747
20880053960
20875843322
20875511559
20874872097
20782762759
20781199040
20781195191
20726179740
20722130732
20720988608
20711611022
20711598204
20693680333
20655036845
20587584831
20583802428
20583458564
20583376028
20581992037
20504259873
20503218109
20456289173
20455372263
20418316812
20418128559
20395408203
20381909120
20289761222
19674221618
19664103429
19591127570
19585731924
19585254217
19571455867
19571366318
19457264984
19369284633
19349249681
19347334400
19346551146
19345018715
19332868534
19323045832
19274056320
19247761334
19244914984
19239363286
19238033282
19098826912
19098629060
19095314769
19095108330
19089510229
19068715384
19028241611
19015348699
18998323068
18996765121
18986084983
18978037594
18977920560
18949659805
18947745229
18947638589
18947532972
18932458962
18932028866
18928180941
18921020123
18916205566
18910492415
18909941483
18909849399
18898614137
18866971572
18866429137
18796687706
18794269447
18757775419
18705009687
18704328722
18703514438
18618253169
18610802032
18609427662
18592613609
18592318324
18525414088
18524528045
18500191630
18476613669
18438760274
18438663738
18436171042
18420690465
18419252561
18123991918
18122747715
18106258541
18030175833
17939899320
17891401082
17856611457
17856113538
17854476410
17812154105
17741524522
17716868613
17713790253
17711991419
17711627875
17711584153
17639414461
17575043686
17562350193
17561793537
17559069836
17554836873
17508972481
17508800990
17508409634
17508199762
17508012830
17507179613
17505347325
17482280952
17482116884
17431228247
17431112123
17400738166
17345940894
17322778150
17321645588
17247075940
17200421463
17157905627
16964897647
16964764303
16939369190
16938876990
16934236220
16914438981
16857270588
16848272785
16841129061
16839653706
16806374653
16804433243
16787551341
16787276785
16781111645
16693274161
16644653323
16643360281
16614669560
16614544690
16573785865
16487113165
16476187232
16452778417
16428932898
16333465187
16320387959
16299746480
16295938688
16246196484
16156444556
16130698788
16130282244
16130221103
16130131850
16129931328
16042619906
16041929613
16040983513
16034270559
16034228009
15928677688
15793042579
15776263663
15776089584
15711082856
15710917416
15657654256
15657059373
15644929137
15639771577
15638093297
15629532489
15587377352
15578168152
15558965253
15552270300
15506657329
15506261872
15506083789
15505443607
15491692902
15451269914
15442165079
15442117325
15442058800
15422848214
15421273778
15407004763
15339703305
15338586786
15332630408
15330127702
15330125146
15330122042
15330117616
15330113933
15330111344
15330107579
15330103859
15330100670
15326943029
15326288022
15310768769
15279021309
15278760849
15262270229
15260402122
15260056116
15259831728
15255924075
15244798753
15202901097
15190641681
15187239701
15185406398
15180300328
15178722889
15175946956
15174091766
15172450215
15172146979
15165562692
15165489371
15165435267
15063998358
15063795660
