398160226441900034
398119207465803776
398061324254461953
397891955956260864
397796073063727105
397781225412128768
397778205316108289
397735675388108800
397729134769483777
397690878732414976
397454065258348545
397428648010973184
397408766024364032
397386621781164034
397361202637983744
397090921570770945
396312275440500737
396298938304585728
396284844881084416
395983992643940352
395983528246398977
395977318771867648
395948877175476225
395921949911568384
395597974752878592
395559973054189569
395255122076241920
395223915124887552
395222153215242240
395188934428213248
394883413456338945
394859002573496320
394801603494293504
394799358232653824
394789543733239809
394529827190886400
394520767590699008
394489058358870017
394447031114027009
394254635294527489
394140505971232769
394119366033145856
394104266115133441
393802373392789504
393802018659135488
393739102358491136
393716108475121664
393509287538204674
393431474684190722
393408824951853056
393329550651703297
393052928631906304
393050204133273601
393038124210589696
393006666439856129
392702153774473216
392674722384580610
392624137719406592
392350579009138689
392330445771132928
392289927997583360
392278099582148609
392235064982904834
391959492385984514
391917716543533058
391631321933438976
391602632537554947
391574949585895426
391555504805527552
391523107439005696
391300386369196032
391246275368083458
391237215696613377
391222115984089088
391150139831619584
390882117556527105
390861732874166272
390774405699096578
390541365609639940
390523247923445760
390503616647163904
390471152503492608
390150576035491840
390120124667031554
390115519288066048
390074825273651200
389809322081136641
389796485576937473
389757730174423040
389700349260349441
389072698971680768
389013055146692608
388712387983196160
388706276458258433
388701998448521216
388697537223589888
388690673085321218
388647890937057280
388351017726640128
388323838661914624
388305045441486849
388253628240125953
388027381987823616
388009008142901249
387974782529970176
387965973677871105
387940807170215936
387934516129439744
387639566607212545
387617688690106368
387617044126265344
387603075352895488
387574386758148096
387523297987940352
387269119155769344
387249741093826560
387194878213361664
386889110138265600
386852868570873856
386533255479971841
386501294472454144
386447186348630016
386432841539547137
386258982681464832
386234620057907200
386227069417308161
386183279948201985
386170196127272960
386142762363408384
386131689346318336
386114336193646592
386068131770142720
386064495031746560
386057100956155904
385844482551209984
385819567181680641
385804390684037120
385754386783145984
385474287835947008
385440059740024833
385438862891548672
385407523055882240
385401472478740480
385356507409158144
385075147968770050
385069368897331203
385056020671635456
384989084235476993
384743205142421504
384727852307841024
384721496481873920
384696897673232387
384644803511607297
384612590355087360
384347840941551616
384321919752753152
384268315050266624
384012876903505920
383944425635708928
383668349940412416
383641171701948419
383603420818440195
383602163307384832
383572107088912384
383282959756709888
383259701170819072
383255823314464768
383223620924760065
382953081945595904
382917848823119872
382907279273512960
382882616161996800
382842601096761346
382583889367011328
382542868507660290
382508642672447489
382455540879593472
382204127503077378
382164638063812608
382100441296695296
381835688963870720
381801714220662785
381767236198748163
381501226279374849
381436296381493250
381151915750342657
381097052895059968
381070387338956800
381017275458797570
380761584127070209
380741199415349248
380728616545300480
380664190089707520
380418815806296064
380350363041140736
380259763390410753
380067742939758592
380044590444593152
380010914936012800
380010866898243584
379988367389491200
379972112376537088
379953488014221313
379913221349462016
379689492149706753
379672127798247424
379654762242654208
379637147528994817
379600906280394752
379566428149395456
379325333071081472
379322061807550464
379283808731660288
379240773679460356
378962935940276224
378837607225884672
378583930087030784
378553226859003904
378520295570960384
378516232871235586
378515391234195456
378445766794031104
378223295570509826
378218010504204289
378186316539637760
378185043127980033
378091423418945536
378089661391843328
377874747562151936
377812329960071168
377760996502568961
377736576467746816
377547323649183745
377527190235017216
377502778945323008
377474591548915714
377453213118500864
368151442257117184
363813695270711296
358374877213888513
353937608436502528
350639017362063360
347008669440942080
343054219126915072
340480154717544449
340478008265682944
325255246802714624
325254684308807680
322712518738976769
322440055950024704
322439669243588609
322438250755133443
315091749385166848
315048851050487808
315039504098529281
312641395557027840
312576313011617793
312507522827292672
311554589239410688
310102924510523393
309758806097788928
307535028160712704
305002786590961664
304931932565819392
302466223935987712
300330965958524928
299885171346399232
298387082144014337
297389783477518337
294763233519230976
292611373114982400
292360932284325888
287050266623221760
285272434117066753
283288726157811712
280725777421570048
278211755908411392
278211416933142528
273146379482845186
270574446237069312
269499143054049280
269455262333693952
267784849874624512
266228481065615360
265557431252299776
263818128939687936
263817963109511168
263817846277156864
263765080972341248
263719685885947904
263719351406972928
262997717876359169
261789722240765952
260438355874029568
259675375083323392
259375490656256000
259373264923680768
255286247759704064
255078759101784066
252690659830530049
252494620636872705
251475529335717888
251462574367969280
249924627810357248
249569247519465472
249568630206001152
249567984346083328
248900915699007488
247331898798526464
247330299174858752
246672143042109441
246292114890182657
246291005559697409
245424947428737024
245328226350678016
245327845109415936
245324539469369344
245179742045757440
245115485014855680
244958771993006080
244862948177235968
244857611214811137
244856905703518208
244849266546319360
244785927547932673
243824435486928897
243817615695421440
243810860294881280
243810158587826176
243809001308057600
243805714034880513
243326924976451584
243120005074542592
243119577742069761
243119313496702977
242246622988365825
242246086499127297
242134219348901888
242133839718273026
242132834305835008
241467218272071681
241465685950205953
241309796647727104
240945034986409984
240943831573463041
240941794660081665
240938334585761792
240932147127529473
240930876127584256
240929918467317760
240929367927160834
240923151855415297
240919918650982401
240918124868812801
240916364473270273
240912730855448577
240910548642963456
238996676185034752
231430851441881088
225958694280642561
225526494842208256
216210428164972544
215832046050881538
215831977331408896
215705490578092032
215705385892462592
215705258083631104
215705149350494209
215704982492692480
215704580439281664
211155867280736257
208599192438976514
204308432348659714
203946121788268547
203548258352635905
202890168590532608
202806257797705729
200996633230581760
200183826587189250
198472995428249601
198470391822426113
197010865365590016
195837590371438593
195816830043045888
194296985195524096
194296530516197377
191161858177241088
190845873687769088
190830126274052096
190829733968216064
190827413289172992
190827056358109184
190825459662073857
190825083357495298
190817015559241731
190576144871985152
189686410066935811
189666990078705664
189143819411918848
189097961521819648
189097770517413889
189080634961043456
189076837857628162
189076573209632768
189064981092909056
188967016131072000
188693741257756672
188337970749771777
188336142054211585
187546209240616960
187103803584159744
185790650669731840
184581176864948224
184580225311571968
184579012016869376
184577938103074816
184577312891736064
184256885464104960
184254638911012865
183519550782976000
183518591373676544
183515782913855488
182860786463551488
180677173793923073
180368956442423296
180297250872889345
179909895557103617
179906292926791680
179848501935620096
179559306222510080
179556539475034112
178273214710026240
178200369367756800
178181378444230656
177540455951630338
175966604524400640
175965260157689856
174900858071429122
174900378284986369
173018830652710914
171681958189993984
169897947750875137
169127976540188672
168000097005731840
167301051844792320
167228631364542465
162614736884744192
160697218347708417
160131949799800832
156688871692840960
156336520465358848
154945813049638912
154265367089385473
153202770164457474
153188174275948544
153174077140504576
153172068119224321
153149113486155777
152826789415231488
152795081580085248
152739215866740736
152708261592834049
152464656739467264
152449809087873025
152432188820955137
152403252451885056
152381859693735938
152348641011564544
152091193554112513
152085228079423488
152067036820946945
152029286470123520
152006890577080320
151956054886977536
151739629257768961
151727047008460800
151717732352659456
151707677133766656
151684264130392064
151642470621523968
151642233538490369
150601882522488832
150599624439242752
150592068379615232
150561372189638656
150549537755369472
150263150695038977
150201997839171584
150195452103491584
150188695864090624
150164756752371713
149911836811214848
149896484442210304
149854288338890752
149837344839700480
149797331842236416
149565302282260480
149548441943543808
149534851685552128
149467656695726080
149418582047076352
149156609959018497
149110304360497152
149087148128206848
149070282668244993
148835240775909376
148828949550612480
148826433547026433
148822409238163457
148819880521646080
148819365784072193
147814958535675904
147725423575433218
147708983245934593
147666050190811138
147656394038984704
147603373670137856
147364047107530752
147357250862858240
147289052360605697
147026825128853504
146999613109436418
146991093349752834
146656133124341761
146613356223143937
146523002257940480
146279154181091328
146228816505876480
146196570331811841
145954057163513857
145618020847456256
145568086551044096
145566946891530241
145564185319845888
145561167962718208
145257601700081664
145188459278106624
145155246715445248
145149011278573569
145103241858924544
145096355591888896
145071886223675392
144910536314847233
144888572758077440
144859041452130305
144846961730789376
144797938269421568
144777763851730944
144763411811672064
144460163418566656
144372334436950016
144367301255364608
144328154503327744
144143890495184896
144024543000920064
143978489081630720
143976731806679040
143869531784359936
143869151373570048
143866206477230081
143754261812092928
143748336191668225
143735888453713920
143729867735830528
143723305386520577
143722552441835522
143713498705297408
143673728348340225
143661649172234240
143657919437742080
143618458528129025
143373511539429376
143035533885571072
142970094878855168
142687315368747008
142654520210628608
142601415385284608
142585203473399809
142581286761005056
142580086611247104
142579623065174017
142295147294625792
142223899541782530
142223501170970625
142222415219527680
142186933727150082
141980746100379648
141945090418540544
141940558410166272
141913141780029442
141893752301174784
141875861413564418
141851473234501633
141715051030646784
141556530347642880
141505455787737088
141452670287355904
141290679216250880
141228368493424641
141216036644077568
141203454394769408
141198588641423361
141198431543758848
141185843862847489
141178442401071104
141099770965000192
141077623282475009
140855659536195584
140833512050786304
140491009799880704
140486233724960770
140461314064654336
140410094201487360
140390600179585024
140142749704921089
140133903179583489
140116789769158657
140096231526502400
140072753788239872
140044125893427201
139770761832443904
139765730370535424
139739807852138497
139676851714015232
139675888504672257
139619269662089217
139431779902828544
139402587496652800
139388996164919296
139386230113697793
139348957238280192
139321552150872064
139310229052600320
139276651870691328
139257271074033664
139141049498083328
138810592852054016
138595021057302531
138587175708143616
138537469141463040
138329521723150336
138272572965003264
138259057810210816
138214513198637056
137939446799671296
137938691531350016
137904213945618432
137575877994225664
137539813229338624
137485455175323651
137236571857485825
137212657508950017
137109477576028160
136861593567899648
136792388231380992
136762944573812736
136756652807434240
136486625680162817
136463973313806336
136427483552694272
136401057189343232
136369099600166912
136145627527659520
136129264897626113
136127003295354882
136074405217435649
136048113067634689
135796077126365184
135337812034719744
135005090481315840
134987502699282432
134971640839811074
134697341528707072
134669648477175808
134600189490106368
134349292986048512
134283100464222208
134199551820177408
133957458031943680
133864096603967489
133850508682207232
133643385419481088
133638356503502849
133605388443594752
133583745801400322
133517818149879809
133259358434902016
133236666658848768
133152403989069824
133103807423987712
132891180680740864
132852423168491520
132846638715768834
132817697988820992
132520741429182464
132507906909278208
132503646171693057
132499097167986689
132459082648006656
132436987067105281
132397830127099904
132147932567838720
132125386980077568
132077323573927937
132030259737534464
131792746544500737
131791687897976832
131728517925838848
131688004547903488
131673813699137536
131423256161943552
131408261294456832
131353799204933632
131340000955600896
131297434969186304
131296436800331776
131190301476913152
131179360274235393
131178116461764609
131056844364984320
131052061562380288
131040742952022016
130985877823438848
130964991779147776
130959924598554625
130659225784434688
130619713955971072
130458387371667456
130286803528859648
130258837163868161
130256822220234752
129968186811629569
129947028594757632
129849637090770944
129466120620081153
129455204881010688
129222009690402816
129159495581569024
129142880731275264
128853836323504129
128799169191223296
128797958970949632
128517109738258433
128510567286714368
128492698960277504
128440990674595840
128433811607388160
128385742996111360
128090306842329090
128078722199855105
128077295255699456
127809195868303360
127794849129828352
127791579778924546
127740241573457921
127692677406924801
127541684853673984
127401004063920129
127357221083422721
127351849404735488
127324266554339329
127286501070471168
127082406812467200
127056989242146819
127050946441256960
126987028440166401
126944776313503744
126654730792484865
126634774130462721
126629291646656513
126581905268277248
126327935664791552
126289589257248770
126282907525459968
126279494221840385
126265983827574784
125985428846297088
125963492770582530
125957896579198976
125953719459250176
125950206079537153
125929332609785856
125918811546320896
125846513246158849
125628079262547968
125600387213438976
125557618130427905
125275752387190784
125262665198219264
125238760899219456
125160240013508608
124902522631618561
124897761719099392
124873599717875712
124817985423683584
124776634208354304
124487914334846976
124455110859427840
124429515651956736
124402718851870720
124155371123245056
124154109514362882
124152875097128960
124148070811312128
124101091691466753
123725789773570048
123428829397123072
123427620959420417
123368434363928576
123367177557520384
122729472901382144
122729256286568448
122715386213969921
122349194655707136
122296013359808512
122222685605466112
121943067124183042
121940569168674816
121925608161820672
121901219223576576
121890515858894848
121595750852468736
121517739729891329
121282194227478528
121250480272838658
121233363406307328
121211797154963457
121210081386831872
121133205838503936
120904461190316032
120897797724708864
120856633155923968
120789193445224448
120560432888029184
120538785892151296
120471847551766528
120436830343659520
120165828921524224
120101408925159424
120098391551262720
119815271795003392
119793358502772736
119789351042428928
119719135591661568
119444324126687233
119410605215072256
119344926780686336
119089490399723520
118976971962195968
118967218330546176
118699066589855744
118695955976560640
118640184970575873
118622405592752129
118601921287307264
118350117764997120
118267573832921090
118233851465170944
118017677569687552
117969358344556544
117947208682323969
117719409551876097
117715842749304832
117655293160206336
117628865270132736
117620716735705088
117580043357663232
117250435261272064
117209796851146752
117197169961865216
117165295268921344
116831854627270656
116828859462189056
116789358920609792
116513150702067712
116493705652867072
116465428473184257
116458074616762369
116455975652835328
115907771077103617
115713492576772097
115440193284222976
115401692626960384
115113041812668418
115058931079987201
115001049701548032
114732530959257600
114698556555792384
114654205171601409
114340796051886082
114327316070543360
114250934502170625
113963541249273856
113939632265244672
113906652721315840
113610012819070976
113594464412516352
113579901566717952
113210977729789952
113193726930714624
113175019407949825
112955754964721664
112885111854350336
112570285575774208
112488242246459392
112487535015493632
112212676465262592
112184973775224832
112171404216107010
112144315639267328
112136448806891520
112117637508636673
111822103573041153
111815839749124096
111778318923210752
111765936540893184
111740858482692096
111738776262414336
111497962613518338
111467269007212544
111462228632416257
111416932271534080
111401833834090496
111360566622306304
111262241533345792
111212492033761280
111110160738553857
111038686967234560
111020571453685760
110986596676939776
110986092127338496
110765891020521472
110756076131057664
110744754282700801
110736721435561984
110731213341331456
110713791175602177
110676508657455104
110654243614113792
110367016057184256
110035076909236224
109660861911678976
109637457556946944
109605083326590976
109273888709541888
109271654517055489
109258419118157825
109221665610809344
109194122480463872
108875959742115840
108866109956046848
108861479427649536
108823734462328832
108547655763890176
108495448758685697
108481941992521728
107856458321887232
107776064822063104
107512954903212032
107471684952539136
107451305894739968
107121633508077568
107082117657268225
107053177433628673
107011709771857920
106737260627636225
106687111016628226
106520468747599873
106428759514689536
106333783573270528
106318893513048066
106284914386796545
105974939890356224
105943353295773696
105918491869188097
105629404180381696
105591408097902592
105576788649984000
105408516885458944
104950322803376128
104899491043352576
104846392031322112
104596135175389185
104574593896943616
104554431126843393
104549436398637056
104537771435241473
104493308495142912
104164012266242048
104145277161709568
104117867833856000
103915972351623169
103910271025815552
103873902593314816
103872425879539712
103854211913097217
103473675445088256
103470898333495296
103075095106433025
102802923184074752
102519118510563328
102409329747034112
102374856917655552
102035099658371072
102000428971077632
101979449909710849
101713248142888960
101668940958269441
101590754404745216
101584344073777152
101341542924554241
101316881289457664
101293476926341121
100945879053246464
100909478567882752
100880275063582720
100562097523535872
100508933663375361
100250097794809856
100224689846222848
100177120994668544
99899547404341248
99872116584873984
99854495210676225
99787302829694976
99479427196530688
99448009791774720
99410787969413120
99125667114926080
99090666121998336
99076821244575744
98806840388882433
98728780620771328
98695207444430848
98435141340372992
98351819050323968
98334243322728449
98117202313625600
98109249284087808
98052624573669376
97683188087918592
97580062580285440
97376924053159936
97353766994575361
97331115739725825
97192514972430336
97152632224886784
97152261247074304
97039695749447680
97033158565961728
97020571568705536
96966213892190208
96683607514546177
96656922698199040
96651143102480384
96615910495891456
96312153396621312
96303094350086144
96266603674599425
96234894295965696
96095497508499456
96094428934062080
96093645568098304
96092898747101184
95960591226773504
95933908587261953
95927116557860864
95909594467024897
95679308546326528
95629210575568896
95613303740575744
95578318597918721
95552403079831553
95173652026363904
95148743233503233
94854546836295680
94814285284376576
94804468075466752
94522340494417920
94512298047180801
94495429953200128
94455671529029632
94438155020795904
94002153911361537
93980798239260672
93959444655906817
93726115671183360
93681912165572608
93665463925608449
93656655807516672
93624693512355840
93339277240434689
93330596352364544
93300995207086081
93288164709507072
93280628807696385
92642100872617984
92614777913868288
92550402687504384
92351852674416641
92309787752148997
92253184944386048
92214343952908288
91880902610784257
91864628837101569
91834419664535553
91818906758545408
91537190441594880
91523094480556032
91509209656590336
91490652172460032
91451116012843008
91191412560887808
91141102186414080
91100563529408512
91092091781922816
90838587133804545
90757998108082176
90715988412203008
90485006446759936
90421366364438528
90380820212236288
90354823999922178
89675930187997185
89632892656951296
89342771982372864
89310797204959233
89270982837149696
89004267268091904
89000801992835072
88988332012486656
88948117659066369
88605283064098817
88576669627068418
88530623802777600
88246719611027456
88198054926221312
87569040666673152
87534565572345857
87524671209209856
87522232867373056
87492539594182656
87221252367974400
87195079143456768
87179477494415360
87141225051860992
87098946220081152
86801485920337921
86760718011076609
86742459698262016
86716341331046400
86449894675582977
86417792051593216
86393297932787712
86377385703907328
86375796897349632
86167652309024769
86115968543244288
86088744670736386
86038709371281408
86002219215896576
85730130235887616
85717047299932161
85669037291474945
85628578993147904
85611069682364417
85402274079326208
85361259108765697
85308966657212417
85299971884199936
84664908330975232
84637727492026369
84615331406024704
84285797154562048
84285309591896065
84234454675099648
84166992499703808
83927593140756480
83854971866595329
83828942284402688
83552733566734336
83505679750533120
83490289192419329
83469274613682176
83458378805948416
83197160681771008
83171485686038529
83171261529866242
83170861514895362
83150400408137728
82777095331258369
82741961202745344
82508530011213824
82478499369193473
82453334136602624
82385638518820864
82132722436423681
82095976671739904
82038853334089728
81775907622227968
81756992779202560
81743403737554944
81737987448242176
81689422671790080
81391159150247938
81362179135242240
81354107721482240
81328083705151488
81049083166457856
80964529231634432
80950015794749440
80918040862146561
80666403706908672
80617809129902080
80581410733301760
80543845158359040
80305195275390976
80292894124146688
80250051154292737
80230922607263744
80211533942095872
79965189830746114
79939524611948544
79908818653421568
79601797303500800
79580655838691328
79555490006310912
79521012898734082
79502389824069632
79201665563111424
79185046778560512
79180399108034561
79180166429020160
79179877735075840
79179617407213568
79179327807299584
79179148169445376
79161141695234049
78849584809508866
78792718171635712
78739865356877824
78732061522919424
78513884453011456
78472440644251648
78460460709580801
78434851698642944
78380909430185985
78135233723105281
78120913077411841
78095197426286592
78073307550846976
78068241192337408
78067396748918785
78042921756147713
78042759184912384
77721560101814272
77531434658697216
77517852856434688
77416394744008704
77348698295767040
77339319429382145
77048722437046272
77037187123789824
77027579000918016
77010467356282881
76612427638251520
76610506454085632
76585621623275521
76309584351985665
76242860856455168
75873822905090048
75851739852570624
75840833781379073
75579195790589953
75564262390632449
75545456456896513
75247851936022529
75179404636061696
74891095921795072
74868107394555904
74857789767426048
74839993205526528
74834134329077760
74433238021570560
74412853804797954
74157419613265920
74139936445562880
74137214833012736
74135463799177217
74070064323768320
74047736449736704
73777728347832320
73766149086654465
73709026076131328
73677123067453440
73408578177871872
73365657466580992
73311182307606528
73056904687005696
73017151904161792
72994372811104256
72585787492937729
72328115770236928
72275520284401664
71996935199928320
71984102051545089
71971773444407296
71650653021290496
71637315096813568
71630013031661568
71626178397614081
71588615637041153
71280715819524096
71274424149606400
71270141190619136
71263096886403073
71251036811165696
71126871529635840
71009959961300992
70964062116249602
70932420987326464
70899956273266688
70880007261663232
70867672488878080
70851229407920130
70663525512646656
70569354718228480
70521519062790144
70515147822735361
70343775196692480
70115273486766080
70085588610580480
70053542609686528
69799455188205568
69727989142798336
69704580174331904
69449902027059200
69397814895067137
69361821013909505
69058888321871873
69056781866905600
68967302032400384
68692776006594560
68639764177371136
68620377194110976
68592370626723840
68350153395945474
68302666685620224
68278861309292544
67975829849772032
67925634160144385
67909777228972032
67906581387411456
67587603075051520
67271797686550529
67209891802124288
66859966115487745
66858767341465600
66850525194358784
66827874551865344
66799949509177344
66597789991313408
66478825919361024
66469176872673281
66180896767746048
66171074299183104
66112667013758976
66102148236197888
66081707761213440
65942121152135168
65807404859789313
65749404577046528
65746749104472065
65693342960328704
65490265657446401
65489394425020416
65433994908549120
65411369297645568
65046636883226624
65024006490828800
64992783257182210
64691044125655041
64629136123101184
64348799874760704
64308776060190720
63962495634771968
63923738562932737
63885233329676288
63879446674939904
63625023528779776
63563207498924032
63544914260148224
63289315911942145
63257098913464320
63203492302569473
62900937387282432
62870596345806848
62840601221152768
62827684501266432
62564533163663360
62531813683380224
62497396063604736
62220296236703745
62154216537464834
62134952136949760
62134699572727809
62117587567382528
61837491363258368
61825663778291712
61819876423114752
61751674322169856
61751428842143744
61734311799427072
61460018297450498
61416969768939520
61392559762714624
61392308159000577
61233077392900096
61097843280195584
61092339933921280
61088565093859328
61069000909668352
61038322826477569
61038307475341312
61023913207005184
61021810078134273
60999000865771520
60748566783725568
60738329934692352
60719882760753152
60685684905738240
60674331935641600
60667534071955456
60658469157617666
60355862455255040
60355783644299264
60316731717074944
60312344068243456
60298136320622592
60281358181867520
59945784631758848
59919482495320064
59652846714494976
59583389015080960
59384607438667776
59380868933894144
59290710129643521
59213197659480064
58937254927794176
58917734473400320
58872380965134336
58854352131072000
58807362311565312
58603458151972864
58553000737767424
58512279787929600
58486785931624448
58316627208441856
58311171102613505
58184106529398784
58116148528545792
58103499145220096
57935374877589504
57839591859830786
57829579456397312
57763148232540160
57717211787304960
57595808815648768
57488796303900672
57453256661671936
57452532150181888
57451321627906048
57415920234147841
57401320293933056
57368887586603008
57137522513412096
57096008320032768
57057241605484544
56772614462513152
56772363081089024
56749465784172544
56694104423276544
56680188343365633
56648550024626176
56419095435939840
56377931445968897
56377879231086592
56309907942682624
56299621189816320
56291188780695553
56262583040212992
56034866181054464
56024449136336896
56020164482830336
55954728563130368
55944914218926080
55912324653002752
55677152888229888
55676897945858048
55655256008302592
55596618707238912
55584788479881216
55578501704720385
55552269487312896
55344960756654080
55319880739729408
55297646553862144
55286975418204161
55277012880863232
55226438193922048
55213553208147968
55047825700032512
54884426957590528
54812492987240448
54608038505615360
54559283601350656
54541919145046016
54534118792380416
54486554789412864
54228351904256001
54228105073672192
54223319767060480
54145306417315840
54121147117207553
54096484173488128
53781666514223105
53732583527292928
53721262240964608
53532174254747648
53531239885447168
53478412173574144
53352326899048448
53250074955882496
53249655319953408
53137917069115392
53125946798120960
53105632970153984
53010764411310080
52760175085490176
52722102574387200
52690721571999744
52687974680371200
52656171399659520
52626598633025536
52502644157198336
52502442788659200
52451231951618048
52445358843899904
52393094611599360
52346001331200000
52018520669691904
51976240843866112
51687313738174464
50997164708605952
48821700657287168
48820956415803392
48371332869664768
48357589045608448
48124235369037824
48023458638077953
47962452553506816
47041954273431552
46282414472962048
45959648855072768
45822437065109504
45076973772488704
44075753700208640
44057495009890304
43709788655329281
43289642648342528
41213550638796800
40864794382696448
40832479791161344
40743260603293696
39297376644505600
39026524770406400
39011932488859648
36071049426640896
35319874079293440
35276396796317696
35066286543216641
34978370177605632
34751134178484224
34698293590097921
34633909136265216
34595224210636800
33254802511110144
33219159101800448
32429767655424000
31397651148709889
31051991434137600
30960478159118336
29556152408735744
29249071889776641
29246272619679744
28125398978011137
28107077956141056
27417808484696064
27283372149571584
26252580589936640
25569772775153664
24624801813372929
23831711846506496
23490078336622592
22999212425744384
22738431079620608
22701344603246593
22006848441810944
21757671568838657
21668687249416192
21630604084781056
21314718270488576
20503231880761344
20206510508351489
19159791876182016
18741856863002626
18481572420263936
18256563294703616
18025509472444416
17741976661131264
17655183941046272
16576656386818048
16575769820008448
16430786798424064
15520560113000448
14707144746074112
14510346635055104
13266234061627392
12778051595149312
12565323777576960
12066623468871680
10444122875764736
10437497775460353
10024441647992832
9988757952405504
9987138154143744
9740870555271168
9739564302204928
7938243039330304
7853037032837120
7780922887774209
7749213848862720
7116858968772609
7043071480958976
6852009395232768
6791831673114624
6791667579363328
6137514901372928
6136016872144896
6032639647555584
5983561253396480
5965615638519808
5231578657587200
4832996897067008
4637072874799105
4604961203691520
4502091330486272
4223024194654209
3921639532142592
3891490455552000
3675916190359552
3619365530370048
3617531268960257
3591190570078208
3555400800534528
3474265777115137
2767932794863616
2472835649900546
2331060650115072
1991972113879040
1746280472641537
1615250537324544
1343571550535681
918099054297089
707900037136384
629991289135104
591743393210368
503101836500992
29672489626
29623876672
29333328615
29332815807
29332668011
29299950237
29207280127
29197996782
29197652785
29029755013
29029194765
28768510487
28447910513
28419068675
28411927184
28051178257
27774371450
27456738560
27389915794
27179094088
27022112226
26930796957
26760906273
26679092649
26643130156
26599276782
26476181925
26120450543
25487346332
25451984809
25451956915
25429118982
24955969445
24952563354
24804563264
24609961505
24516765836
24508089553
24020228974
24008453988
24005730991
23862809848
23011269600
22925730143
22925682641
22923658693
22903662295
22820700400
22463852540
22463643857
22448062750
22260119010
22256327198
22225093337
22222485950
22222226533
22134340875
22133485595
22073513841
22013547314
22001696666
21919388979
21919238807
21901272165
21851630058
21775872875
21740634358
21740153038
21739814025
21441203957
21305812842
20576399692
20576255391
20411289980
20410396230
20391673215
20241827345
19691279961
19504100079
19027366393
19027254347
19026912138
18978010445
18977826013
18880286112
18806237624
18800652409
18703457528
18637190483
18572817242
18486992248
18486633539
18465416255
18253390860
18253249002
18237467436
18226783063
18144422751
18073207520
17681446543
17275309900
17270568865
17050900220
17035184843
17034885777
16702008231
16328084821
16324775764
16168918936
16008452147
15940750665
15921398080
15920428540
15919165987
15867631794
15637914533
15584625256
15584472449
15551597879
15516480760
15516327407
15341539650
15341067653
15261200728
15259791405
15205277076
14937425955
14937272844
14917943294
14860392246
14850753104
14576500973
14507739016
14444960837
14442406190
14440165826
14235253250
14191492728
14131969649
14089262154
14087813676
13986824007
13814657909
13798863257
13751024296
13750825515
13742696887
13672165139
13619696794
13576034856
13563189169
13495657207
13485062716
13441033052
13376723032
13237458112
13202530465
13077011898
13076049907
13024662235
12903910984
12773009172
12628539490
12624786298
12603647232
12603354333
12581249806
12531728747
12528690322
12395663955
12290001539
12219448345
12182333890
12178565118
12178484533
12178058843
12116745058
12057876049
12038259445
12006556527
11905364683
11905167337
11896754504
11837188754
11829598375
11768922514
11765564773
11765370398
11710390613
11710013636
11649208546
11594267356
11541257567
11488650746
11488135222
11486557428
11486132123
11295010562
11274588245
11155177976
11123009123
11116667837
11088771981
11059189932
10986875429
10983824572
10981983939
10974779668
10954806076
10954658230
10954413300
10953971573
10932023135
10920581166
10896294161
10846012412
10777193780
10746021755
10723209573
10722111507
10687093708
10683548185
10681302665
10673471514
10577178920
10479354386
10439796183
10396808128
10385494693
10297943055
10245185608
10184874617
10084359841
9988068487
9974400181
9950641416
9949846276
9949642594
9948633350
9948380445
9947433447
9935763597
9934962801
9934661451
9934112363
9925774722
9925653813
9918946905
9917246303
9917163810
9914838702
9899739604
9899424512
9839313268
9779034972
9743020537
9582552701
9554598327
9394982374
9394646163
9348332117
9347883535
9248904205
9248663736
9152976166
9058155162
9055736942
9019081850
8874279614
8874071055
8860544342
8832232179
8767480963
8721293510
8721188923
8718831668
8689591448
8681037249
8680166371
8410851995
8410808976
8378875651
8374620404
8298847771
8298092516
8296079683
8295140253
8286224025
8286092431
8071186584
7995983428
7923260925
7823463407
7798647987
7794057596
7676606028
7640173276
7627683205
7627591879
7559546108
7527857648
7514992282
7494936718
7368041452
7361394033
7335967947
7298856216
7266736422
7261167278
7250077389
7157228099
7016765326
7009496872
7009341088
6910636881
6888134453
6832128464
6806209283
6767582265
6724173509
6678836081
6668538564
6657129089
6634415256
6601442632
6567153944
6534595885
6526358618
6466370889
6449622508
6435637571
6408200415
6408060415
6314619312
6286873517
6243055167
6242951590
6178242904
6167853559
6147690522
6128119547
6097204277
6081362469
6066059987
6064169618
6018273499
6006242579
5992466264
5972938134
5951001261
5855282316
5855201106
5777333921
5777237788
5770098855
5763322600
5763035522
5751154949
5751077745
5738320183
5716268364
5666771043
5657961385
5656870854
5656731780
5654576429
5647530694
5593822835
5563628688
5509333605
5507272098
5493177830
5478068953
5477910847
5464529402
5464393043
5449185485
5448888953
5424038209
5422788743
5421098951
5419204525
5406423235
5405967546
5361767107
5360674470
5328557273
5328525224
5328475693
5328390377
5328314664
5310318751
5310247607
5274525463
5274288734
5274204837
5260828040
5243404900
5243192642
5242863081
5161253440
5161121939
5124050381
5072525088
5068212706
5051266201
4970824075
4970338861
4954315590
4946126716
4886866209
4855362498
4816368392
4816284192
4789382515
4783434232
4781927947
4765381739
4765310956
4740312294
4740146421
4739059878
4733621530
4732865273
4706698372
4705449424
4689258829
4687360668
4668136616
4653597797
4640944631
4636285979
4627185041
4625092900
4624699978
4601537202
4601478235
4601407844
4494884266
4382244562
4382073583
4370835304
4348665714
4348263616
4321601028
4317599132
4317112409
4175236720
4157679423
4092829403
4080129323
4079966244
4062516490
4015844390
4015808641
4015760290
4015718414
4015583750
3990392164
3990261654
3981092710
3959493244
3959363948
3915937375
3911918838
3911083167
3906102338
3891500307
3891425768
3891227162
3874034439
3825338990
3825166512
3819000631
3818970124
3785461736
3785119100
3760103681
3758555818
3712407885
3665496889
3665340108
3664970862
3664927035
3664234689
3664160518
3664123458
3663540412
3662988371
3662849599
3662781346
3662727713
3662645391
3662602308
3662579158
3656533776
3651146880
3648025502
3637390972
3637054408
3637017625
3636982232
3628061830
3616014714
3604421851
3602716826
3602037649
3601911002
3600234629
3582151912
3582121022
3543427346
3541534072
3524676108
3524648272
3516545207
3516284422
3515956952
3501347047
3496442202
3481747048
3481514479
3481401555
3477227273
3477011047
3471569104
3460797811
3449150321
3437927773
3433637694
3430995941
3425407172
3425335314
3425129070
3424706520
3407443087
3407005172
3386791295
3386690677
3386652443
3361101320
3359692706
3348094032
3347770383
3346345157
3334907995
3329829605
3326705280
3326355323
3318027327
3318005227
3312363065
3309333127
3293231413
3289998557
3283745762
3262743211
3262704012
3208362171
3196153011
3180995406
3180573493
3180541336
3170047249
3123668181
3120428853
3111230970
3104622636
3084308732
3054975556
3054942517
2905231248
2905037075
2903800931
2902590253
2901678368
2898511600
2884574459
2884295699
2880263380
2877072410
2875567037
2875284121
2832549111
2828700016
2814662248
2814615989
2791397671
2791324398
2791284702
2787227197
2768368451
2768193009
2765704427
2750538615
2749393592
2728945913
2722255603
2716274884
2715562101
2714229239
2713529764
2711189341
2701544504
2697849362
2693133992
2693051085
2679596194
2679551043
2674945796
2672852658
2661043175
2650516082
2650451470
2650398943
2649530616
2635943291
2635306666
2635283922
2632403930
2597776405
2569433375
2569320353
2569247079
2569189412
2554164991
2503375199
2486916064
2486558924
2486418053
2484289872
2474956081
2474932867
2468484774
2457967362
2455197204
2452889400
2452838475
2452774470
2452737614
2395345626
2391475702
2391415220
2391400333
2362164887
2362146355
2361864413
2361830391
2361815665
2361770920
2361752979
2361684081
2361611608
2361574790
2361508408
2361452659
2358498299
2357396669
2357329140
2357277824
2352841784
2352710437
2352483756
2352404745
2352389667
2337396803
2337249077
2328932303
2328856329
2306691388
2295541932
2293284687
2293233404
2281917144
2281880808
2280469802
2277348099
2266913943
2265335025
2253300073
2253081189
2252868663
2237697737
2237623641
2235916972
2235863248
2235821916
2210817813
2206267308
2204459530
2194581173
2190289726
2170360897
2167582003
2167307805
2164292088
2159945212
2159922622
2133095295
2131233389
2130464073
2130431613
2129907923
2124506924
2119504416
2110671892
2105216331
2103481365
2096098227
2096045009
2092324231
2075168820
2066909099
2066370746
2066217718
2056676008
2056645394
2054329705
2053992083
2049679747
2049650833
2049640287
2047282390
2044742376
2035758314
2035712581
2035666907
2030503782
2028880593
2015919063
2007236589
2003371164
2002924905
1991701291
1991643306
1990625785
1982762040
1980223533
1980212666
1976171138
1960249882
1960128488
1959880163
1949979215
1949910287
1948747289
1948624091
1929201458
1929168016
1929154265
1929150866
1922030684
1907476465
1905332915
1904109127
1903912148
1903599712
1901024059
1900991714
1897383324
1893099236
1883047064
1882971753
1882411477
1881573621
1876171493
1872633115
1864521105
1861892037
1858046325
1857707903
1851390790
1848823232
1841083821
1837890603
1836207586
1827950689
1827904564
1827862265
1827820439
1819904013
1819830168
1807854824
1800121281
1800019012
1797396763
1797356118
1795807345
1795534033
1793915866
1786999218
1786923874
1786879056
1786808152
1777018968
1773263875
1773147545
1773011419
1765619298
1765365764
1764887815
1764765327
1764711493
1762837897
1754460001
1754442452
1748511671
1738912818
1736656636
1728878628
1728803278
1726208853
1721757183
1719974991
1715933131
1709555794
1709528678
1709495339
1699817268
1699794155
1696728738
1695177031
1695148854
1695112122
1695096374
1691013769
1690999338
1688133671
1677979674
1677939633
1670269729
1670213325
1670193261
1660556341
1660145423
1658337425
1658269494
1642378151
1633938540
1629845296
1628356888
1620218024
1620134669
1620118682
1614716190
1608690215
1606281162
1599376827
1599304304
1599263650
1599213663
1597278949
1593451555
1589118450
1589071379
1589030753
1584475342
1584334693
1584240372
1577369728
1577351448
1577292502
1573678889
1573510880
1567524294
1558934550
1558924104
1558912832
1550007786
1541235384
1541221813
1541208618
1534978332
1534904729
1527997194
1527469118
1527353734
1524006480
1518093712
1517744126
1508032059
1507682446
1507669513
1504337061
1503271978
1500236129
1500119433
1500103571
1500080417
1500057447
1500046750
1497112280
1497075684
1497060680
1497045790
1496917226
1493747958
1490247935
1484228195
1484209847
1484164561
1478290397
1473500478
1471646557
1471071807
1470988657
1470122100
1467748395
1464152086
1457281569
1452071396
1452067609
1452020432
1447854125
1447798777
1439034035
1432895683
1431578450
1431546209
1431182055
1428461734
1424719129
1423948770
1416670797
1412806403
1412787756
1411633609
1408215216
1406968603
1406921391
1406617840
1404446365
1403056958
1402607046
1400284461
1398117929
1398089702
1398002709
1397383611
1397368638
1397362591
1397012993
1395660940
1395648568
1395625735
1395067482
1395060683
1393785230
1393761550
1393715989
1393708255
1393638292
1391287694
1391096928
1391042745
1390529333
1387481377
1387379792
1387325124
1387320570
1387315689
1385146894
1383564822
1383332211
1381127414
1381124781
1381116407
1381111937
1381106998
1377986624
1377406644
1377132407
1377086651
1377053806
1374864831
1371771842
1371537037
1371513932
1371490181
1369821649
1369782518
1366670155
1366635494
1365989933
1365983514
1365891311
1365645059
1365619249
1363712543
1362645190
1362138493
1361971786
1361956447
1360293935
1357925175
1357792145
1356044018
1354296857
1353428302
1351790586
1349996135
1348776780
1348653421
1347897740
1344180938
1342153928
1342090657
1338634584
1338166511
1337898202
1337615897
1336166786
1336001308
1335895103
1335864375
1335849285
1333979109
1333933566
1331779108
1331693664
1331646414
1331276966
1328082100
1327291403
1326840982
1326833419
1324118320
1323304205
1323267445
1322236634
1322235312
1322126065
1321121155
1319003620
1318089795
1317106491
1313802030
1313792640
1313775085
1313735624
1313709749
1312722579
1312640536
1312274502
1311958641
1311950254
1311404099
1311373028
1308229749
1307768176
1307760708
1307726775
1307712637
1306237084
1306214278
1306203476
1306080922
1305708859
1305010843
1305006564
1304998075
1303347841
1303037980
1303017010
1303009887
1303006087
1302948911
1302926490
1302924261
1302919047
1302307767
1301935145
1301914298
1301903720
1301897632
1301857094
1301852372
1301840859
1301817024
1301495604
1301458183
1301136678
1301125650
1301118516
1301110751
1301078736
1300341055
1300001715
1299888746
1298187847
1297133672
1297116561
1297099487
1297028617
1296435146
1296252866
1296193305
1296153215
1296052805
1294802685
1294776156
1294719861
1294709155
1294631244
1294619636
1294612785
1294070227
1294048790
1294034129
1294027568
1293779544
1293773723
1293761518
1293638357
1292758651
1292746737
1292557035
1291075220
1290210326
1290195119
1289669082
1288783569
1288644928
1288611540
1288519288
1288378341
1287816119
1287791451
1287756949
1286095819
1286049713
1285949534
1285628300
1285327988
1285289308
1284907709
1284880954
1284860818
1284745163
1284738844
1284726932
1284690187
1284686115
1284662098
1284643792
1284617338
1284502051
1284459257
1284264412
1284230237
1284156642
1284146966
1284120531
1283972838
1283965397
1283005643
1282900625
1282575866
1281176120
1280721451
1280070681
1279926454
1279907949
1279898710
1279882084
1279838186
1279827419
1279787956
1279365067
1279346861
1279214267
1279130614
1279050168
1279034388
1279023560
1279013727
1278040724
1278021690
1278013299
1276287350
1276139413
1276121967
1275984456
1275938929
1275936841
1275928053
1275670280
1275015703
1274984856
1274456596
1274297796
1274234224
1274057756
1273994280
1273987494
1273565689
1273531497
1273528303
1273493376
1273443727
1273431322
1271523898
1271516322
1271434101
1271417267
1271411397
1271369879
1271322988
1271314984
1271274546
1271254597
1271036461
1270242127
1270220938
1270205936
1268784472
1249198018
1244581413
1227470441
1223295551
1215259657
1215211350
1198494471
1172589953
1152060987
1151870508
1151835670
1151771081
1151624339
1151623223
1142285907
1134529609
1130397152
1115333585
1112885258
1106423966
1101549230
1092183297
1074639206
1074622790
1060712500
1058313733
1049246535
1047338732
1044866450
1039869159
1035920181
1032021947
1027874053
1024340735
1020602422
1016462715
1014461278
1012685909
1012635961
1012635607
1012617719
1011242783
1009321801
1006830027
1006480413
1005647396
1005611764
1005468757
