397465352793489408
397464575777734656
397461648912707584
397402253189214210
397393361801576448
397355253102047232
397267169677148160
397131844308992000
396731507047288832
396626437194907649
396626087523803136
396612544871530496
396378730362175488
396353716322045953
395902034861228032
395896520081690624
395663207735775232
395662301384417280
395609338452389888
395608589819461632
395608328296210432
395579962021150722
395503692092547072
395500600622059520
395472674711146496
395289766012665856
395289581698154496
395289098799550464
395288980331458560
395248442953707521
395226545834704896
395141393276223488
395141130175918080
395114518894092288
395114070883708928
395096201068310528
395092440929288192
394958105051947008
394917628634218496
394890019393257472
394849645681475584
394849455889219584
394841791406817280
394834136223195137
394763953991352320
394592902560907264
394492660666609664
394392888488239104
394172631173578752
394171128010530817
394163340416942080
394161216438145024
394160432296263680
394153323042848768
394151416916615168
394140773249462273
394139342215872512
394101880387010561
394100313646723072
394094375946702848
394073670043570176
394061745800896512
394058789491863552
394058615482748928
394057769701376001
394055687757893632
394052485499084800
394051499896373248
394048821510275073
393818012505346049
393813328872882177
393787667005337600
393750264920154112
393703509994250241
393703430461857792
393648412413161472
393624544738820096
393623921905655808
393492835150102528
393471797133578240
393471142851518464
393453794044153856
393450783423086592
393449453438644224
393415650045349889
393396513755660288
393396099979165696
393396021767991296
393395160270532608
393388169758248960
393375266455945216
393342102056488961
393325757264826368
393314089386381312
393310081259151360
393284876138725376
393271941727289344
393138943941967872
393080359858237440
393080312596819968
393079914477658112
393079597031768064
393065270740549633
393060964779982849
393060674873864192
393060204696580096
393059971027726339
393059903889506304
392946343721066496
392943093659758592
392935434604797952
392929549165797376
392925241565282305
392924950547685376
392924866082779136
392912524926255104
392771561008402432
392721631883575296
392717676956889088
392714378770149376
392711613750706176
392710702525607936
392709642926952448
392694896450359297
392694561656807425
392694202582462464
392577806984835073
392550681569001472
392549748265480192
392540953283952640
392532965185843200
392369704834056192
392352066313932800
392343486223351809
392343267507195904
392267881779847168
392265223127986176
392261757085171712
392249347590877184
392035274748100608
392029964172013569
391865171708510208
391704716356648960
391332554563129345
391192921703473152
391141629102669825
390938162949652480
390606048392126465
390605606832570368
390568224259325953
390566031212957696
390510767306711040
390464819478138880
390460680006291456
390458227525439488
390452001735458816
390451881883222017
390451429846315009
390432369062461440
390388553001472000
390211732511424512
390210480822030336
390209797783846912
390208494944931840
390208120343257088
390207334464884736
390207266387152896
390203652214104064
390199980629061632
390198243478368256
390195654515228672
390195332124254208
390194565694914560
390194332533547008
390189199045177344
390188890948390913
390188522944348160
390188123927638017
390187356902666242
390186931344384000
390163917294804993
390163479824703488
390160988785639424
390136920552251392
390135038496759808
390112368505942016
390093430308995072
390093394426359809
390030387625590784
390019223776673792
390019145867476992
389687890491768834
389461555961950208
389385227678015488
389109913110446080
389092525656776705
389091688322727936
389087780611309568
389081983613427712
389036000657551360
389000896715444224
389000598911479808
388968869429514240
388750600827322368
388738367443468289
388719163738718208
388697593536348160
388619964644876288
388618036233912320
388613592226217984
388613055485341696
388406499204411392
388406287845064704
388366897928212480
388359771512111104
388344864729223168
388344454291394560
388275128242806784
388274809698021377
388274677434839041
388246802820255744
388246722134441984
388246291471675392
388246107735990272
388245128651223040
388245076587347968
388244997252071424
388244720188923904
388214598257881088
387916874459389952
387887534149492736
387887083765104640
387687122725240832
387680779863879680
387680214484279296
387679709787881472
387679286712610816
387668145575845888
387645741520658432
387644562266939392
387644506633674752
387538422401085440
387536047074447360
387528267122900992
387528203868569600
387279400376758272
387202591358484480
387182962401619968
387167390427254784
387167138055987200
387152503449858048
387115120402657280
386929363696250880
386916417842720768
386905606168510464
386905351691726849
386518287741620224
386077179349839872
386076832212455424
386075719362953216
386075376042381312
386075000312463360
386058988582100992
386051798752305152
386038153842548736
386036113695342592
385477523083370496
385447152568520704
385382095126028288
385344312739102720
385333552889745409
385295503858364416
385156765895385088
385145223674089472
385143973079433216
385143235477520384
385142999489183745
385142207403294720
385131712193507328
385128046430531584
385104711893798912
385091034025586688
385090786578411520
385069913851056128
385044714908839936
384965581776384000
384941245162082304
384940601638408192
384677536220721152
384677376916848640
384662175060852737
384574312604512256
384555576568872960
384357191551291393
384326026438139904
384245403274997760
384117608221405184
383986694997151744
383926974781341696
383695545707298816
383695514384232448
383645454644559872
383625335830757377
383603521045934080
383535329808244736
383492514151694336
383347746461478913
383260341955989505
383251553177833472
383208773239963648
382909202483929088
382907722569891840
382904967499382785
382896818306445312
382887754084126720
382815252213420032
382801985529200640
382799571019378688
382788638033326080
382775775159939072
382649081983954944
382631555552014336
382620523236442113
382586605493837824
382576540216999936
382531416447135746
382527611593039872
382475673056845825
382475319284076544
382461781790433280
382460963511087104
382455184196378624
382238257289109504
382183310648422400
382181751302676480
381868723067715584
381821086717190144
381744968924422145
381702607351578624
381191190315827200
381115017716064256
381114885993938944
381114721480765440
381114521953505280
381103736099454976
381047882834780160
380947748104982528
380776930934808576
380721833949274112
380678623713570816
380674063129395200
380321638371565568
380289835413807104
380233630439968768
380043777014235136
379978773380485120
379935954901159936
379901139896242176
379706156597653504
379669274912362496
379588895970971648
379572143044173824
379475283520540672
379344500734566400
379313658964496384
378573672640163840
378551368245846016
378548822148120576
378523082316865536
378512166540046336
378511480448372736
378407947988381696
378235459018981376
378050130727170048
377813302115844096
377813104295677952
377748780126584832
377748071289204736
377537672933556224
376383260026494976
376374276854906880
376326462993096704
376015479175127040
375983905893281792
375975807312990208
375974898952597504
375652003659395072
375509793076940800
375340484543397889
375258288927277056
375232537280663552
374974008821047296
374971858653020161
374937635871264768
374923187114737664
374917999788322816
374907306942947328
374905990476742656
374883439717408768
374525464083447808
374111904006176769
373889946534559744
373883136926814208
373882692150255616
373697958090657792
373506802073485312
373414012249444352
373169593625612288
373164141114310657
373144771227041792
373144030261305344
373138094473895936
373137058858283008
373117955158327296
373079570867843072
373029013545304064
373003188255068160
373002327441289216
372980613193940992
372977206852878336
372779434270801920
372760428092223488
372632084961316864
372135599173799936
372133820180758528
372026194469736448
371953652636057600
371950432584990720
371749622450245632
370916423969021952
370882897907318784
370881799213568000
370823757021315072
370822567055343616
370476160129708032
370430788019691520
369778131231838208
369767184975003648
369766717712789504
369763955977506816
369742985338310656
369480166583836672
369480107389222912
369479737204555776
369479163096625152
368709573676646400
368441670897258496
368441395637657601
368376529145057280
368355489983504384
368350446869819392
368349260502556673
368002445349486592
367999497882075136
367926786832994304
367922370558033920
367688642367860736
367685522921381888
367656897484443648
367624048521805824
367541301975453696
367417860999872513
367416838361452544
367412545436803072
367349077576806400
367344410226610176
367260276728819712
367260229815500800
367260211280871424
367253072302845952
367250160902234112
367246844017250304
367206519819218944
367050304413794304
366969971554791424
366953498300002304
366688605873246209
366533680841244673
365857885709795329
365814136023678979
365743986176032768
365743635356069890
365390285196378113
365389766788784128
365094854012841984
365093565925699584
365092901577322496
364735524483117056
364683050170732544
364677511361613824
364422249207431168
364366485470195714
364364660113674240
364300267451609088
363685083271938048
361166411831320576
361166387470811136
361166198131523586
361063677031481345
361055099495264256
361053631593717761
360364419189977090
360351742728232960
360348823425527808
360339115247542272
360321635301076996
360301262136299520
360270385259876353
360082959551827969
359700002387398657
359378065899520000
359318812497178624
359315960395603969
359070536959533056
359052963286757376
358598990805217280
358347669309108224
358205342544437248
358187271045906432
358186855897899008
358185618632749056
358181443274436608
358179846452572160
358178372314083328
358177720838021120
358174389382033408
358158828254158849
358158603552686081
358131388635422720
357882383325859842
357879282695438336
357806387730341888
357541873935982592
357541348146028544
357515363346825216
357477724195012608
357088280396836866
357085755279024128
355971202843553792
355676014346645504
355639566604050433
355638334434967553
355637319790891008
355624411858092033
354936616151814144
354936219685224449
354643409392250880
354609427803942912
354223590369001472
354212258844377088
354191517201600512
353917850018258944
353904920572854272
353881476145741824
353820190011703296
353556912928862209
353556861385064448
353556310463221760
353555318166401024
353261766899281921
352772387156144129
352767448757448704
352502074208034817
352453729619951616
352415611781001217
352381344313131008
352379839325540355
352379747327680513
352377870842212353
352363138416517123
352189955835047936
352156092186378240
352152383528251392
351607367458238465
351606910593671169
351456483495526400
349870424198348801
349169303830020096
349168986140835841
348166184669175809
348164934464577536
347357007730323456
346013477317525504
346013421067698176
346013035531468800
345899169162088448
344840309177462784
344541717619408897
343474009247215616
343066061903630336
342338782646898689
341244202706948096
339408004036308992
336117977042796544
335778231267495937
335076253830873088
333724119520661505
331604256895418368
331493957475373057
330147827701407744
330146397364056064
330141774943227905
330093338621530114
329050816960929792
325198054393253888
317743869867483136
317740356559056896
317703958229549056
315033385498206208
315032944819453952
315032414441332736
312718048589135872
312712890090139649
312637339627307008
310856918145044480
310856791523205120
309792064474869760
309784604393480193
309782853649068032
309436864585150464
309433706559463424
308312229755891712
307495383356039169
307122283909095424
305993020954783745
304646835740475393
304177983055339520
303498073294905344
303175087329259521
303080395979776000
302852021390819328
302758902393610240
302508208738680832
302468113075666945
301578415297937408
301390493277900800
300617640156745728
300616726981251074
300616528510976001
300614684397166593
300613475221241858
300612275159572482
300611615496232961
300611151132254208
300610744221831168
300610502810271744
300412592172711936
300407955730333696
300261202364350464
300237522292850688
300227058833948672
299865115975634944
297489149655666688
297344479780798464
297330225988128769
296957676007604225
296955060309614592
296652926053658627
296165383243710464
296159193252114433
295878804654661632
295608275104305152
295170450437324800
294117130192965635
294041404227862528
293675057887199232
293432864035454977
293373184072380416
292758416491941888
292242923964211200
292241155687583744
292237937314242561
292237147879124992
291952689888247809
291812358869889024
291597260242944000
291578954308022272
291574304099950593
291265649152520193
291234252178214912
291233901999972352
290852226472218625
290806722124201984
290802377282445312
289746125706104832
289674231174807552
289635613358055424
289336405757399040
288929466728722432
288928499685801985
288730004949458944
288664944877109250
288585840710529024
288208907766202368
288175671371509761
288174729989324800
288173798002421760
287932984684843008
287721820256346112
287592115163234304
286885737717182464
286858260626165761
286227435702345729
286220629596860417
286212275474399233
286195900127260674
285840351900626945
285517617857458176
285493404555698176
285491435447386113
284742199244120064
284721400462315520
283911680931532800
283905053268525056
283553757332127745
282784113260392450
282628005099102208
282623184501608449
282528946728353792
282180481875849217
279606914390847488
278618333312606208
278616477920264192
278591311311941632
278457604781514752
278288814563270656
278195226277986304
275924131130773504
275905665392861184
275154638578270208
274882451942297600
274577782095355904
274471580418048000
274471260753379328
274471099985694720
274401606123024384
273099601454694400
273010666305114112
272501348258426880
272028263403094016
271719863729397760
271707676159913984
271651438248210433
271650563769368578
271649913987809281
271157472809590784
270947811216990208
270929860262764544
270929539364962304
270863987766337536
270850448473329665
270839415063060480
270815556993679360
270290321395548162
270186536870498304
269361142370013186
268689773722476546
268672158065106946
268619912619110400
268439846735986688
268239182898544640
267021928303316992
266790936036646914
266788292584960000
266647963932192768
266619724627075072
266453449074421760
266440809031802880
266440045819461632
266438975537942528
265895816089186304
265895655472508928
265895277246939137
265894796579729408
265893961221152769
265893231173197824
265893106015141888
265891636565921792
265886535369494528
265886301545459713
265782376758657024
265533672650850304
265528266000064512
265527775530725376
265347074797744128
265346703002058754
264783698455584768
264491700959973376
264444160352845824
264442620632256512
264435185829953536
264427466922278912
264334748938297344
264102886106091522
264101828927565824
263717711673188353
263662815175380992
263608013225603072
263597998792114177
263597733628223488
263048648949112832
263012662798077953
262876610674454530
262757519129210880
262657005041377280
262536002374094848
262296654584102912
261935197912698880
261923233782173697
261844477516316672
261534844641751040
261404367662489600
261395927267430402
261392774442651648
261372484677414912
260723907483561984
260685380364419072
260685268200353792
260485627554959360
260004227621986304
260004062601289729
260003482193502209
260001430163816449
259767844005355520
259764330738884608
259732953863700481
259433301704597504
259416782077575169
258580433195896833
258531928238596097
258258845548294144
258256423031545856
258233116039208960
258216946191986688
258152455102152704
258131104018604032
258086008422289409
258085380081995776
258084641637036033
257809001776046080
257778844306640896
257777315214417920
257776861898211328
257765315772030976
257762947974193152
257199524827774976
257134593856126976
257040332485693440
256971907344240640
256441659821281280
256391400260767744
256391187043323905
256390848076451841
256360110673244161
256351628775530496
256294962910593025
256289131305525248
256288757874049024
256283922495836160
256066168564088834
256065708440559616
256063413048987648
256007715829194752
256001945247043586
255811603621089282
255692423638958080
255655285451014144
255642940066635777
255444086004269056
255443428849119233
255442583357120512
255291214868381696
255225664754556928
255039045346934784
255038028253372416
255034016099602433
254630100404932609
254629027837534210
254625117081042944
254586024414547971
254584461625278465
254576864859930624
254105701188775936
254105561119985664
254091145020325889
252749896157900802
251841735095894016
251841565318868992
251263731168849920
251263134160019457
250991316228513792
250737207789363200
250736607479615489
250736288767029248
250735384311504896
250734979171115008
250732265963933696
250732142244540418
250024344913342464
249909067148034048
249878442194137090
248820195462885378
248091284462530560
248007351116910592
247743211655802880
247699222223278082
247698945999003648
246383166384906242
246370549515829249
245900042915946496
245311492197597184
245301071306690560
245273457070333952
245259163167510528
245134045091078144
244855992356065281
244582375592435712
244571798354685952
244492976796102656
244438630653911040
244127804952821760
244107408958439425
244088316025241600
244045747220258817
244043982387167232
244042415965622272
244025971475357696
244024560612171776
244019977370353664
243441253520392192
243344022356254720
243335180025204736
243333995566346240
243312759264116737
242611408175501312
242564167771508736
242563402512355329
242457689521807360
242450768064573440
242450711797964800
242329218153848833
242286693674283008
242285983247245312
242285145946738688
242284293773225984
242279763081838592
242279624996954113
242277952237223936
242277418679795712
242276544003858432
242251254192037888
242047728509673472
241958904353914880
241957531210088448
241932983001550850
241892879071604737
241882562484649984
241882189900443648
241875478296813569
241874158756175873
241646559354318848
241537655828017154
241535663558778880
241261742561316864
240844161954234369
240836548449415169
240581097669414915
240177420194426881
239922811303501826
239855366224093186
239855058743877633
239799032321560577
239416408663027714
239412827599818754
239349651260710912
239348447352877056
239347848641146880
239341666849402881
238833422590685184
238765897387503616
238713830186831872
238713695373504513
238635450355548160
238375555358134272
238334030079221761
238282780759425024
237767905205420032
237767012334579712
237765779490226176
237762264659292160
237761331762188288
237623787892379649
237623689535950848
237623379757244416
237410095254872064
237235274797682689
237234551351570433
237228426988232704
237222170554687488
236927136181678080
236875427417829376
236459006284156928
236430749023232000
236430527110971393
236157013258801152
235822387499769856
235400767073308673
235359633395560448
235358249132646402
235050130468909057
235033480512278528
235032809721450496
234680653747191808
234465961892261889
234465353462337537
234465155335991296
234429971878260736
234425491677933568
234424753979527169
234403374563475456
234402708747067392
234341320502673410
234341096111616000
234340943891939328
234339054395748353
234076064580792321
233566566866886657
233549237193961476
232911350278524928
232489171896393730
232318728077987840
232317064512159745
232308622657458176
232161598226178048
231862959545131008
231855559043846144
231420582502227968
230801277720883200
230801153284251648
230712445835018240
230712176250347520
230414142006259712
230086338047778816
229650063033528321
229028318412931072
228961610520219648
228733909028978688
228714259750715392
228713007373512704
228712323353808897
228711270344450048
228705580083200001
228704873800159233
228704325227143168
228700589398294531
228698927749267458
228686222095155200
228678732427186176
228583736021766144
228501721083691008
228500557478891522
228500462301769728
228498112128372736
228266220456116225
228265320421421058
228263840696107008
227962713622593537
227891042563792896
227889884461940736
227848810750173184
227845188222083073
227833286494392320
227833003076878337
227831731707842561
227807058274181120
227754145367617536
227491926411190272
227400143572443136
227383795685404672
227383020812910592
227382438932922368
226333494702374913
226277752288980992
226275064205684736
225827251332214785
225739270068006912
225738993885646848
225735277803626496
225733873412210688
225677407288430592
225676783641579520
225297572795908096
225193678065516544
225192336718700544
225056299849760768
225007251562303488
225001270887456768
224886897758052354
224875134815711232
224844510746779648
224844254055370752
224843316775235585
224820236199796738
224604890624827392
224604507965882368
224579240048332804
224578990734716928
224578716477558784
224578506531667969
224577883140665345
224287464414654464
224038248958271489
223971692656078850
223971237876088832
223840733545766913
223840595498639360
223838344956743681
223836856641519616
223736868540387329
223441165448511488
223440061738393601
223439627959283712
223437352629051392
223433788326293505
223419951313203203
223255442250403843
223253172142092288
223159349097398272
223046225392451584
222793078916911104
222354777756020736
222352699545489409
222336297077972992
222335113420210176
222282531549097984
222097386401566720
222096525277396993
222096280275529728
222096126982098944
222095894894485504
222094893844135936
222094164542763008
222093956102635521
222093284581982208
222092696607670273
222092430852374528
222091367952814080
222090865454223360
222089503257538561
222086576757407744
222086368724131841
222084862398578688
222083642598498305
222019907951407105
222005155506294785
221957532212658177
221658087138918400
221381492373323777
221024973970608128
221023626659495938
220153868296781825
219662073146261505
219660039525371904
219637503240577024
219532551272927232
219459284470202368
219455498368462848
219209118576160768
219208762102259712
219128082429255682
218565704956395521
218559036520534017
218551182510129153
218547535978045443
218546318530977792
218545727159283713
218544796791349248
218544513797455872
218543012253413376
218542800092930048
218430354367840257
218425870942076930
218420753358520321
218352425105502208
218067543439581185
218066201119698946
217979550188056577
217109781670936576
217091755768676353
217090279340118016
217081802458800128
217066017816457216
217034072294293507
216961679609708544
216961525519355904
216722473192931328
216706154485661696
216705925791223808
216669174804647937
216669105711890432
216668788849000450
216668693306945536
216521837260193793
216181566903300097
216180138075881472
216169932742856705
216169241462833153
216167758822510592
215824953365381122
215774009416097792
215769953364754433
215769371912568832
215765864857874432
215666002741051392
215592555209953280
215486358419017728
215485247918317568
215484738000007170
215484721042427904
215482380654358529
215442566437543936
215241976994471936
215119056737550336
214795262265274368
214427391794225152
214097641741631489
213706848866545665
213629983627821057
213390515721355265
213367112259993600
213344471260217345
213213236814823424
213082877083140096
213056181546139648
213053080797843456
212967245490569218
212965633606950913
212965452605952004
212963866118860802
212909399696609280
212656122732085249
212544929778499588
212534408165601280
212322713493192704
212317672128524288
212309976641835008
212306531205648385
212159137516236800
211920693183516672
211878736285544448
211842898336030720
211773588636844032
211765776775000064
211764634498236416
211763724070043649
211647694127632384
211196653623975936
211195590342737920
211122307391950849
211121266617352192
211117702507540483
211117521120669697
210883233766834176
210868503467659264
210803921965416449
210790154263212033
210789286457520130
210788879970738176
210517421986029568
210429938170466306
210429663984631809
210123477871640576
209761382705545216
209754342369148928
209753569153396737
209733767173111808
209728874286813184
209726964918005762
209712874128551936
209711647919570944
209358409798139906
209358178746503171
209356973186101248
209353114518683648
209351745221033985
209344496104775680
209341888250122241
209325461581463556
209325133205221377
209283272365191168
209139679226888192
209098624523710464
209070228129320961
208968378281504770
208967895672291329
208707257553264641
208702935457206272
208700701944201216
208699024855937024
208697227823165440
208322750081798145
208319593431842816
208319187284803584
208318202957152256
208316962747592705
208311325854679042
208311171923705856
208302932058308608
208297184700022785
208290676901818368
208289146022801408
208272899772133376
208272691214548992
208224114882772992
208218939514298368
208218404501467136
208217400754184192
207972425047085058
207971672823828481
207952125769162753
207918438465814529
207878592863010819
207856907430535170
207807395391471617
207806795803140096
207806781018226688
207806049552580608
207684114109825024
207682992565522435
207682306167672833
207602755798441985
207564029051408384
207498685263773697
207497323092254721
207493754448384000
207487719406960641
207483773317685249
207480667351678976
207479438370291712
207312849058537472
207138925217710081
207123870581391360
206846548963893248
206821716905824256
206821578472828930
206821194383638528
206820770154950657
206820381489766402
206820293770096640
206818973981999104
206817840702033920
206813167584681985
206805236315197440
206805028374183937
206440997184479234
206413698905030657
206161755364278274
206125699914932224
206022612189589505
205627357007069185
205626731053322241
205522657263886337
205436967750606848
205436017786884097
205435148051808256
205433425736384514
205348587285131265
205340458807861248
204965711590862848
204900264916955136
204895532064313345
204894577340071938
204561690526875648
204561578337636353
203984561946902528
203950336766001152
203907042954579968
203896454350245890
203893258181558272
203876281400573953
203845888706228224
203613057136594945
203612771760357376
203609204521582593
203517556206731265
203517056723845121
203515670749659137
203501644065939456
203300511443714048
203139711093583873
203139447880024066
203139194292412418
203137525383053313
202758585518784514
202758452303503360
202525853236731905
202509950826721280
202414028390285312
202107007430434818
202055103333679104
202041126474104832
202041088624697345
202039661047189504
201748386372792321
201747585323638785
201487087734763520
201461221592023040
201451953182605313
201395399779557376
201394318706085889
201336061178281984
201335286507114496
200991766873251841
200991313892605952
200977520466735106
200975839783960576
200955182740283394
200622983637778432
200620337682059264
200618930061058049
200618863627472897
200613405697122304
200612991908069378
200612883728564224
200599184057970688
200596544444055553
200587966761021440
200587487054282753
200373909621710848
199688286078386176
199644017678483458
199590715209162752
199586349886607363
199525937493188608
199502590172594176
199492109865197568
199486127269351424
199203420278759426
199203416172531713
199163618502250497
199140269256474624
198873999181234176
198856866867064832
198832916065828865
198588425723584513
198587004567568386
198541519295225856
198541460444942336
198527205020672001
198418745172045825
198404028437250048
198401237287317504
198400883002847234
198400586528464897
198226099149352960
198125948376326144
198106392467476483
198106210698928128
198056367381151744
198056189383294978
198055307858034688
198041410342105089
198039316683952128
198038922167730176
197827766564044801
197825234987008000
197686463649943554
197684690440822784
197683916654641155
197341020730564608
197322602870616066
197074013401526272
196235277847633920
196192784208773120
195979242356477954
195958263420956672
195937287119446016
195920441481764864
195918678938763265
195918531416694786
195912099468283904
195900144242270208
195899752016125952
195899673922371584
195899180886138880
195897074670252032
195892810518499328
195892709444169728
195868739525283841
195703746876030976
195633994245746689
195154358537687040
194767617171537920
194764782325338112
194175404238569472
194175225989050368
194100938284339200
194072465553620993
193841962825158656
193838530416476161
193838395460554752
193755685383712770
193733933521846273
193728912881238016
193336137140535296
193030930368172033
193028397251829762
193028220814229504
193027270691139585
192976598855712768
192769095798759424
192768674527068160
192293174100762624
192288465717706753
192285741529829376
191995173859901441
191415035942277121
191277957875122177
191270247251193856
190222666400149505
190197843988975617
190101290293014529
189917878315778048
189336483281371136
189065188308287488
189054381482717184
188856558552227840
188826474172792832
188763025862438912
188676211080298497
188310143618912256
188283031751102464
188264709772935169
188108121699393537
188038198864252928
188037457915289601
188018261290528768
187215843443224578
186873119477219328
186857449528107009
186553872419008512
186553359740829696
186553186256044033
186552086132031488
186550463133532160
186548728126119936
186404346534170624
186401946968657920
186393624152518657
186392629154549760
186392519066652672
186391683590664192
186380474963337216
186380064265482240
186153754784055296
186080361141374976
185808045392138240
185735131091316736
185696128560414722
185494469414633472
185466089545797632
185442697161617409
185047773756915712
184923441625956352
184919553829126144
184918792076402688
184682843241324544
184560589308305408
184555559125659648
184555071235821568
184554092092334080
184058247739752450
183369315498733568
183257232295731200
182997820398239744
182955037583089664
182814338170621952
182778902844944385
182603267770036225
182601073217900545
182448191491420162
182046771378266112
182003647838818306
181790142619586561
181692739732258816
181689803555868672
181358727474069504
181344525183229952
181157140474507264
181055140147638273
181043003853512704
181031123764260864
180714175738290176
180708147739111424
180653046517334016
180604197857804289
180604027581628416
180559400044470273
180556866307371008
180551655249543168
180549803351085056
180415472926343168
180414997032214528
180414093373616128
180411444238618624
180410920294551552
180287838548529152
180281879038140416
180251679252422656
180102238600044545
180093105473732608
179957939770105856
179868002752278529
179860599545659393
179849881685463040
179849198068445185
179848235421155328
179648809196986370
179606684258402304
179262436799553536
179248919417597953
179245335703584768
179244960812507136
179236115386077184
179232466475819009
179231411532869632
178789240883265536
178540743755972609
178539506994130945
178521901021413377
178505887885955072
178243107685543937
178163240063352832
178162803742482433
178148089281003520
178073200108912640
177826377419071488
177634629510107137
177631195432095744
177371043789414402
175538565139267585
175512037512851457
175503954107568128
174265602473603072
173517078823837698
173494573509783552
173487442580619264
173486972160065536
173124429344288768
173071016820621312
172746072249208833
172699636245598208
172618956123799552
172618916496027648
172458980302536704
172428933843779584
172427883120300033
172370414390091777
172351471550083072
172350239414554624
172272354599256064
172094615116189696
171751468183994368
171746960791965696
171746518888493056
171676462439600128
171543411604721664
170493738513215488
170492483451633665
170452758216978433
170296301290917888
170253153923633153
170066006872555520
169774528069779456
169552218964496384
169526756875841536
169459266342752256
169422365242032128
169376039779303425
169367149012463616
169365055777939456
169210821669433344
169075368567902209
168798739241254912
168725267416752128
168677326291341312
168676736450572290
168676270102679552
168442734917586944
168266581938405376
168027189441339393
167690683858173952
167655721708691456
167652805690130433
167435200480034816
167355312238628864
167316369887608832
167309161326063616
167306073403949057
166934094045913088
166823507471241216
166819499901853697
166692352155598849
166692271285215232
166691342246875136
166689686708944896
166614782319935489
166596105486876672
166587743672074240
166576216319590402
165964783080833024
165861534566850561
165387432546672641
165375113863241728
164818105435033602
164773067577495552
164661808085471232
164636618936958976
164484923217031169
164457278576148480
164373684969144320
164333763013255168
164332889847242753
164261803054997504
164051097592410112
164049531955187712
163777137764081665
163776383045206016
163691607248486401
163679506958266368
163601160119386112
163597421526519808
163596533302951936
163326919557910528
163326761738838016
163319917733621761
163266810521722880
163265880652922881
163243243973251072
163211248891203584
163210816533970944
163210334067363840
163196954262781952
163027928383369216
162991094504767488
162979544666611712
162696822467461120
162693704564490241
162617718305071104
162608426147512320
162606274721226753
162605452243374080
162253685861265408
161921182285832194
161755139240239104
161753495148564480
161753378752434176
161093030349258752
160834329445011456
160757712760750082
160728063519363072
160727427214086146
160721337827078144
160716411646390272
160711508261748736
160472253623054337
160470349295783936
160410561971109888
160352952287113216
160346783069896704
160110719109566464
159956825708568576
159786199744118784
159784338475585536
159782953256361984
159634570742992898
159617719686283265
159578249058455552
159383199347257345
159227688668762112
158987466093764608
158389188574711811
158268771411304448
158222509903314944
158219715691552769
157936682396692482
157935679265968129
157935553738838016
157891266636550145
157857938764087296
157532494722379778
157482456470130688
157468149950849024
157466623547162624
157466364897013760
157408400408457216
157407581697097728
157398806927912960
157387892291928064
157171732283793408
157170365947326465
156848131357687808
156847104176816128
156847006575366144
156797196895916032
156733694084784128
156662257697296384
156654464944705536
156653788671905792
156652942961819648
156650640850960384
156502498969010176
156450794365927424
156449930196692992
156448780961591296
156447072176975873
156445970891149312
156443972661813248
156434313309728769
156434108455718912
155791339127185408
155789479129518081
155788148037779456
155759510420590592
155756474981818368
155684960978735108
155682201944600576
155397930965151744
155394808163209216
155369974054137856
155368628190064640
155205214817882112
155198740913864704
155182892635521024
155099914773340160
155093279707377664
155086749503197185
155086250053873664
154872848576548864
154131817669210112
153999943114293248
153998113437253633
153992039044886528
153120023517462530
153113974764879872
153112385270460416
153110771923042304
153101195504910336
153097855534505984
153077031050027008
152920065539457025
152814591867498497
152692194317303808
152555670892331008
152553933603213312
152375218965463041
152138283684597760
152108834817720321
151789551743008769
151730053342965760
151065798000128000
150842025586077696
150724076753793026
150721862408744961
150606168878874625
150582958196129792
150566907559428097
150566157827584000
150384472842444801
150323354564431872
150322919547998208
150322680611086336
150296343670296576
150280188683501568
149933499804160000
149843186829897728
149842565947076608
149762882568065024
149759618908823553
149599339193438208
149520163161653248
149470076872032256
149461571750465537
149444336508088320
149442232632610816
149286628584730625
149286445549490176
149285901594394624
149197491982700546
149167205035155456
149160706795773952
149160077369151490
149085737004969984
148846289872883712
148729423267500032
148727102437470208
148688688757481473
148359039452061697
148358177421922304
148181446337630208
148181128921088000
148074395485732866
147846801410637825
147396738708275200
147352952728862721
147352230406795265
147351017225330691
147256658156986368
147106692709101568
147063489893122048
146843679972265984
146742051092955136
146593257189679104
146540511761674240
146336944408899584
146284130211086336
146282965113114624
146282629401022464
146282208049639425
146280630752260096
146280228413644800
146250167476158464
146246710245605376
146179520335065088
146150427535212544
145978964308004864
145507510474907648
145502513498554368
145502353691389952
145501134180724736
145500790864351232
145096426207195136
145088115302866944
144852101057626112
144851806529396736
144739088539459584
144722157673525248
144556018603524098
143996485112037376
143995251915362304
143717282709905409
143674027146354688
143655300908580865
143623284037136384
143613841719304192
143375092099981312
143364089769504768
143356192025096193
143334144229908480
143075363340292096
142910036715376642
142909956306386945
142906674267697152
142759846226309122
142657044619608065
142611729199796226
142557240510005248
142556059033280512
142283982669750272
142227017260212224
141937452167348224
141872394099900416
141656614640955392
141222286526136320
141106458317164544
141106136542752768
141100392577634304
141096803285217280
140786724992327680
140786577587699712
140786497300336640
140776327975411712
140582774934482944
140578170855366656
140538800458829824
140503145473249280
140385516129501184
140384833229684738
140380407911825408
139980965354283008
139980001247363072
139972319123750912
139812157008257025
139707242797727744
139639096858521600
139248008893173761
139246822911787008
139245546782212096
138966079119687681
138793883952873472
138648337527209984
138553098611343360
138552440386629633
138547258516967424
138265474986287104
137972755634208769
137965548184158208
137863021035913216
137808222638718976
137795494142414848
137793269630373888
137562940915204096
137560551587979265
137555851815825408
137541382486245377
137494153910157312
137329812321746944
137324834161033216
137321966020476928
137315190931861505
137315042830987264
137308130500546561
137307757870198784
137203528727924736
137193431901552641
137192285954768896
136964033088724992
136841308206661632
136768384959397888
136768217287892992
136722258826756096
136721450643103745
136717715837693952
136717571197116416
136710667016208384
136553166375366656
136552643932852224
136552005656256512
136368114307825664
136366909724688384
136366791441129474
136366395800813569
136366258529636352
136356495041380352
136218062977376257
136134722156904449
136134186657517569
135878911597879296
135826404389552128
135805033710227456
135464274041651200
135071673987776513
135035019394682880
134935991889838080
134901347853152256
134895696603136000
134894172565020672
134892206388555776
134561347856896000
134553063997456384
134546671337091072
134232070812741633
134214216814051328
134049176274223104
134040375085113344
133983161968361472
133870628368424960
133866035211284481
133865910468485120
133855839009251328
133803761012457473
133238225807474690
133154852535681024
132944964631019520
132937040529588224
132803239132401664
132621088118145024
132620498583556096
132404127991996417
131789412391600128
131773324064849920
131764128401465345
131762633270501377
131758034560094208
131757932193923073
131716011937366016
131685764659548160
131683591414484992
131415291799408640
131361607400964096
131360064392011776
130687007205765121
130419577829076992
130418262688276480
130416233798574080
130324488947638273
129972184344047616
129923416944943105
129873616664936448
129596855410634753
129577778529046528
129573364527398912
129567236074635264
129558926105657344
129511383392993280
129509757018062848
129211000397377537
129186338372190210
129162998270001152
128970022767960064
128965970491490304
128837246316064768
128787985167691776
128785975412396032
128785109993263104
128784513642934274
128783619098542080
128742444585066497
128742346207666176
128723125453066241
128501421934002176
128363828277821440
128153500428419072
128151628200165376
127885458939199488
127871696450498560
127802167993184256
127795776192651265
127533712278683648
127516441720274944
127423221850058752
127421451295928320
127411148030099456
127387500967763969
127337023840333824
127333883892072448
127042512513802240
127040539253157888
126963237190238208
126959618030190592
126958863806246913
126756106088361984
126671276688420864
126642058961227776
126634828203442177
126613229685325824
126612644055613440
126611087658450945
126610876047425537
126610565685714944
126610202953924609
126609711557648384
126608845584867328
126608757579976704
126608585709977601
126608041310306304
126605704546103296
126335939906781184
126310843007778816
126301899463983104
126181595722940416
126042151174934528
126021640147566593
126020749994631168
126020348402610176
126019794595086336
126019588474417152
126019493905448960
126019387827290112
125139947794599936
125139116907167744
125125012272320512
125123417556000768
125116438687125504
125114626336768000
124785745138429952
124050835750658049
124049109723267072
124048900943388672
123711790126350336
123710236304478208
123709769109340160
123709584971018240
123700021353918464
123695624846712832
123694321848426496
123507181193662464
123146260654985217
123113515262291968
122642527294730240
122610890133610497
122604447527473152
122591590643548160
122433226995269633
122305550330511362
122110940756967426
121967898859278337
121965160238825472
121926269616144386
121925715917676544
121902090070138880
121901946205507584
121901684141211650
121706137702768640
121704700188966912
121634595782397952
121634385601626112
121633509960986624
121633320554606593
121631619776909312
121629322929905664
121628902891327490
121583070125105152
121582365066801152
121574148530118656
121538305484537856
121521262257389568
121347755061944320
121288778366193664
121281549214822400
121278226218762241
121275037511725056
121235156706136064
121145358649790464
121140371051909120
121138007653875712
121137457742876672
121137299978321921
121127799259013121
121126524282880000
121126363200622594
121125969737158657
121122769902649344
121122349188780032
121118768813457409
121118356379144192
121117643196481536
121117462883352577
121116372108455936
120814299445862400
120807515784097792
120767154697142272
120637224365727744
120633288988700672
120632981974028290
120632442569760769
120459801544228866
120424059220660224
120423191100407808
120274820008124416
120261794072760320
120260294541967361
120259275955249152
120256198049136642
120253255828774914
120192547288125440
120181217709670401
120179521143054336
120127505461018624
120124480000491520
119897422590775296
119803858414338048
119765753112182784
119762212628865024
119757980601303040
119722697826648064
119698998742355968
119698201208033280
119691384327372800
119690294353600512
119690106058719232
119665369777577985
119663182309638144
119661831903117312
119507128783339520
119505634801631233
119505329707941889
119478123350855680
119462351937347584
119458278567714816
119372544502534144
119356834967592960
119356637822730240
119356403201740800
119356175853690880
119355796655054848
119355566626832385
119354414745133056
119296271436611584
119071974738759680
118967470534049793
118963531726073856
118723141676703744
118698529546969088
118693424403709952
118691837203578881
118640580485066752
118640503628644352
118415424487559168
118368187338330112
118364765163765761
118361023970414592
118353560521031680
118353297529774080
118347042698432512
118078532239884289
118078182875336704
118077493465989120
118077120168722433
117966783897538560
117949954168864768
117697063881412608
117696235527348224
117686423385149440
117675837750382592
117675443074777088
117638442493558784
117632123329986560
117629750792556544
117628098383577089
117627457519104000
117625762646986752
117620903734542336
117602652036141056
117367727353634816
117335375134986241
117269011208749056
117264675602841600
117256502649159681
117256086276407297
117213503512784896
117190164283015168
117152575505182720
117134718062964737
117130627412799488
117002533544800256
116995490121383936
116908570079010816
116905379581005824
116839716418105344
116835819620274176
116835371945426945
116835076238614528
116638192844808192
116638180656164865
116454290243072000
116138230725885952
116128197845848064
116120062137614336
116119961717579777
116097179164217345
116095970286108672
115869056271261696
115737605672407040
115737427955564544
115697415016824832
115546996525367296
115545137991528449
115544970492002304
115543927133716480
115540210363805697
115538237417730048
115537369951772672
115536434219335680
115535618427203584
115534968486244352
115532970009432064
115517170817056768
115489457737703424
115453166065172480
115449978134081536
115449205161607168
115199368700772352
115192109677555712
115157472905396225
114835198587310080
114634275558662144
114629184042696704
114613415623917568
114603839201607680
114600844976078848
114600721126658048
114471158119804928
114319834573058048
114270902878875648
113929796207124480
113929462952902657
113906914873716736
113906210268381184
113904369816190976
113885760180064256
113885091826106368
113573385769992192
113537255347466240
113532963295211520
113512883333251072
113380409416482816
113380009493794816
113379844456325120
113378401171161088
113378353477722112
113377453250064384
113377083333427200
113372709915865088
113361552580673536
113350181155647488
113318578551394304
113219521606729729
113192445474373632
113192356068601857
113179846150078464
113158757546078208
113156978288762880
112959292079996928
112955633631899648
112954511479414784
112939081352224768
112936493370195968
112905051483275264
112904740421111808
112401614937128960
112185007128330240
112183401271930881
112183077337436161
112174888915185664
112174563093258240
112173694297714689
112093099597119489
112090977207980032
111823838597222401
111788410288607232
111042232936701952
111017935472046080
110752272308383745
110751361582366720
110750396133289984
110728751414910976
110727566716968960
110724751978270720
110724429255946241
110719608188702720
110715624631713793
110714851218829312
110713666629935105
110713544424697856
110711883677437952
110697850693885952
110659588570882048
110658138931343360
110657358643998720
110416346206052352
110305281157767168
109337697625182208
108855490234163203
108850505337409536
108849635086438400
108832014492368896
108830245615964160
108303674429800448
108107663342190592
108106167603036160
107936744258805760
107917907324977153
107841302716104704
107840981730197504
107797301069754369
107793323082776577
107782098215112704
107745192886546432
107439848813637634
107386066713051136
107328547252744192
107326839571230721
107045423750983680
107036674931965952
107014059047661568
106984278516178944
106857116773523456
106855982298185728
106855841470234625
106855252610916352
106853436968009729
106842780046856193
106823725730627584
106823505873612800
106820036563443712
106638318070005760
106336304056369152
106133385075896321
106029262020161536
105966544122683392
105747949639827457
104557457350721537
104552841414328320
104428434666692609
104422045193998336
104248717384753152
104247323047112704
104246205751640065
104244782674612224
104242880238985216
104194792531046400
104193181721165824
103865975354564608
103850429267456000
103602830870458368
103407797336674304
103407035932090369
103395337011597312
103374100029906944
103373772895166464
103372923099807744
103369592721768448
103240929867071488
103239882880720896
103239694199955456
103238897869393921
103238529940856832
103237247880536064
103237139868811266
103236882258870272
103236028290174976
103234454100787201
103234286257315840
103234017297580034
103232071169871872
103230713255563264
103200803816349697
103057665319645184
102829271814389760
102829175253106688
102828955169603584
102826716287877120
102474043801878529
102366185538064384
102364995047788544
102149229417463808
102110067872104449
102056236735934464
102054700546932736
102054073750138880
101670809432637441
101670615202803712
101635691498315776
101634997521367041
101599071197872128
101421470596595714
101410133204144128
101407993081503744
101406830621757440
101370140842655745
101359826755526656
101284240125198336
100988672366755840
100925491220987904
100920477727473664
100843745813082112
100741283940794371
100304223207555072
100302872591343617
100152391889993728
99595171670392833
99514370933014528
99489957105762304
99358710635298816
99071616318840832
99049011092275200
99035607484989440
99033743016210432
98675787980476417
98663509105184768
98659935998590976
98434677232238592
98303551478038528
98041656309329920
98004733737975808
98003241962438656
97926188609179648
97924176488308736
97922333452402689
97732592186560513
96938261708156928
96934648826966018
96762849375961088
96713583785820160
96710820695781376
96334339096322048
96176101998600192
95827373378899970
95827288414892033
95793206184255489
95790062616317952
95615092875476992
95473420187340800
95438761365745665
95432768787451904
95432627133231104
95431374386900992
95430046847737857
95429669565906944
95426972909445121
95243187458818048
95075012196827136
94907975797444608
94907969921236994
94642594537148416
94642192051744768
94641862127788032
94501165210943488
94396696095768576
94012446464933888
93588143135129600
93581254305382400
93357266207641600
93356134550876160
93348052743622656
93346849171316737
93344325911576576
93330057317199872
93318219770761218
93255739556106240
93142219044818944
92956111765909504
92949034100195330
92895375937118208
92692797852884992
92692385909309440
92615794474762241
92615529344405504
92613199123329024
92592924633739265
92592616402722817
92251671417196544
92236040357683200
92231079234240512
91785571978059776
91785402058412033
91785255064842240
91785060155527168
91776700001697792
91509300387782656
91444762514702336
91444639307014144
91444096731840512
91444083414933504
91444025445466112
91443837574184960
91281122524274689
91278153678462976
91277236862324736
91276644605632512
91275879245807616
91275575011975168
91275348712497152
91273406259007488
91271686611156992
91199741353918466
91143933173833729
91140702620221440
91140023373672448
91138512476307456
91137429171470336
91131009617235968
91130607081492480
91125358455296000
91057507606331393
90885721275113472
90833473371246592
90814991103557632
90793698882879488
90772759327678465
90764097129422849
90763658195513344
90745394606252032
90743584378195968
90741814063136768
90741017585786880
90738814078816256
90738499204038656
90737273385140225
90475967449006080
90395771182133248
90388637228859392
90388435659010048
90371713866543104
90371288912244736
90370441121771520
90369858805575680
90354668831645696
90353817694117888
90143771295100928
90117225234694145
90104927787024384
90089974728376320
90087519537999872
90087268924145665
90087148098830336
90062153565995009
90060304381259776
90058891605450752
90022357963522048
90021356976078848
90013597777928192
89772603828469760
89694275461316608
89693878634029057
89690460871868416
89689892006805504
89686433757016064
89685546418438144
89683324544614400
89447816971292673
89446966785875968
89339115786604544
89295454025695232
88996285343989761
88974559465832448
88745060409163777
88744713024315392
88744602051428353
88735761528135681
88734503543123968
88733262784110592
88708436346404865
88588952809914368
88588628888010752
88587132838490112
88586825131769856
88586560244678656
88535949146992640
88534079640842240
88532401000677377
88531964407193600
88531687591522304
88259230209024000
88259218255261696
88187062733389824
88186276548853760
88186190368473088
87979603032948737
87976699513421824
87976052336508928
87933827019845632
87870981879767040
87824849178865665
87822283560861696
87805456088702976
87801807128109056
87545506292707328
87448462702030848
87440409990660096
86829799091347456
86812504801558528
86808642816450560
86717995732320256
86405228831850496
86174823738376193
86170857877143552
85725320262598656
85722527850172416
85540817481117696
85508078405042176
85499948342329344
85341763279130624
85311545197867008
85230463257550848
85228721321148416
85228538487246848
85228328608473088
85228139160158208
85227978614775808
85227688696102912
85227323531603968
84929811633549312
84929566581338112
84406102556540928
84395227284123648
84248125392429056
84247623262945280
84216650731237376
84200183180705792
84191489655193600
84057467562106880
84040036789665794
84039925535752192
84039674477297664
84034196917592064
84026837893779457
83913083302588417
83538390674452480
83496841664151553
83494432741142528
83304281440137216
83221698773663745
83207440287539201
83089123430244352
83087443586322432
83086948662640641
83084457384480768
83081492233850880
83080177978048512
82573383564398592
82569277210771457
82569200077520896
82566863661441024
82553088694685696
82433744807542785
82431951365091328
81861837653688320
81497754358128640
81494275065511936
81493063331090432
81492564145999872
80998755494666241
80919014691454976
80772108170428416
80568722158387200
80406478233673729
80267700068286466
80071009134325761
80069529312571392
80019747437166592
79977185649229824
79965732821139456
79936675253469184
79825796038008832
79523908746887168
79512593508732928
79505424331702273
79489572131700736
79486110769750016
79251492284014592
79251233252192256
79146395306700801
79131093621673984
78884508677582848
78872237150715904
78871051811028992
78795782668562432
78598130022617088
78568188752830464
78565716017688576
78519735163174912
78467722366812160
78464795719897090
78398705383899136
78394286546235392
78237008698421248
78105149050064897
78104749479698432
78072265010462720
78009732534779904
78009368016203776
78008161411411968
77878918270566401
77783937925136384
77773152045907968
77752555995791360
77740160342704128
77739638676140032
77739453199826944
77738806249406464
77733885684879360
77731537122115584
77730053449981952
77729844993081344
77724549776539648
77714531354284033
77684287062802433
77681542402551809
77505049953185792
77504733287424000
77504363077185536
77501394466250753
77500145637404672
77362523048914944
77143245859196928
77140103390171138
76966002314850304
76963349698592769
76650691862609920
76628390345576448
76620293132656640
76620116346937344
76576526157615104
76329108879060992
75493181042606080
75485675037790208
75485633350602752
75473764585963520
75473484607787008
75473388847640576
75228856272949250
75228438075674626
75227416716509184
75220053875892224
75198836422877186
75131195352039424
74893821254701056
74581861321539584
74567543599280129
74567101574152192
74564770216411137
74533431723311104
74532979086602240
74531799010770944
74530418925379585
74529832087732224
74529590986547200
74497408180039680
74494604979875840
74489000597000192
74487386121318400
74487211709566976
74486739690987520
74034633389522945
74027890760626177
73750777927184385
73745980662616067
73168641289498625
73112009473925120
73069367004372992
73035248451067905
72978827395084289
72978127965536256
72959331439611905
72956473675747328
72956202635640833
72756043175821314
72609907123306496
72409983421132800
72350070422507520
72349592695480320
72315894436610048
72307857504215040
72306063394877440
72302501675810817
72252098946936832
72243397724864512
72031415084138496
71992453439295488
71903079318036480
71870086302023680
71513979322773504
71505022143299584
71504930061557760
71504424962490368
71504100625350656
71353631340904448
71236178241785857
71176740424265728
71166996905078785
71154496876711936
70992157783228416
70902541612879872
70879347053047808
70797515519311872
70796822989389824
70785565410340864
70785478147846144
70785063276658688
70632395971379200
70632124973187072
70631987408404480
70631799079960576
70548303586136064
70532556193402880
70523410194763776
70504869827588096
70196097246703616
69838543211597824
69827826458705920
69819362747482113
69814837068316672
69730026748248064
69729215397888000
69466630949838848
69312725171445760
68675774504374272
68573657034784768
68420750796791808
68418297208639488
68418201398161408
68371326485803008
68298360288837633
68239099764555776
68238393255002112
68223931689082880
68223179134472193
68021247899996161
68020707753336832
68010346568355840
68007817356906497
68006967599304706
67999577982246912
67993864509730816
67858043282522113
67853929312043009
67844429054091264
67716309265301504
67714228005507072
67713595227635712
67713561887129600
67707653035528192
67648898386235393
67573171267715073
67572047122923520
67571603965345792
67571327942406144
67527310294786048
67511430458519552
67298703165227009
67223562280374272
67149836494966784
67012046214017024
67010911935791104
66772509076369408
66772442198183936
66765538424127488
66561862162063360
66181593219342336
66180951046234112
65902612322586625
65897289847279616
65895174521356288
65893595097468928
65848572557537280
65835249820639232
65833565631426560
65831614004998144
65171339538993153
65109759933685760
64816215767531520
64812790564655104
64812119408914432
64796976897732608
64781644174860288
63887651182346240
63885037506015232
63664230326476800
63663602623709184
63662139277180928
63226256547782656
62786089852743680
62582333835972608
62581805110403072
62578917856391168
62577104591650816
62545702613565440
62544920061288448
62460016237613056
62296159363923968
62295991105236992
62293162038796289
62268907729326081
62228719435124736
61881806093418496
61880257136955392
61833547354341378
61831012828721152
61737024599752704
61736756608909312
61736662950096896
61733728183001089
61733606590128128
61730302606843904
61729800624156672
61458323823800321
61366675299237888
61363648425234432
61363416304058368
61363211689132032
61199740901134336
61187379431616512
61158798806626305
61128599436140545
61127283288711168
61127202275733504
61057700745846784
60806021467209728
60767301393317888
60766674516844544
60729665324720128
60705251375849472
60703410529382400
60487301050007552
60469297369186304
60445336027676672
60284366416384001
60270922317312000
60259495598764032
59910988962611200
59757567714402304
59756005193551872
59724981692678146
59663286362320897
59650148380327936
59649896160034818
59559255447060480
59550816285106176
59423420928102400
59415011734454272
59414469507424256
59414055550599168
59413940693774336
59413728034172928
59408819570212864
59406818237104128
59399074054553600
59333974677405696
59333763771019264
59283298542817280
59281142548926464
59271615778787328
59024153222725632
59001853731549184
59001629239803904
58894920794116096
58476991996903424
57419767061028865
57196313703497729
57195123007684608
57194291075883008
57185836441149440
57182356699742208
57181112904073216
57060000748670976
57059948907081728
57011744396165120
57011641161752576
57011276492193792
57010361152438274
57008520318554112
57007812529750016
57007725808332801
57006867146211328
57006709213900800
57004292141367296
56809736951181312
56784783254110208
56645804357730305
56427182960033793
56426722006011904
56426391004119040
56425659739815936
56411542698205187
56119032235044864
56039395643502592
55743849947074560
55689805803167744
55548634523107328
55382523332669440
55382311293812736
55381003287527425
55380629864452097
55379905831120896
55378300016664576
55377325684047872
55376737361604608
55374967839264768
55329277444501504
55235147922022400
55058332582551552
55058217197240320
55057839890235392
55057400037785600
55057045983989760
55056749987774465
55051552716636161
55050734793801729
55050470816874496
55029742549741568
55028191076687872
55028015763173376
55026779802451968
55026272862093312
55025873702760448
55025744774037504
55025377311068162
55022341318647808
54997511504543745
54970671939338240
54969393817460736
54957813709025280
54685448185982976
54672805781962752
54671965897752577
54671447485972480
54671381836726272
54670928881270784
54666785584185344
54666451684044800
54663981503225857
54662603087151105
54662032762478593
54653781471793152
54653370111229952
54625371194261504
54604842773131266
54602124885098496
54601178734006272
54598190825091072
54592821528756224
54585039631032321
54509046442635264
54505357271252993
54505073933418496
54493844015812608
54493203700776960
54300278220009472
54299687905275904
54293317986435072
54275360296157184
54272439370260481
54271337123938304
54271074195611648
54270469553139712
54270173011640321
54268049116770304
54262771440812032
54247970383724544
54238401150459904
54172894896472064
54143468246794240
54105299405111296
54104510708199424
54104133686398976
53987114651631616
53987014193848320
53986446566113280
53986109495054336
53985991320543235
53985840526925824
53985414897348608
53985008913891329
53978993313067008
53978133807902720
53962352315469826
53957865983066112
53870783335890946
53776342331826176
53775699051421696
53774531118108672
53759416473894912
53596244286779392
53579311214641152
