397813442251612160
396658498102386689
396655098497343488
395898361657978880
395686953712381952
395261973329633280
394463583738028032
394114236739104770
393884470912090112
393326935813947392
392018042445508608
391581174621274112
391327749404516352
390234680509100032
390234029846695936
387657774974656512
387327857728299008
387256091391688704
384712544054546432
384376098047266817
381381585901080576
378468869226000384
378223250708246528
378068869900152832
377707664903786498
375924524023156736
375304251469082624
375004914599997440
374480536007217152
373535368131268608
372273374845612032
371578121193275392
370337460720394240
370315608518569984
370108121894514689
369578139501854720
369143992362860544
368749984356659202
368143929444929536
367317947750289408
366706631565787136
365168900624760832
364867049656303617
364817656517365761
364393771607130112
360473002581831680
359452132350500864
359229811408896000
358267498929471489
358013567527686144
357596144815181828
357237608553787393
357211173977989121
356882585755992064
356843966005649412
354879443547852800
354520917428273152
354380601610076160
354043646183620608
352742914725646338
352084131968073730
350029314449883139
349652331706593281
348834436843970560
348389228616503296
347998468150800384
347337630628839426
346250453337661440
346249438605496320
345879648758026241
345858537328623617
344237333614325760
344021118337810432
343133528084602880
342933381761363970
340605681675677697
340522851226488832
340145270752940035
339681287830900736
339452173375135745
338642488090849280
338062785147699201
338035277933203456
337555658947821568
337496262188355584
337345521255587840
337201493415444480
337127311109402624
336964403855519744
336156134270439424
334715006161653760
334432112549699586
334399681985658884
333131666111492096
332559009515192320
332545105179312128
331868509044879361
331489338267414528
331026256395128832
330587237853040640
330224842139918336
330033015243829249
329993155707564032
328967703345901568
328586808256499712
328128181037039616
328115046867693568
327786422180401152
327508850586550272
326762248762687488
326391997705383936
326012008925384704
325539507942346752
325291245322788864
324552113965367296
324302879122919425
323923798632054784
321719093168336896
321663504077697024
321586986156711936
321317109198094339
321245450411855872
321236379810017280
321236121151475712
321235975395217408
321234960818257922
320983611539062785
320896927094931456
320565841726951425
320007922149113856
319911634040659968
319850636873187328
319782553777213441
319594689890234368
319488250886627328
319180172274315264
319125849255321600
318763460605403137
318401195981037569
317990437505859584
317827079930511362
317691434327236608
317613438815830018
317410811830214656
317329033975197696
317322949243858944
316966686089682944
316629882870304768
316265944852881408
316241855572504576
316037144621764608
315900592650342400
315879447427440641
315465325611192322
315463763723698178
315292494516604929
314485046864117761
314035196867518464
314027031367151616
313804854227243008
313801025448448000
312881164195094529
312515245472088064
312187105956737025
311254670616190977
310885820527697920
310806020215672833
310717718498275328
309987220184510465
309985846944223233
309717089181134848
309663371769307136
309661557598593025
308978426226802688
308684505852542976
308665511963680769
308282084928139264
308281264249651201
308281115393785858
307840350762967040
306511259036180480
306507959054241792
306405231422484480
306129742539657216
305822576431751169
305775744380968960
305702397269925888
305699908734828544
305674446142849025
305373208247431168
304928446709108738
304927441351213057
304755256384958464
302045110810583041
302033262522535936
301879916503396352
301670835935125506
301468502202671104
301465170960596992
301376393353236482
301014032150831105
300923441236811776
300922598236254208
300298603363188737
300047293917310976
299926867237036035
299624875495137281
299500133345808384
299262459930345473
299225308933017600
298900151454560257
298758236016889856
298587342141267968
298540476972285952
298477405880868864
297752503708180481
297719340118204416
297699643989585920
297510175206686721
297390145588563969
297085639600521216
297026548500946944
296959629651484673
296958587744448513
296954785356197889
296664591709126656
296592365005705216
296315842218557442
296313573767008256
296301987971084288
296230047491178496
296019302874742784
295939806519783425
295867665170460673
295689346214944768
295688686211854337
295676820609708033
295675428574748672
295505625079762944
294956266361610241
294852636044316672
294780468337991680
294620934004961281
294582435553873920
294515227008053248
294489964845080576
294418077905453056
294153188750274560
294127432921907201
294055693537931265
293867974526373888
293786363474632705
293765015125753856
293693366003200000
293462456200749057
293402855384170496
293330885145681922
293082910905483264
292437151067557888
292436420369477632
292315555237617666
292243758886563840
291953789638959104
291924441875763201
291881334245306368
291518958065037312
291156582765563906
290923305014280192
290920531589484544
290869682959966208
290565843627175936
290507346390708225
290144963239501824
289782770367070208
289514811245604865
289420178641518593
289057744680529920
288695372057038848
288631968650915840
288417352968728576
288381991160795136
288332976541011968
287970689464557570
287940973126881284
287736644575039488
287605754708516865
286883423820333056
286617171424059394
285092820031770626
284797098229112832
284794512985956352
284712925141282817
284705032195158016
282460888320057345
280996581757575168
280996307840159744
280751361908416512
280369331521589248
279670422771990529
279027022594973697
273464106269429760
269822805854535680
269488975650111489
268956816581488640
268764027042271232
268745464210391041
268469762412142593
268401606528212993
268338813670137856
268039223716741121
267676899180965888
267314466952192000
267289647183441922
267204027039744000
266952109172342785
266589689027375104
266316604093120512
266316251285045248
266227289291882496
266190054098083840
266189927677571072
266188401181605888
266001637896749056
265990397145272320
265990128999202817
265989758923186178
265986912152584192
265982852599001091
265979575530582016
265977011942604800
265973981427937282
265973575876476928
265973187798507521
265972540940374016
265972016723664897
265949639843409921
265864897139732481
265861679697514496
265758133966749696
265546624418336768
265545997025959936
265502533005492224
265147264471801857
265146607547318273
265143032414879744
265140149367750656
264899696991027200
264777737850474497
264765235343269890
264415383816122368
264170434721894400
264058607312699393
264053026829000704
263743226039640064
263742572017614848
263688806052548608
263623519584276481
263622601497251840
263328231439081472
263317603152429057
263118191138590721
263102307300954112
263098686207295488
263097217160736769
263094482038308866
263087680416522240
263086033955069952
263083931031707648
263082989993484288
263067846911852544
263065944534941697
263027889107259392
263027524483825664
263026769387454464
262731686419238912
262636336983457793
262635634651455488
262143581521842176
262141686958944256
262000242516439040
261205345505005571
261205185102229505
261178416139735040
260517089679384577
260515713276575744
260338530323165184
260084672376209410
260064404215844865
260052510478311424
260052089084981250
259666123346292736
259665833033351168
259607940930105345
259055689064931329
258950718923350016
258948079078744064
258639260175974401
258295508769071104
258256280865611776
258189690241421312
257964412005150722
257802048458854400
257787191663685632
257785975403601920
257785831245348865
257569795518627840
257502738148126720
256674520721657856
256510627667906560
256453983378472960
256318393014181888
256099864721625088
255699221758488576
255398341746245632
255385018598318080
255011891187953664
254974578361778176
254612223102705666
254583401254907907
254387912450396160
254384107444912129
254249873258455040
253936740312702977
251069235508420608
250990146495856641
250951010250547200
250710768239124480
250627771116687360
250624863281242112
250363103127146496
250361525762666496
250354744764297216
250265381372063744
249902960627306496
249546794726457344
249540574594596864
249188239372591104
249178205129437184
248822617820233728
248738524931694592
248664496065888258
248662665059237888
248662025658589184
248460201991208960
248459694975377408
248097826918252544
248092268827930625
247933526798901249
247735464893751296
247724441386237952
247397604965621760
247373037954015232
247251830021685248
247010656665083904
246831671700230144
246648272188473344
246472939447414784
246461111434629121
246285887032393728
245923511028301824
245902610685652992
245902095834808320
245738797826981888
245561108214202368
245198712148725760
244836328053800961
244701761401671681
244696568551337984
244694360447414272
244473944118267906
244441474513637377
244111556143624192
244061629409529858
243943226170564608
243930918321016833
243749161739100161
243548198080245765
243386787500797952
243203479458426881
243024413610614784
242840700415250432
242839989375881216
242662002202386432
242439160038834176
242299614844305409
242253662578151424
241937222197198849
241574840727908354
241536002953465856
241371872304971776
241368120789458944
241366268526092288
241365963700846592
241363634872262656
241362696598065152
241362539672387584
241362426031906817
241361381897695232
241361212712030208
241360082279989248
241347491927302144
241253612280492032
241252876859625472
241212449041289216
240993636987318272
240961764731260928
240948771297566720
240850062169763840
240644907235172356
240644510340771841
240643640790220800
240642025677012993
240641613754421248
240639988755226628
240635963947225088
240634966919233536
240634067442352128
240626599882547200
240487672714498049
240258755311304704
240125289353601025
239762896001835009
239400512502505473
239222479988613120
239046377047465986
239038135995084800
239008819114549248
238855923077091328
238853771185250304
238675753166839809
238443336137064449
238313354131828737
237950959257542657
237729084254347267
237588569714200577
237548743656894464
237291613590806528
237290311364251648
237226184071577600
236863797267152896
236501403336589312
236306507984150528
236298428932558848
236177825357496320
236137898435567616
236063535208222721
235876920733097985
235701150190534658
235588972301123584
235338749448441856
235222392140619777
235221574742077440
234976358198038530
234613995443728384
234489345338400768
234488208690384897
234487608691011584
234251606915424256
233889226624745473
233707464095309824
233526802725875712
233164418760970240
232802032271097858
232439644082556929
232315565799264257
232313772331659264
231556069816676352
231555780082556928
230540246343876609
230539916625461249
230474138702213122
230467752354263040
230465637489725440
230464959082029056
230464783365840896
230464577584889857
230464399243091969
230464190924611584
230449330740404224
229453312938881024
229452818573033472
226701064475398144
223812822067453954
223782957092044802
223780491457863681
223742348948013056
223450418397712384
223388032764620800
223379948688248835
223345610667991041
223345609216770051
223088061020504064
223017582372982784
222988296085708800
222725681598054401
222721465202642944
222655181697982465
222363247955812353
222292783841546241
222265902287171584
222003219797262336
221977185823633410
221930397431373824
221568007963553793
221546996958375936
221294260056621057
221255507699171329
221205652045955072
221034007255711746
220937104136486912
220937016148377603
220843257477865472
220581356781051904
220513545513734144
220513478971109376
220480842177323010
220309901082230784
220118456991875073
220102921684135936
219809286409293825
219756081130389504
219564532027228162
219561865922088962
219468667975516160
219405540047060992
219393688541990913
219031290043842561
218668919471349760
218666710159470592
218487309128044544
218431965014142978
218431277693542400
218306525234597889
218122493095985153
218091506664357888
218089517763133440
217944810462523393
217944137171861506
217709940511473664
217707049407090688
217581747855032320
217398824208048130
217392598745227264
217391720155987968
217219349289779200
217060062038986752
217058642875265024
216856961222852608
216494577870307329
216132187391672321
215797913044004866
215769796975931393
215570349377593348
215570165839044608
215568678048108544
215567826025578497
215547723204673538
215407419839348737
215227938059194369
215221925264359424
215220571938619392
215091234010693633
215081044314030081
215045024851832834
214809376899350528
214682642434621441
214388984212758528
214320250605408257
214187766320349185
213957861145985024
213669948499828737
213595489071927296
213404722034511873
213404587888095232
213346981937025024
213346581917863937
213326074673770499
213233084076802048
212919681089150977
212918731679088643
212918058107420672
212870693891747840
212553250686251008
212508307032784896
212171373492187136
212145915916582912
212119911168880640
211783527719636994
211426701228511233
211421142328676353
211173639201099777
211173261583724545
211058753817165824
210696366773633024
210473032395927553
210333978186612736
210310003259736065
210308837138378752
210121553856315392
210121311815606274
209977948814589952
209704568802652160
209615561284521984
209253105546702849
208890721938325504
208890215035715585
208528395854807040
208508649230974976
208310982827712512
208290295572471808
208277850934091777
208165964779503616
208136166858424320
207803564238716928
207790257456943104
207441172669546496
207161546919518208
207078778600554496
207042727500718080
206716415229702144
206354086914830336
206067268831019011
205797021859319808
205796909674274816
205795791355379712
205793439172927489
205765986991874048
205763052535160833
205762882267389952
205762259438411776
205762130841047041
205761790209032196
205720028543320064
205357460880490496
205035760963944448
204995050306932736
204632693370134529
204270294553210882
203907917525688320
203595578003828739
203183299034759168
202820729266388992
202458377408880640
202264596294287360
202096011840204800
201889919721934848
201733610578001920
201371218060902400
201008991147540480
200936597485666304
200800335730704384
200798079300022273
200646409588977664
200409407132139520
200284014869872640
199921621325197312
199559284827234304
199279020465074177
199226874445049857
199196989949349890
198834497830125571
198784027828826112
198514929215619072
198472066318602240
198109721432039424
197802014007234560
197800749135171584
197747302142709761
197674763110465536
197508047491440640
197478681881485314
197385044472500224
197351408394186752
197061163979251712
197060862400401408
197022516584267779
196760823627120640
196739389462822912
196660132455792641
196622264530239489
196297838949449728
196001788229455872
196001675515920385
195935368313450497
195896128934383617
195573120403390464
195472096984436736
195316264388935682
195236351602475009
195236260724486145
195210593135894528
195071050575380480
194912425030594560
194750063132680192
194541582777712640
194387697513664512
194215655032111105
194204207065214976
194203484055285761
194025281265213440
193667849267589124
193662988002140160
193300648710778880
193109799267868672
192766190920273920
192747119298351105
192642967733936129
192642776851165184
192642226139049984
192641853806489600
192575766473609216
192320913050570754
192320780904841216
192319621569839104
192213344478953472
192029813261869056
192029522953113600
192029202978045954
192015212885446656
191965163006607360
191963274470895616
191850987051429889
191543274656378882
191540228182388737
191488549013561344
191205444444884993
191126171226882048
191113318419804160
190831063227056130
190756384030195713
190743194676367361
190511641073430528
190393868393521152
190224796141883392
190108333808689153
190031452862300160
189882224496218112
189881186083020800
189746568767864833
189669211969302529
189666923791925248
189488707785605120
189487666562220032
189291635442585602
188994226804113408
188640359323140098
188638865165254656
188636996237926400
188636757212930049
188636074111799296
188635476268290049
188323556130684931
188321932758892545
188321670531002368
188218129174896640
187990267389943808
187988938839957504
187915561064333314
187915436132802560
187842078217224192
187647679281643520
187646902634954752
187623033018650625
187622926755962881
187270498189717504
187250819920437248
187250612642131968
187127913534066688
186955963683717121
186901734134775810
186901505264205824
186901228981202944
186899595501109249
186895473842458624
186577586825076736
186478715612573696
186451621625081857
186450631169552384
186040485624807424
186039713239543808
185866229628682240
185862513156571138
185860926052909057
185860267584921601
185830994509692928
185675563820781569
185667773794496512
185305363841683456
185049266438414336
184947200944640000
184942918283431936
184740991209701377
184740867427405824
184735974784380928
184731602180517888
184369434637504513
184241340714991617
184006892316659712
183889987908018176
183877603827003392
183615642560241668
183613115710181376
183297172438134784
182988333079728128
182934802595459072
182572409436635136
182486195698278400
182230435126972416
181888681999745026
181424745395400705
181339791370104832
180700226850521088
180619586683682817
180618587365580800
180447463612751872
180265879521603585
180265851637874688
180093593380335616
179911809287991296
179529324637061120
178853745931714560
178844140371591170
178461466708553728
178455646432280576
178095070568906752
178081932817604609
177822579111903234
177717319286525952
177459197456285696
177072325508857856
176709937353859072
176681876365381632
176681767577718786
176302698289836034
175921015690510336
175558740869775360
175196279872299013
174833860402610176
174471463406010369
174109098864947200
173452564849885185
173376432905535488
172477190926123009
172365661610311680
172352710899806209
172003184141807617
171640783638773761
171378365180289025
171278171507929088
171258658913652736
171258646553034753
170915842299674624
170553574080778240
170220847259320320
170191250740359170
170131547519852544
169850985852841984
169738141048111104
169723213474054146
169488599694315520
169357781156102146
169352477039263744
169126214659870720
169102378438623233
168776085985689601
168763828383920128
168401425217486849
168334788825067521
168100555770691585
168100310773014530
168039052241674242
167676648714543104
167628264330891264
167627692219445248
167404390087532544
167346667530620928
166968599112724480
166936791511871490
166574394209091584
166234624232669184
166212015289925632
165849625796947968
165487256856035329
165125014323077121
164844360599470080
164762523072086016
164400292522233856
150329308022448128
150329168981274625
144034072895827969
141244707673079808
139443328256196608
139442601819516931
137035057960452096
137034159657979904
134354098756665344
129161814180241408
123460266926161920
95905193308323840
90362528340774912
89368880572674048
89297098159292417
89295382294704128
88998148118294528
86004130044325888
85975123236093953
85485991778979840
85485280370499584
85483770903396352
85483513570271232
85482340729634816
85482275956989952
85482245825114112
85481953142390784
85481356422942720
85480947830632449
85480890486108160
85480591704854529
85480501351165952
85480143207923712
85480007937425408
85479687903649793
85479500372115456
85478876096114688
85478325216227328
85478219431690240
85476719045255168
85476600019292160
85476566229987328
85476537926828033
85476516112236544
85476458214072320
85476429378228225
85476352567947265
85476319365836800
85476289129103360
85476182849626113
85476132396335104
85476071016898560
85476024023924736
85475894520582146
85475823586521089
85475794368999424
85475753860399104
85475707186184192
85475666149126144
85475620460572672
85475572326731776
85475551124525057
85475529762947073
85475503070392320
85400882035957761
85400724153970690
85400597666349056
85400316350185472
85400128936099841
85368061418409984
85354889059909634
85249462976528384
85249312442949632
85245592942559233
85105362616844288
85086661641388032
85013975275810816
85013671079710720
85012845066063872
84986671023669248
84986589444440064
84985928648638464
84985761560145921
84982014759026688
84981293351309312
84980431279230976
84980300114952192
84980240253857792
84953741937217536
84952893131718656
84951455039107072
84950227055947776
84948905036496897
84787743149924352
84681685039448064
84676824789028865
84673969013268481
84673722509828096
84226229632380929
84219990290608128
84219264927674370
84218766602403840
84065167838674944
84043779908186113
83963180816138243
83962992273797120
83962698278240256
83913512103067648
83912652232990720
83912544674267136
83889685004419074
83889036133011456
83888932688887808
83888746222723072
83887516595388416
83887431849492480
83887386047688704
83887266065424384
83887170460467200
83885658413858816
83885150668206080
83673587164258305
83671852605636608
83636412116779008
83602814147887104
83602695734308865
83600007785226240
83599790201511936
83599725080756224
83599597586485248
83525767404851201
83523530087600128
83523348964970496
83522679465979904
83521528884498432
83521242648420352
83520315593990144
83483361443721216
83482223625506816
83482078246735872
83481826416529408
83307011835572224
83299802766516224
83299713524305920
83298656337412096
83266648525635584
83217051614846976
83216929527042049
83215529040551936
83213906465665024
83172172591398913
83172118723956737
83171887693316097
83128651096391681
83125957703118848
83124287468355584
83123507659149313
83123398028435456
83122871563587584
83122766068461568
83121792285294592
83119517189943296
82928058843148289
82918416662532096
82918329370677248
82918283631804416
82916883740901376
82916672570261504
82916480034930689
82909254071222272
82851805498839040
82851315658670080
82849289356840961
82848936733310976
82848753505153024
82848625587269633
82776948635467776
82776784021630976
82776293179006976
82775986684432384
82774612986970112
82770591052079104
82603545743994880
82602069172826112
82601847331889153
82493662352785408
82493528227332097
82493444001513472
82493170818105344
82493116942266368
82433358642155520
82433221119315969
82431183023128576
82430870157393920
82430715882504192
82430618838908928
82430493353713665
82430270854279168
82430148527398913
82429930411016192
82429867630673920
82429672524222465
82429536230318080
82429486024495104
82429360237314048
82429190347030528
82429063200899073
82428493417287680
82428274059378688
82428153968078848
82427989433913345
82427924048916481
82427537392807936
82427373311639552
82427159481827329
82426952526475264
82426740454064128
82426543271448577
82426446349467648
82426205281861632
82425935252561920
82425614623178753
82425403939098624
82425210443276288
82424904628187137
82424477102772226
82424410090389505
82424204967944193
82423903355539457
82423585456660480
82423424680591360
82423319353245696
82423109101166592
82422726672916480
82422565624233984
82422010382262272
82421916740235264
82421742542389248
82421488761847808
82421213946839040
82421008669216769
82420431398772736
82420194366070784
82419055398625281
82250217667301376
82249867111567360
82249649821462529
82249492979654657
82249405641666560
82159650312695808
82157941309980672
82157805334827008
82157734375587840
82157642021212161
82157569665277952
82157437125267457
82157345160953856
82157209244549120
82157078713602048
82121471039766528
82121470934917120
82121450277961728
82121259789455360
82121179288174592
82120974765527040
82120833174220800
82098368268079104
82098186906382337
82097308099018753
81876049465581568
81873856884768768
81873263155884032
81872298755362816
81872106492665856
81872019276304385
81867189963071488
81866686592057346
81866370924544000
81759252456280064
81758896364060672
81758029749555200
81754439123341312
81754281501401088
81754038516985856
81753978714587137
81679215354847232
81679086052851712
81671566840168449
81670482709053440
81668909480161280
81668546517671937
81665148053495808
81664883720060928
81664742657241088
81664335516151808
81514020955373570
81513972221743105
81513796069359617
81513614510534656
81513186402115585
81512574373466112
81512511932858369
81512379233480704
81512025989201920
81511855637532672
81397266149146624
81357901054214144
81317559646957568
81317246856724480
81167641653415936
81135235529576449
81117805583405056
81084115432124416
81076761072377856
81076579119284224
81075960543326208
81075889567313920
81075661879521281
81002083553259520
81001062244429824
81000831549308928
81000330124476416
80999543759585280
80941348303290368
80941280171016192
80940691764678656
80939826903384064
80939547797618688
80939032678383616
80938889145102336
80938728838799360
80938444313997312
80772496411983873
80762937777729536
80762702917677056
80761934605066240
80761782532194304
80760627068534785
80760377251602432
80760029023715328
80758981517258752
80681120806612992
80647585248976896
80645591306215424
80645467389706240
80576630262738944
80576566006001664
80575906179063808
80574562345037824
80423169487417344
80421863834132480
80415998829789184
80415829467992064
80412451534942208
80410081090469888
80409973699514369
80409694606327808
80409519880015874
80409232448552960
80408761738608640
80407701733126144
80407493750165505
80407226535260160
80407040773730304
80355724248616960
80355644250669056
80354166375067648
80353764032262146
80352873162084353
80351067237392384
80350894830526465
79349854505156608
79349307215589377
79346200024842241
79346174737399809
79346032214933504
79345991555354624
79345931560038400
79345716593557505
79345481540579328
79345374594215937
79296329708339200
79223288055873537
79195777896939520
79195672217264128
79194922795802626
79193359096365056
79193228158578688
79192466946916353
79192179481903104
79191864602935297
79191727226888192
79191656057933824
79191522028957696
79191391137308674
79188754232901632
79187179661828096
78843784284221440
78843734837563392
78843620542775297
78843567455481857
78843452137283584
78843372021891072
78843287057862657
78843078353498112
78842867442921472
78786813392715776
78786208968355840
78781624648609793
78625309175451648
78624692302381056
78624550182584320
78624411707654144
78624411514716160
78623480991592449
78623357632921600
78622017645051904
78620624024633344
78618893182173184
78618172827250688
78485480106229761
78484955558191104
78484446763954176
78484282070413313
78483452034420736
78483183921930240
78482727099301888
78482676293709827
78482578486722560
78482479136247808
78482435976855552
78481659011407872
78481067455160320
78480906750398464
78480828602122240
78480252497707010
78480133694029825
78480098604498944
78479889132556289
78479834749210624
78479099970068480
78479006034432000
78478884701609984
78478718686871552
78478478638452737
78478360837226496
78406898000478208
78229987920052224
78229729253134336
78229610021662720
78229560986050560
78148472817205248
78143392248373248
78143227017953280
78141214905479168
78070204160147456
78049989917548544
78049872829358080
78049809977716737
78049466304823296
78049384373288960
77864564158509056
77853803889692672
77833292409344000
77832806411141120
77831259249848320
77830231846699008
77830101869395968
77829605012144128
77808479091437568
77808081521750016
77807930489053184
77807780114862080
77807394192769024
77803824923942912
77803752920326144
77700074821525505
77698845215162368
77514023100358658
77513189528567808
77513011866251264
77440383159775232
77436800808910848
77436696127475712
77436608663654400
77436495958511616
77436123449798656
77435227512897536
77384335434592256
77377445321392128
77335170088304640
77334875111292929
77333433810026497
77326373160628224
77326177215320065
77089431529590784
77088950623285248
77088582585688064
76974442500210688
76969875414859776
76969112269623296
76968664980664320
76823486974263296
76811271143571457
76806612983087104
76806519387205632
76806212812935168
76805368277254144
76674976111017984
76657611528871936
76657334901944320
76657257017905152
76654573393162240
76654240814206976
76654118650904576
76654002363826176
76629183534612480
76598102240411648
76597586861113344
76597419810357248
76596870721445888
76596814538747904
76596328884469760
76595344003174400
76594162107031552
76593707893272576
76591991529541632
76575463824310272
76412628594991104
76412569321082880
76411779768516608
76411274111623168
76410998722011136
76222774246514688
76222683255291904
75928237481537537
75878872813551616
75878785207107584
75878266094895104
75878063472259072
75877969419173888
75877593580183552
75732102783569920
75728328526532609
75728126281388032
75727559261822978
75711188641656832
75705976841445376
75705880733159425
75705474229608449
75704537406644225
75704449829576704
75704379428192256
75704288105603072
75704228441620480
75704056592605184
75703915248746496
75703886396141568
75703816456122369
75660416302329856
75659377356451840
75659293701046273
75659204374953984
75647797050875904
75647578275971073
75647401985196034
75646682590752768
75646426876624896
75570133078249476
75551280319307776
75551245636603904
75497018390360064
75496290561179648
75496200937275392
75495942685597696
75494946181881856
75494589267574784
75313872805969920
75313523114254336
75313420081184768
75313254024491008
75313094095679488
75313038865088513
74973483288891392
74965088762736640
74964840833232896
74964701649453057
74219874653708289
74219593308184576
74109770080067584
74102973575340032
74102712970653696
74097466865238016
74097373319671808
74097293862768640
74096988450340864
74093802008223744
74093766826401792
74093378832306176
74093251887501312
74093150511169536
74093088674549760
74092784595906560
74068473856262144
74066057974919168
74061610381099008
74061551878930432
74061231773859840
74060285589196800
74058991851941889
74058799635382272
73910806361812992
73898596105334784
73842108913553408
73841752368349184
73792525399371776
73777848011333633
73758523577729024
73758189245575168
73755700005834753
73713788561539072
73702552079843328
73702345548120064
73697680752246784
73474181072822272
73464086729457664
73463528463417344
73418305330884608
73418116851449858
73348938677239808
73339327597379584
73071505298296832
72982989163855872
72981150737498112
72980718040526849
72978045367095296
72976877085655040
72830869404008449
72813759760044032
72813628604162048
72764918050455552
72741522096922624
72739863031586816
72739605484552193
72632435241783297
72630918988300288
72630376341835776
72625380284047360
72624983087648768
72624788090257408
72624227911602176
72621871039922176
72621585760129024
72383942413651968
72383585373532160
72005329394728960
72004924820570112
71970677179158528
71969900440190977
71969322272174080
71969195482562561
71731498922946560
71731464563204096
71731341317783552
71731004448055296
71638810533969920
71632958066397184
71632500128092161
71632241268244480
71632010338238464
71631656737447937
71631507160186881
71600732842893312
71599411188334592
71598938716770304
71597868036796416
71597867952910336
71597540788797440
71597481682665473
71530567946088448
71528485352517632
71527848657170432
71527051466772480
71526331132809216
71526287977627648
71526066447069185
71525761785413632
71525689152638977
71259301527818240
71259096816422912
71146580744478720
70988296213381120
70988037164769280
70986823958142976
70935921154994177
70935483017994240
70935399798816768
70935172492689408
70934282641743872
70934239662702592
70840156642480128
70839526653829120
70839177649995776
70839084158959618
70838260292780032
70827333434617856
70826988826398720
70513334725775361
70512657056280576
70362581923135488
70361874646056960
70360225726726146
70360035280158720
70359227176194048
70358335618154496
70358167049080832
70241940410613760
70241753063632896
70227798937186304
70199144551170049
70198998228680704
70198668346671104
70194226121543681
70194090171568128
70028175555559424
70028054851887104
70028005950496768
70025571584843776
70024713740632064
69824644672266240
69820756523094016
69819045821693952
69814778012516352
69814668880920577
69814120211427328
69813691020869632
69811090502057984
69810999078821888
69809807430926337
69809527209476096
69809305221730305
69660177657368576
69487561508265986
69482809974210561
69482773995462658
69452321884618753
69447628336799744
69446051312058368
69445926267273216
69445718489841665
69445089834975232
69444963431227392
69438723246407680
69438604128174080
69168537297625089
69064056362897410
69062548015677440
69060111930372096
69059469170053120
69058988024659968
69058793283133440
68910747144552450
68907128341004288
68883365746577408
68883093339119616
68882940532228098
68882868155326464
68882256898433024
68872274387795968
68869039388237824
68868969582436352
68694654614380545
68690428509171712
68684996071796736
68565679128850432
68564378231906304
68564256429318144
68564082210512896
68383235742240769
68376476969472001
68376305493737472
68364371998420992
68363747479134208
68358021079764992
68357164082802689
68351856698605569
68350297256361985
68188873968189440
68187450152984576
67953802539581441
67952074977054721
67761476965892096
67759109964967936
67590964071501824
67470743897767936
67469755627474944
67268284642361345
66883209958400000
66519762028609536
66510604076204032
66510356780036096
66510255160426498
66499705177247745
66498064055140355
66494779780898816
66494209510752257
66493926059671552
66322846141517824
66321892725882880
66314556280016897
66261302628200448
66244980108300288
66221121107804160
66220990841098240
66145729432928256
66145596716752896
66144092215717889
66138165479620608
66138040162205696
66137825258639360
65975827543756800
65954777661587456
65954270108844032
65954237380694016
65952507951726593
65952242171265026
65896477184098304
65895975901868033
65891692204654592
65881608166715393
65844816390537216
65792733838716928
65790243814641664
65787432989233152
65787354752880640
65786596854738945
65786487622475776
65785189728665600
65784766796013568
65784472074858496
65784374922190848
65784182282006528
65783845903015936
65624091289321474
65623017862070272
65622271053672448
65621508642447360
65621475285151744
65621333727391745
65619666919366656
65619574682419201
65619502523625472
65413359897546753
65405159123058688
65229638749798401
65229554935005184
65229158292267008
65044610656903169
65043955804418048
65042680475955200
64925157680087040
64924519034392576
64923478670843904
64902999448883200
64899971392086016
64899312001363970
64897833773445120
64834308812189697
64834118491451392
64445650548432896
64392383864905728
64329433712046080
64329126940639232
64327100722712577
64325916985270272
64008047542022144
64007351623102464
64005805300645888
64004503510319104
63950319188590593
63949863007694849
63948879770566656
63919442756771842
63910993390088192
63908587218542592
63799333073596416
63799039350681600
63798829312520192
63797288191012864
63796651072045057
63611942547357696
63611058824298496
63447868626833408
63297109520162817
63296879164801024
63296788500713472
63257820329549824
63257414824239104
63238862696226816
63229609927389184
63228931779739648
63228778792497152
63228182530232320
63228058437550081
63227029004365824
63226976315506689
63226872523264000
63225713490280448
63225384619081728
63225159217197057
63225159192018944
63225158948749312
63224810787979264
63103180757667840
63095204558807041
63094264799821824
63093886234533888
63093433195167744
63091789963333632
63091209656221696
62873306931535872
62872700313550848
62867475850739712
62711939293396992
62636063553892352
62635962852835328
62635897207783424
62337884014907393
62333791355674625
62333608282689536
62276773039185923
62276565760880640
62276451235397632
61599826361581568
61587583280492544
61587456092405760
61570826306199553
61536219309416449
61511221412765696
61511106929242112
61482489478254592
61478893000998912
61478840156954624
61474906264707072
61474688001507328
61474328528683008
61474081236729856
61439043933716480
61438950237151233
61438417241772033
61438089024913410
61438067642343424
61438013259005952
61422894101704704
61422729915674624
61405910630805504
61405668090986496
61405573677191168
61404676989526017
61404335564791808
61403158643093504
61401795347484672
61396334384652288
61394946938253313
61393811783417857
61393716153303040
61392876562694144
61150074310373377
61078148942544896
61048351944220674
61047923634487296
61046930934992896
61046610695688192
60877238152863744
60877188685238272
60844945522692096
60842249927393280
60829718387236864
60829115422486528
60828693999779840
60828462348386304
60827646514298880
60826313174425600
60803351272632320
60763396685045760
60762849726828544
60756434668892160
60751787610738689
60747145850011648
60747093001777152
60746952396120064
60735409897996288
60735359591518208
60708807524884480
60708739614900227
60670327604264960
60668891931746304
60661781449805824
60472235844042752
60472145440030720
60451631111737344
60451232585760768
60451151103008770
60448612357914624
60443735816802304
60443611225001985
60409329119014912
60409196583198720
60393665046126592
60386566836727808
60372250330804225
60371999024881664
60369371419254784
60288523898585088
60285867511644160
60285827447660545
60285599499821056
60160614525444098
60160527325872128
60116768051572737
60116767074291712
60115147720626176
60115147578032128
60108618372100096
60108564219428864
60104714553004032
60103953957928960
60103884718358528
60103129672331264
60103042225287168
60102978132123648
60102881507934208
60102417332703233
60102136784109568
60101841949696000
60101784647118848
60101739466067968
60101337895014400
60101018494566401
60099503138668544
60098152476311552
60096999441170434
60096885913944064
60096813180530688
60096216159100928
60095433837514754
60095326027128832
60095194959331328
60033578599321600
60009382674571264
60008133958971393
60008052031631360
60006076891930624
60005960697122816
60005922327625728
60005744518504448
60005210470359040
60005096423030784
60005035760824320
60004952919126016
60004854336192513
60004762816495616
60004343734210560
60004254068387840
60003508765736960
60003076475600897
60002842022383616
60002702796668928
59786395505541120
59786021956632576
59750127308505088
59749389891145728
59748007003959296
59747891849334784
59747738258120704
59659864372289536
59657707782807552
59655522336509952
59655166810529792
59653942493200384
59653884968304640
59653696417579008
59653075572498432
59653013660372992
59652697510518784
59652482581807104
59652368706453505
59651976710987778
59651794116157440
59612239581298688
59611514449039360
59611125616091136
59610940076855296
59610696899497985
59610652943200257
59610586098569216
59610303847075840
59609950200135680
59041371859857408
59035475284992000
59035079770505216
58965404927803392
58965208231706624
58964634631278592
58963133905121280
58962804429946880
58962584694554624
58962552192901120
58962352527249408
58962141855744000
58961913018720257
58868555302715392
58860449378205696
58686510219804674
58686158548373504
58685965992067072
58685875181203456
58683300922933248
58681908980228096
58681845587525633
58681651831644161
58681564929863681
58681411355418624
58681393085038592
58590936179023872
58533868176814080
58529001207119872
58507409047552000
58496511494983680
58325708694503424
58325654034329601
58324647707545601
58322860040658945
58162466869362688
58123292552343552
57937254106148864
57863694557790208
57768186250133505
57768007899951104
57574114994569216
57565386132037632
57565125867081728
57565019109474305
57564607065231360
57563843777409024
57563522523078656
57562872934449152
57562339830013952
57560483963744256
57410943143002112
57034254282006528
56377951729614848
56310956539645952
56010878700634112
56010664870817793
55651037754818560
55318199067082753
55318077033816064
55237817974001664
54883359083610112
53786343419019264
53786276385660928
53784789945290752
53784719833317377
53781996295569408
53781474419290112
53781302045982720
53781235117469697
53780931718283264
53780812654575616
53778317718990848
53778126932688896
53777692503441408
53777620260765696
53606200130027520
53604974420168705
53604872964149248
53604174851620864
53603894265266177
53603563917672448
53603360888193024
53602745059512320
53602655007805440
53602323255132160
53496944131182592
53496834403991552
53496732331425792
53496569579847680
53496414000521216
53485335967043584
53484938959400960
53482562596777984
53482273403703296
53481338598199297
53481135107346433
53481106107940864
53480753295654912
53479704182788096
53479444203053057
53477734848004096
53477614807035904
53477567491084288
53477419901927424
53477320505311233
53477265073377280
53477129895161856
53455914790957056
53455649371193344
53455515501596672
53455414989307904
53455259904909312
53455131840229376
53454897345085440
53452665832738816
53452418561744896
53452288064372736
53424886017818624
53424612846997504
53423794550874112
53421036422709248
53420894311301120
53420798861516800
53420722508414976
53261538567528448
53261456963153920
53260006627356672
53259547984400385
53192033321500673
53191713279328256
53064237253271552
53059643005612033
53057277493649408
52890219036413953
52890038626816000
52872013026566144
52867178990551040
52866328658325504
52866251420205056
52857287391457280
52856997502132225
52856811484749824
52854155248795648
52853433534906368
52853367793389569
52853321664438272
52853125140320256
52852452910829569
52851577567981569
52851371703148546
52772088985038848
52770323891892225
52770179335192577
52719936451252224
52719637867151360
52718450057023488
52718276924551168
52717065416622080
52715939455696896
52715750410039296
52714619764088832
52714085292314624
52713817196597248
52712891769552897
52712329095286784
52711733365714944
52705082122309632
52579333998510081
52578528104955905
52577800762310656
52576751737516032
52576212832358400
52554425255993344
52465588311826432
52448217387900928
52447400597536768
52446496997646336
52445303219032064
52444236481695745
52442416300556288
52442300701347840
52442137031229440
52442080286486528
52441905925074944
52441800715157504
52441690287517696
52361751655743488
52340356007731201
52327962346926081
52327773888446464
52133499737604096
52133274352488449
52132795862097920
52132590676746240
52132492710387712
52132359105019904
52070995242139648
52070768112189440
52070580781977600
52070237616603136
52070152904245248
52069753728151552
52069662363627520
52069436324192256
52069157121953792
52068984236949504
52068792762769408
52068548348084224
52068241832542208
52068131430088704
52067607418908673
52066263949787136
52065290078527489
52065182486233088
52064982870925312
52064846954504194
52063456936984578
52063082360479745
52062925216690176
52062636514353152
52062279239335936
52062178072727552
52062106832478208
52062066323898368
52061683048398849
52021981377343488
52021513108471808
52021167334240256
52020003171602432
52019788884606977
52019540275642368
52019293705080832
51973059900481536
51972946452946944
51972466616180736
51819715605172225
51817597351636992
51815847571898368
51815460546682880
51812419202334720
51811998157119488
51811850735722496
51811640064212992
51810738028814336
51810412223676417
51810098913349632
51809837343977472
51807654384906240
51807620675272704
51804290838315008
51704043524993024
51693112728367104
51692596870905856
51691983906942976
51689564795969536
51600350532222976
51599608878596096
51599366133260288
51597325096849408
51597113229979648
51596259303231488
51430875509952512
51429726052552705
51429436259700737
51428874722099200
51404547339464704
51404437427732480
51404367156359168
51404286013341696
51404115804295168
51403923822620672
51403822400143361
51373593526939648
51371194452148224
51371053653569536
51370594159181824
51370525817176064
51370399547666432
51370325417525248
51369925310300160
51369791541358593
51368285886881792
51367927638790145
51367221095694336
51366392246714368
51366091666112512
51365111222374400
51256439473311744
51241226690772992
51241126673387520
51240684476301312
51240459875516417
51238619062607872
51238498442813440
51238154753159169
51077058125774848
51076559838248960
51075584859705344
51075021543710720
51071763286728705
51071514170241024
51070983532064768
51070478093271040
51069933815205888
51069878668496896
51069796556619777
51069556420124673
51069277972856832
51069055892865025
51032085720350720
51032005915320320
51031810074873856
51031678734442496
51031509431361536
50976136599056384
50955195517108224
50954847918358528
50945526044172288
50904996081971200
50895628833783808
50892931804041216
50891821584359424
50890373605752832
50889299662602240
50887987562692608
50887831253549056
50631687394181120
50630736033751040
50596872280227840
50594933928755200
50586903732424704
50586440337342464
50566487039156225
50553180358066177
50552885976633346
50552385558425600
50551853934575616
50551619460403200
50551485095870464
50551391554519040
50550464823042048
50547402838523904
50547140354772992
50546856635269120
50546298885120000
50545829592829952
50545773041033216
50545167006048258
50545038916190208
50544759781064705
50543901840384001
50543125512454144
50542958331691008
50542486883540992
50542242229784576
50541920820277248
50541825483735040
50541756550356992
50541033120989184
50540988476825600
50540724135018496
50540488155070464
50539649185234944
50539365537026048
50538370367094784
50538279447179264
50537549403402240
50537144145547265
50536661360197632
50536377896542209
50532997019086848
50350825851203584
50343426260078592
50343353149177856
50341986619752448
50339830411952130
50339653219385345
50339486596476928
50339405474439168
50339335895138304
50338853072023553
50338145778139136
50254088415363072
50254011160465409
50253177349615616
50252596044251136
50250966192234496
50250243534626816
50248507872919552
50204572412686336
50201252939841536
50200784368963584
50200299536777218
50195504189014016
50195387373453313
50195225855000578
50195178732007425
50195139238428672
50194949437784064
50194801097846784
50194500823425024
50154032907550720
50153331812876288
50153240305733632
50151785863708672
50151697594580993
50149168940974081
50145918774820864
49950937166512129
49950134364155904
49934675770212353
49841900278124544
49840592846462977
49840436902240256
49839785879158785
49839186840272896
49839112500428800
49838777253904385
49838375259213825
49838089207685120
49838001953583104
49837541020540928
49837388205277184
49836980573450241
49836776281489408
49832025510780929
49809498453450752
49797517914816512
49792752363372544
49789470299537409
49789228137185281
49639811706916864
49624100720754688
49623761535766529
49611860445638656
49602927643475968
49602304768352257
49602225282097152
49602079576178688
49598116512534529
49598040499159041
49539691539742720
49539551869407232
49539440368033792
49534211824173057
49527250403594240
49525549600751617
49490483856146432
49489796237770752
49488695014866944
49488601460908033
49487576851152896
49487466931027968
49486705807458307
49486645979906048
49485028970872832
49484590389268480
49484418024357888
49484371085893632
49483974317309952
49483689079484417
49483160873992193
49482223677751296
49482092412801024
49191289815711745
49190425340297216
49188578307223552
49188504739135488
49188350481014785
49188112693334016
49187718743343105
49185460278407168
49185038025244672
49080331319525376
48921831150862336
48921708274528256
48909527881486336
48908879601479681
48907790080679936
48907154073194496
48905455849848833
48903826958323712
48903790400765952
48903742329856000
48903640928366592
48903374581669888
48903242758889472
48903153738985472
48856110152679424
48733874687193090
48733846774099969
48733804726202368
48731182489276417
48730928431894528
48706415199662080
48704680909484032
48704423593115649
48697275932880896
48697104109015040
48557530649067520
48553050377433088
48549954653921280
48549763628535808
48447613971869696
48434653350203393
48434521686810624
48432691909111808
48432611248443392
48432364988268544
48431839655895040
48395857678184448
48395743890903040
48395542061006850
48385921615269888
48385784683827200
48385591234134016
48385436585963520
48380020099514368
48378757920206849
48377126071705600
48376934652059648
48366631155535872
48366202002739201
48365952936591361
48365533111926786
48365035751346176
48364849947881472
48363521540497408
48362749989892096
48362091807117312
48361984630063104
48361852584984576
48325708698759169
48325528050077697
48325455064989696
48182743254835200
48165871264346112
48152215474552832
48129750018949120
48114497180811264
48074964640874497
48074371578859520
48039360624476160
48039192571297792
48039129816113152
48038946789277696
48004635641905153
48003167224475648
48002524078276608
47963100338593793
47962900731658240
47962823996866560
47959350857314304
47660475441364993
47652356686491648
47651936576610304
47651774080880640
47602240579584000
47599235373350912
47598966581379072
47455631350837248
47451586548613120
47451462904713216
47449482731847680
47449098768494592
47416533470810113
47408577534627840
47408318905454592
47393030877102080
47392863813771264
47392504148004864
47392040740331520
47390894718062592
47390724387385344
47390668158545921
47317178738941952
47317066675527680
47316958101766145
47303746564259840
47303509800001536
47296264815120384
47296090554376192
47295296044154880
47295066192093184
47265507417653248
47263958213722112
47262616304881664
47261805923405824
47230095487811585
47228106079076352
47053507693510656
47052299977244672
47052195249655808
47047365634437120
47047204212457472
47046544624594944
46885993017638912
46885670916063232
46884982681124864
46563503129116672
46561558330998785
46561423219892224
46507235551088641
46505368582488066
46503928929595393
46503677682388992
46502779870646272
46502428698353664
46502307315187712
46502121914380288
46276287832129536
46276192994738176
46275416297717760
46273051062579204
46273000928051201
46270411792596995
46270216891674624
46270137824837632
46270045671784450
46225450795667456
46217676711919616
46214445009092609
46214335227371520
46213024687718401
46179962721538048
46179810770288640
46178802669326336
46178584125128704
46178093500596224
46177117397987328
46175898759725056
46172465470246912
46172380829200384
46172308662009856
46172223488262144
46172084392566784
46171569076178944
46171370463297537
46170061882408960
46167879942541312
46166418022088704
46063927859220480
46053527902109696
46043547937423360
46043493956722688
46043428173254656
46041992156819456
46041907595448320
46040926761660416
46021480089264129
46019999046959104
46019359633715201
46017996845629441
46016691590795264
45997103532621824
45837098388959232
45835765426569216
45797461473759232
45797314522132480
45794806139596800
45794487007580161
45793582703050752
45638332096593920
45635295911219201
45634841181560832
45634755458367488
45634661824729088
45634377484480512
45634334606110721
45634274627551232
45633995815387136
45633804810977280
45633766781222912
45633720660664320
45633638074814464
45633565530132480
45633465365954560
45633282892759040
45633056618446848
45632873805529088
45632836111306752
45632545907412992
45632277044133888
45632204616900608
45590523792203777
45518845896704000
45511149168492545
45439709987618816
45439405099466752
45439151528620032
45438606646591488
45438420687921152
45268599362945024
45268528445657088
45262567278526464
45261916691632128
45261581747109888
45261529586733057
45261452302499840
45261325303156736
45168258051088384
45167138486497280
45166829194326018
45108254463893505
45106563198877697
45106505216819200
45105731082534912
45105612496977920
45105545425850368
45105389263519744
45104577606983680
45104330164019200
45103764310470656
45103233919762432
45103170191503360
45102963508772864
45102911981748225
45102829521747968
44830827548385280
44829229656965120
44752393157619712
44746971466043392
44666419413123072
44587974289145856
44582855002689536
44582496410681344
44580898116616192
44551598587908096
44550109995876352
44550002265161728
44549623360131073
44549511250579456
44545397426884608
44536018283667457
44535915162517505
44535684026998785
44472897250664448
44472826337566720
44472514721746946
44467734079221760
44460610754326528
44357926307115008
44356308446617600
44356045912543233
44355947115716608
44355294079356928
44355191876755456
44354400998785024
44354292227907584
44353457041309696
44353104426172416
44352746907893760
44352494326915072
44198367911350272
44067830244704256
44060815854284800
44060755028484097
44058626251440130
44058375100698624
44057289749041152
44055624765546496
44054668359380992
44054460875542528
44054224585232384
44054060055265280
43991720265924608
43983490831745024
43978842309795840
43978467167051776
43978434648608768
43970259593601024
43970071823007744
43818740336439297
43816822524481536
43816619771826176
43816360240889856
43816285938790400
43770090130382848
43766133614055425
43765241133277184
43763461351686144
43759543334871040
43758541286285312
43743018037149696
43740636448436224
43740510669651971
43740239042326528
43739733301526528
43738902393126912
43738743160569856
43736816251179008
43736705458647040
43735417094279169
43734970035998720
43734450726633472
43624385201967104
43623730005544960
43622801470533633
43622320937500672
43619408790298624
43615932987359232
43615566908506112
43615156504231936
43421338941140993
43418577218441216
43418272233828352
43418155485372416
43403531943817216
43403197284491264
43397332993196033
43396923813666816
43391641947615232
43391226816368641
43390674648825856
43390611969155072
43389923226697728
43389803873566720
43389607936663552
43389112165740544
43386660616019968
43386511105863680
43385364500594688
43385181809287168
43384713624301568
43384619986456576
43384511790190592
43384469071208448
43338523696304128
43291408135749632
43289995087314945
43289328608231424
43288926974255104
43288807159775232
43287009850179584
43286864387518464
43286763514494976
43285995420000257
43285662035750912
43285304081268736
43285264424124416
43279055906287617
43278685175943168
43109511753515008
43109428668538880
43109280039178240
43107676741320704
43106233451954176
43102511082651649
43056596296810497
43056486699642880
43055787349774336
43055464640032769
43048768198819840
43037302150275072
43005891045367808
43005080517087232
43004571374723072
43004444505415680
43002856743243777
43002763520647168
43002389321617408
43002183981076481
43002139718598656
42938805002584065
42925787829116928
42748844554977280
42748482943066112
42682133923381248
42647151351824384
42638413089882112
42638246714425344
42637695922614273
42629708172640256
42629343578562560
42598665281482752
42575778524839936
42392874540744705
42362806904954882
42362648418983936
42362417459630080
42362283694899200
42343906658091008
42341907199827968
42341702530379778
42341599543431169
42340444532772864
42340349426937856
42340223128055808
42340130907897856
42339810446295041
42339692343083008
42338965054951426
42338847014653953
42300351348613120
42286689409957888
42278305977741312
42277720561950720
42240299564670976
42211751755919360
42211540216188928
42211282564157440
42211059343294464
42208417988878337
42048274139594753
42047451737239552
42043523243048960
42040962720993280
42039484237352960
42035451057405952
41974161907781632
41973887453364225
41968086844186624
41967677085843456
41966967787241472
41966839382810624
41963741155295232
41909744079876096
41901161590034432
41900656054910976
41900238436438016
41899085082533888
41896883655811072
41896769520537600
41896606194204672
41593355615862784
41585574540349440
41585420605198336
41584142672080896
41568134909542401
41567976767500289
41566950383554560
41566194041503744
41564743101726721
41564689099915264
41564202233503744
41540920390324224
41536043677270016
41532623906029568
41532202688847872
41531601552674816
41325709758709761
41320036434059264
41319800995053568
41317379984068609
41317002878390273
41316318850449408
41313938704580608
41313631383715840
41312521251987456
41310501321441280
41193378930491392
41192853984133120
41192659947237376
41191737783365632
41190532105519104
41190361116319744
41190217851473921
41188817104936960
41188486044323840
41188213511045120
41187781673750528
41187601083936769
41187221738487808
41186231756914688
41186046704226304
41132558058135552
41131230619631616
41131091012091905
41130911034642432
41130314587709440
41130171184578560
41129799481176064
41129428901822464
41129260437602304
41128896267173888
41128783612358656
41128618226757633
41128398273126400
41128225144975360
41128182778314752
41128042097160192
41127980742868992
41127918834941952
41127630161969152
41127532522778624
41124375658766336
41124173082398721
41123979330719745
41123856852844544
41123752855080960
41123625541050368
41123447887249408
41123268328951808
41122556450844672
41122452499206144
41122129692852224
40977404771966976
40977339286290432
40976877950730240
40958573114695681
40951890183335936
40951220197793793
40950859110158336
40949037616214016
40948827540307968
40948665820528641
40948581137530880
40945764016472064
40945627873546240
40945534822920193
40887072663281664
40886458134953984
40886321643790336
40840073716965376
40769160606785536
40617141182926848
40532817989472256
40532295743963136
40529576287277056
40379551167021056
40212299880992768
40211194635616256
40203708407095296
40202093553917952
40201491499196416
40200882629001216
40199318904381440
40197685260713984
40197311518871552
40195124122238976
40194788699414529
40194168722702336
40194067836964864
40193611144364032
40193280734011392
40193263650603008
40121078848294912
40110628471451648
40101762815885312
40074591342821376
40064937585946624
40064809504481280
40064008392413184
39885687587217409
39884938165760000
39884881643307008
39883590040813569
39881956565061632
39881919462252544
39494229168357376
39493468719943680
39491347362750464
39490844209844224
39490297394233344
39490083195338752
39489712515317761
39409643075796992
39408882694635520
39408714675011584
39408664372707328
39408505874157568
39393540404551680
39387859492274176
39387184591020033
39383762739527680
39383612289712128
39382497875853312
39382389411164160
39382037840408576
39381746990592000
39381086190436352
39380642470821888
39380303990632448
39379994606051328
39379571975532544
39379352743317504
39378637568344064
39378450385080322
39378006648692736
39377698946162688
39377554846523392
39377181817708545
39376506954186752
39376480781737984
39376274426306560
39376136655872000
39375812033511424
39375240194826240
39375113505738752
39373633210171392
39316652407537665
39315885252546561
39024755768041472
39023072497504256
39022819014615040
38991174899482624
38991089683660800
38986369267146752
38984601628188672
38966086590402560
38964153062404096
38963855786917889
38963425786863616
38653870838128640
38653370839470080
38649854934777856
38649103789330432
38649008297754624
38648533657591808
38648335090974720
38597656364195840
38595550748213248
38593087894716416
38593042155978752
38592854989352960
38592745404776448
38592643369803776
38592507503837184
38589199099760640
38588959714058240
38588923139731457
38588384461070336
38588103576928256
38384116424638464
38381248846106624
38380957497167872
38303919977402369
38303753266274304
38296244937822208
38296123617710080
38295944990556160
38295792393535488
38222102821601280
38221218255470592
38221153420054528
38220319462260736
38220299128279040
38210321973903360
38041607974420480
38040918925774848
38040858016092161
38040804299780096
