398059520448266240
398040567516762112
397353008067276800
397352940127543296
397352873543364608
397352809747976192
397351289933148160
396973097288728576
396409199951093760
396055886403469312
396054435262369793
396053736197738496
396052628020690944
395840320984072192
395840075894124544
395839961494487040
395839137238228992
395838932690411520
395689114429059072
395688917875589120
395688790146449408
395688744218800130
395688485534711808
395680494689714176
395680178925342720
395679386709786624
395678884341235712
395678845908840448
395678359348580352
395678220210941952
395577600069734400
395330413889327105
395320264302804992
395177145989099520
394805752717910016
394371221628157952
394241293192552448
394240413307252738
394220476735967232
394135902886567936
394134943003340800
394134810756919296
394122844365684736
393845836054269952
393839710877270016
393821576397070336
393818169372319744
393817121010241536
393765000260878337
393764861165187072
393662063329169408
393662052256206848
393662029791514624
393001927656873984
392987840264798208
392986922936991744
392985724779130880
392973849991868416
392743276635512832
392740417898553344
392327609373446144
392326763273289729
392326189526036480
392209676122988544
392196515336572928
392194678625681409
392006743003512832
391897732858007552
391893994969784320
391891970710573057
391885790546255872
391883263289339904
391872720105123840
391872031060660224
391867517695967232
391664086418984960
391662870335066112
391660414683332608
391204568744620032
391204064115298304
391198048229281792
391195169296748544
391194002382675968
391192830280220672
391191933194104832
391191874859716608
391191804432764928
391191098800222208
391190878599282689
391190808713768960
391190736345260033
390218621324361728
390217827082579968
390216581504315394
390201596124344320
390200889279275009
390048767933964288
389768989117022208
389756106534563840
389298285762334720
389297724375728129
389296862957961216
389296192846594048
389295581765832704
389293423343452160
388741566980169729
388446990130237440
387832182049603584
387694622073700353
387248072704942081
387247042856505344
387242875186348032
387157812549550080
387156681991655424
387156371973881856
387151752589770752
387150961170743296
387149928717647872
387147865879220224
387146989718487040
386900945533423616
386900681665564673
386798603010052096
386797439086522368
386758352258478080
386751429165461504
386464236161224704
386423905650761728
386423811367002112
386423713635504128
386413292128067584
386412794641645568
386411968275689472
386404992904486912
386386021912678401
386382140839305216
386167972462862336
386099934292103168
386099899663921152
386099882047852545
386098780103540736
386097892261658624
386060368478760960
386057420780625920
386057403915337728
386057383065427968
386056083896553472
386055688784707584
386030641202360320
385786798032818176
385785724215496704
385755976458321921
385754613884133377
385738322607636480
385736093641220096
385734798276587520
385710331936657408
385436052900806656
385435625002127360
385435320285937664
385433807740223488
385433487186358272
385428630287183872
385404983153557504
385392124633833472
385384505672208384
385384325178732544
385356117133778944
385348092427780096
385348028187811840
385144773990182912
385087414781640704
384994435911938048
384950223543734272
384943517719863296
384824823937265664
384704396766248960
384702739177304064
384702132051795969
384701598603440128
384695466115751936
384695325828866048
384686230547738624
384651246659203072
384649903609495552
384634038902095872
384607456959414272
384605664984989696
384579837438226432
384579536148783104
384576972778909696
384572245576015872
384340990209032192
384337987938828288
384337840781688832
384337661433249792
384332950256746496
384332774490247168
384332612694994944
384073002734080000
384025400105766912
384024114366664705
383868061583179776
383867236139933696
383866901086351360
383735648672559104
383645755007070208
383645676024127489
383536107620925440
383297762999410688
383295427497324544
383246303066853376
382895629531627520
382895150483386369
382777056008089600
382656308438392833
382614308829401088
382539622724956160
382531332011991040
382457762380546048
382436975938379776
382436184066383872
382131161985974272
382131126300868608
382082658844831744
382082289074573312
382073416536162304
381866209945587712
381830106190467072
381801341032857600
381800115662774272
381166933305204736
381164530682040320
380811881080184832
380718043653214208
380704158997053440
379313203391766528
378968283728596992
378967546101518336
378657193689903104
378640592588537856
378561684627275776
378508539486294016
378501535858040833
377878756121395200
377570794320461824
377570166064033792
377569071752949760
377566026419826688
377557914032308224
377533713460252672
377532340245131264
377531483076182016
377527861160456193
377524824022986752
377461890495938560
377386711405563904
376763067939696640
376470909592567808
376420539818315776
376096711862927360
376093487739207680
375945115199889408
375909620084408321
375888255633608704
375744685006135296
375737204829863936
375736994342912001
375395794633097216
375000083039019009
374872096687788032
374776427964821505
374592136957947904
374591093381537792
374591044857659392
374590791991447552
374589524195954688
374588814733639681
374588475900960768
374497317011083265
374497179643412481
374496575751741440
374496479442124800
374495125042626560
374493954378842112
374493924267937792
374493687130382336
374493237462851584
374484417936637954
374262763717394432
374241100741238785
374147042337386496
374146458377019393
374144256082194432
373927074048000000
373202945770536960
373184927078297600
373184876717289473
373184816474095616
373184785323028480
373184679987642368
373118780890972160
373118736351637504
373118693670400000
373066857873670144
373066483120996352
372719950949257216
372444577447161857
372442539259101184
372358293462994944
372331502912409600
372331091283431424
372331025357365248
372325660213407744
372324765304115201
371707275842715648
371706353263575040
371679679662784512
371679033467355136
371678440275341312
371678312600731649
371678235677179905
371678149375193090
371585602883694593
371582847192424448
371228363127787520
371228243283935232
371189366552793088
371173663732932608
371173569772154880
371173400766857216
371022520251858944
370933369666043904
370910935960936449
370906903213539328
370519253805715456
370316633564524544
370311876246507520
370300537851629568
370299616606322688
370298574678278144
370111967480254464
370104514411380736
370091504230215680
370087873019924480
370087537467224064
370086540208521216
370085740769976320
370085091122618368
370083351665061888
370080835795693568
369446962711781376
369189126203265024
368991047679873024
368990730997727232
368873387751661568
368773905906819074
368770844446580736
368766733277884417
368766007202308096
368765986088173568
368742272453451776
368739635528085505
368738561891106817
368667086073364480
368667070126641152
368665020185321472
368655025897488384
368653887265198080
368653845284810752
368652534061076480
368651061570961408
368650742565208064
368650682712076288
368412176283099136
368403789356994560
368389472376737792
368312591443320832
368308121740902400
368308010197581824
368303085992820736
368302526061617152
368301084236075008
368299293750616064
368297222733328384
368276837807689728
368262160352542720
368259791002820608
368141519448199168
368138028684156928
368095113370947584
368064011751157760
368063669709860864
368063452474261504
368058639732727808
368058481695531008
368058247926022144
368058068124585984
368057942597447680
368057913556082688
368057702150578176
368056020482142208
368055608244977664
368054272648564736
368051970097287169
368040428446437376
368034464233820161
368030720897208320
368017176348741632
367997095514755072
367996042052399104
367995341536518144
367984820682768384
367984435737944064
367984350295785472
367980727981584384
367979741275750400
367979313238642688
367974141452124160
367968960979156993
367967206032031744
367933943599071232
367933827244912640
367933775805939712
367928913508327424
367922035646681089
367921405192851456
367921166788624384
367920981807222784
367920681587310592
367920600754704384
367918669952995328
367918352238661632
367909589016399872
367908510870536192
367907565491191808
367906423591960576
367906115755204608
367905819394056192
367904782469857281
367904106838765568
367904024970145792
367903810746068992
367903775333572608
367903686875688960
367903389885423616
367903369685651456
367903340061290496
367903082006716416
367899620078538752
367889650456997889
367771544053121025
367759280881278977
367754679742398464
367752600932073472
367752092926361600
367751206804160512
367750673368367104
367750387748851712
367749674771709952
367749288136548352
367749248659779584
367748772711104512
367748087718359040
367748041996238848
367747278964285440
367747049674276864
367746750968500226
367746595561168896
367746252873945088
367745915232473089
367744936877506560
367744314337939456
367741349527035905
367740697644134400
367740276229816320
367740035770363905
367739000598982657
367691664749371393
367661525017706496
367659836969738240
367659128027488256
367644458936184832
367644268217004032
367643657928982528
367641473430597633
367637606122926080
367635622221344768
367635587060482048
367633248866009088
367633005399269376
367632298738319360
367604065381142528
367603866277519360
367565627827159040
367553700682014720
367553679777595392
367553567072468992
367550826262581248
367545276917366784
367545026693562368
367544991834710016
367544885240659968
367543968273539072
367543399106506752
367542966921216000
367542878803066880
367541680003899392
367541575020474368
367541342366601216
367540833572364288
367540755138895872
367540608510197760
367540531901251584
367540409599553536
367539309349703680
367539206148882432
367539125148463104
367539087651397632
367538421910478848
367537995093909505
367537893176532992
367537798230077440
367537584534458368
367537388983418880
367536807292178432
367536660239908864
367536084349358081
367281472845381632
367279351907508224
367279136492257280
367258474448953344
367257714332008448
367257644920475648
367257478851207168
367257448677400576
367257146637189120
367256991863144448
367255069605236736
367214893004779520
367165194503741440
366818142141423616
366483061778554880
366482131049906176
365809215748571138
365800148032430080
365799428784791552
365798353885331457
365787458459275264
365787017314967552
365786535934689281
365784894196039683
365487208167243777
365441514387677184
365441417868345347
365422450139344897
365415091992150016
365414290179620864
365414251998875648
365413794282864640
365407074856873985
365126761497247744
365104694911569920
365104639219609600
365086883245993984
365005330310111233
364340979220107264
364340372157509632
364148813445206016
364115787847827456
364113292039421953
364110653759291392
364108737188868098
364101624945729536
364099964462301186
364093048088985600
364092539663818752
364091726644142080
364090475307094017
364090422966358016
364089422817402880
364067235150569473
364066782035709954
364065458510495744
364064811832717313
364054856421474305
364027216163651584
363413231848927232
363409624416149504
363316524347441152
363286617949503488
363285112118448129
362945532148600832
362893115545235456
362826585377746945
362826011245043712
362824053330939904
362823169939636224
362813406580973569
362691208725807104
362684977198424064
362684766715256833
362684220260769792
362684137888808960
362677698294206464
362676109688578048
362675230797332482
362657653098422273
362608148273565696
362528979208503296
362504877085171712
362501503044419585
362496884675325952
362496429220044800
362269926414745601
362269700606017536
362269696239734785
362269602199248897
362269030754689025
362268902081830912
362266352679002112
362253369601040386
362253267092250625
362251256682647553
362250640006713344
362247864526708736
362188402872946692
362183799804657665
362178923796250624
362167862032482306
362167832638783488
362167315481116672
362162994945331200
362144312366084096
362144239494246401
362130470877671425
362104485813825536
361959781419851776
361936288946995201
361931959938723840
361923011823140865
361918886712582144
361918406657712128
361913719137116162
361913715500658692
361908283541426176
361908235306942466
361908189106683904
361908055094476800
361903585577021441
361795164961914880
361560231270035456
361503114987184129
361471068633956353
361470733534232576
361464412109930496
361463062076719104
361461669932699648
361442862304468992
361442759283978240
361442594812731392
361441903750811648
361414603831382016
361410178794528768
361405010996768769
361404787088048128
361404599355187201
361403488376340480
361403093226754048
361400146577203200
361224068248244224
361155742708928514
361028459612479488
361027152583462912
361017156441354240
360804032014589952
360780957197930498
360780886574243840
360086050187653121
360085770645671936
360083806532800512
360083242457632769
360083153014112257
360076342269718530
360075841612427265
360075714306908161
360075635252658176
360075392167591938
360075042698178560
360074992500744193
360074755371565056
360074280135950337
359793088316715009
359791798408851457
359790920155140096
359790553283567616
359608839940739072
359583535625027584
359565716111900672
359401035481104386
359400375339585537
359232344278196224
359208160709869568
359204910837276672
359202645061275650
359006064391360512
358992032280215552
358937821635420160
358931631509213185
358862900888629248
358853379457429504
358852980096778240
358851537361051651
358851033964871681
358850547312373760
358849888370434048
358848800586084353
358843821305909248
358277844712955905
358277597689827328
358277085150068736
358277062093967361
358277017403674624
358276800700772352
358276650108485632
358276373921935360
358275801269022723
358275603943796738
358275110228463616
358256310480941056
358256096856649729
358248944951758848
358247995298418690
358241405455441923
358184255945318401
358178635418988544
358178610093764608
358178565797732352
358169526913232896
358167726621483008
358167067184214016
358166767647981568
358163030158225408
358155489634713600
357930840958828545
357930111305531392
357930042950557697
357922685575114752
357592809169506304
357525611578798082
357525434553995266
357524631315419136
357523972839059456
357523729053528066
357523683566714880
357522762107465728
357521203080466432
357521188333309952
357521154086412288
357521116216041472
357520995382329345
357520736958676992
357520594943754240
357520088716414976
357519390809399297
357495774940106752
357492216727474176
357492079154692096
357491956018323456
357491516089970689
357490803243237376
357489658152099840
357470969431982080
357460746407378944
357457738193833985
357455534309773312
357435512597913600
357430599688003585
357428595595022336
357425308254732288
357425240437440512
357417444543328256
357417243409260544
357416622820446208
357416531400994816
357416387876110337
357416297874731008
357416084397240320
357415957352181760
357415925982982144
357415890666942464
357415832693272576
357415608486752256
357415536163950593
357415436188942336
357414769625542656
357414735483899904
357414699337797632
357414561164832768
357414067905888256
357413748921098240
357213029772967936
357138570819022851
357115699300286464
357112765678235648
357112738197143553
357112720631406592
357111200951177218
357111020751302656
357103758511054850
357103699815972864
357103627896238080
357103164320792576
357102250281287680
357028021493956608
357027552293957632
356719902284988416
356719807460147200
356719677185064960
356719216113618944
356719173650489344
356718768598171649
356718112055377920
356717722974949377
356531660474421248
356448118419623936
356446093569048577
356445488452612096
356443838568595457
356356597620019203
356194278407553024
356192330270777344
356145262856634368
356142208262479872
355623488192659456
355622834007048192
355622320888479744
355622176507965440
355621623505764354
355621459856605184
355621201940463617
355621145866809344
355621090439073793
355621032427655169
355620858829619200
355620510392008704
355620443677401091
355620404607463424
355620344968650753
355620294829940737
355620100205846528
355619836027604993
355292892547383297
355291340688465921
355289361547395072
355287841288364034
354959607006892032
354953739154632705
354953586855247872
354950664977264643
354945306720350209
354945026817654786
354927520904265730
354926013135851520
354866844022222849
354864112540459008
354863892129792000
354863145250078720
354850806400434177
354666668745691136
354602840146194432
354588963501125632
354588776678428672
354587958042562560
354565264785940480
354564912325988353
354564326348161024
354540238141534208
354532443438583809
354349397284372480
354314436493852672
354285683290030080
354254384546328578
354243187864383489
354242597939716097
354207075041161217
354002909920370689
353998291857453058
353991014832291844
353989608939335683
353944071926054912
353939883951271936
353939172496646144
353938482407809024
353916185445810176
353915737007603712
353911352483528704
353770344563212290
353582991160782848
353559193250312193
353558844162588672
353255219703984128
353170702498660356
353139550983434240
353028768648003585
352844856852361216
352747585745858560
352683278584651776
352682386804326400
352678621237886976
352343809612451840
351767056267476992
351708593730490368
351100796311576576
351100299911495680
351100117794820097
351099848025575425
350895567922147329
350636415131975683
350312253997850624
350285249298694145
350281530695880704
350143369722347520
350143337434591233
350142926183075842
350142379283587072
350142326833811457
350142198332932096
350141696106971136
350141351821709312
350140589397913600
350139719688003584
350139576569970688
350139443103019010
350139398513369089
350139346600464384
350138889333248001
350138499577561088
350138076552634368
350137869286903808
350137778476036096
350137252980068352
350137165558198272
350136918287204352
350136536026714114
349908462609764352
349906742781554689
349906193885577216
349906051723837441
349905553365012481
349905359772721152
349903180341067777
349902239550287876
349901899253825539
349893958052233216
349893539229990912
349278700518387712
349248150273400832
349227048339902464
349226985832189952
349226924154953728
349226789387780097
349057873063579649
348916830523506690
348916501304193026
348914979686207488
348906176664174592
348905245008601088
348877494771924992
348877356926111745
348876548859895808
348876498700206081
348876387119144960
348694029602521088
348539866868482049
348198638259933184
348052199668068352
347614008959971328
347274059098251264
347120644976160769
347054007824576512
347053817877102593
347051367778627584
346762704213639168
346761415908028416
346581328784920576
346410487027732480
346403380983386112
346402550951591936
346398452567117824
346271639194959873
346216010287837185
346190360793448448
345974403898671104
345913999520571393
345913398673944576
345825002727288833
345824820543504384
345266940220145664
345266183647399938
344476972933595137
344475752814755840
344103065114251264
343797991544594433
343792882815217666
343792767077580803
343775008507715584
343769904807305216
343769573851545600
343719232917344256
343718501510418433
343717641820712961
343669354380017664
343662120971427840
343651648880664577
343120053560045568
343105292898299904
343104834020454400
343104199837487106
342937793821020160
342681529207631872
342350860715696129
342349934659502080
342007526507827200
341946750854115329
341932411837353984
341888367933390848
341885232598888449
341884874006863872
341871764026048512
341865024677109761
341859309786906624
341625670855688192
341547793363640321
341547714179395584
341546163801034752
341545277473304576
341544955686305792
341544863235452928
341543916669120513
341543830165790722
341543781012742145
341501256675766272
341501116955099136
341501056196415488
341257090234449921
341243408016343040
341182492872679426
341168673005903872
341168124881678336
341159679398920192
341159396329537536
341159235868033024
341158070455525376
341157799755120641
341156123874828289
341145707241152514
341145564307668992
341145242604539904
341145091383103488
341145036567744512
341137529900253184
341136379373305856
341135656971550720
341135372350283776
341135027226148864
341135014269960194
341115504255188992
341115310495113217
341114524830691328
341112997105762304
341112385744015362
340832937207549954
340832223580258304
340504849131118592
340504275539087361
340496882998603779
340476934238638080
340476546039033856
340474575022325761
340350258443849729
340199506513633281
340199118112686080
340198973245628416
340197235004407810
340197101432602624
340197082109444096
340197062509465601
340197030729236480
340196954061541376
340191564045377536
340191157692792832
340190815806705664
340189988845133824
340189897283473408
340189715372326912
340188882677157888
340187540101419008
340187193156976642
340186619707531266
340186437829947392
340186001425190914
340185334707015681
339821428440457216
338737919865012224
338614296479162368
338612960404598784
338612684826243072
338611948600045570
338539679592878080
338401183741906945
338400960709804032
338400708325957632
338387454778294272
338379351991144448
338350513043156992
338349702816878594
338338563949219840
337795417746075648
337565206395899904
337082005248430080
337081841104326657
337081803095552000
337081116408299521
337079759311880193
336778192209715201
336778117207162880
336617597271416833
336563113195368448
336562231401652225
336559072813907968
336468051203616769
336139685434908672
336091984634724352
336081263083532288
336037121146118145
336036430558138368
336036120339042304
336036093550002176
336036037291823104
336034849129381888
336010008028389377
336008005046906880
335851009085677568
335850701009850368
335836546504749056
335834756774236160
335833749830909956
335830907221057536
335797620704432128
335501583259418626
335325209882144768
335324055467069441
335159936512307200
335159523058790400
335150212576342019
335046851252334594
335035158736564224
335031906800381954
335016315788075008
335015850773970944
335015688152416256
335015097443434499
335015040627380225
335015022063390720
335014381026951168
335012689732583426
335010806477492224
335010064123441152
335004313988521987
335000057831112704
334999992848756736
334998566839939072
334996135032782848
334995548891389955
334993968716709889
334993678294724608
334992025202069504
334984552344846336
334983913841754115
334983564770811904
334975845317869568
334706988925734912
334705352522231808
334685361668231168
334654876300746752
334645833972731908
334261059072430080
334259843798024192
334245911662309377
333949211789897728
333948926413635584
333948525467557890
333915129517322241
333914177846509568
333911006495522816
333898393313218561
333896295532072960
333895512057069568
333894746424606721
333894108613603328
333891560183832576
333891256134533120
333891098218987520
333890105301430272
333889241446768641
333887906966036480
333887013407297536
333886509654614017
333886477224263680
333886333938438144
333884610444406785
333884579150696448
333884509634310144
333884385524858880
333884190946910208
333687707433836545
333682321532268546
333659746546626563
333659276801368065
333483969335148544
333198824426307585
332940028810498048
332939886908821505
332938447918616577
332937726527680513
332507895730159616
332484001015136257
332454680896618497
332454182839787520
332453772880117760
332448231579590656
332445991498293248
332445710274416641
332236438374584321
332221369569906688
332220556319531008
332220525487194112
332220499469942785
332220485628723200
332220398131351552
332080869848268800
332054432370003968
331890479501303808
331889882647642112
331885840005472257
331884913559216128
331884875726585856
331881733555355648
331852178446745601
331851994438459393
331851465972924417
331849647691804673
331846658319060993
331846087889526784
331845893173170177
331845184826515457
331336368963862528
331331270472777729
331329968925708288
331322927112933376
331322331597250560
331179703966765057
331137909744861184
331128925952557056
331033448926027777
331033357842518017
331033065088507904
331030868711854081
331029905720631298
331021018728636417
331016440587096064
331016346215256064
331015279549235200
331013875535331329
331013183345147905
331012316227325953
330959476117094401
330714782619545601
330682372683091970
330679481159274496
330679152552329217
330678545024159744
330677341544120320
330677021929779201
330670491851431937
330669311549116417
330646011292811266
330641130372866049
330621558857027584
330365687770005504
330363214837710850
330360853390032896
330359074099175424
330355620224061440
330343011991044096
330342145133260800
330332346446405632
330330541259886594
330329813632028672
330329344318783488
330328741660205056
330328458192355330
330326904013983744
330326410839343104
330326262260318210
330325952368353282
330325825545183233
330325448426942464
330305712024612864
330298805410992129
330259530481029120
330217504272175104
330209835461255168
330206013540151296
330089446475182082
330089085488230400
330088036492775426
330086253376720897
330082266577502209
330079015526346752
330078679558414336
330077870292615168
330077134657843200
330076645459374083
330076366538149889
330076168294391809
330075485310701569
330074760312676353
330070987238408195
330070905122336769
330070863925882883
330070543858536451
330070158544613376
330069655421075456
330069103756836866
330068839410843652
330068792241696772
330068589962985473
330068542789648386
330068330037788673
330067471191117825
330066915517140992
330066757685493760
330066704531066880
330066568232968195
330066452902182912
330066306743275520
330066271347556353
330065638129295360
330064200963588096
330031024157384705
330029990714417152
330029904542441473
330028494417436672
330028489526874112
330005232111218690
330005067602206720
330004740463288320
330004196956962817
330003055443591168
330002099477819392
330000586181328897
330000484561715201
329999558325178368
329999022897119233
329976898635563008
329976818448875520
329976379741446150
329975052831432704
329965126612549634
329965090252128257
329964781949820930
329964499924815872
329963657150738432
329963558387453953
329963520630341632
329962902025011200
329962877777752065
329962830671511553
329962805463748609
329961750675996674
329961715250905089
329961038961328128
329960111420366848
329959181060800512
329942512359841792
329942408303349762
329935953361776641
329899788025856002
329899322252607490
329899150244208640
329898977795391488
329880592588099585
329880541350469632
329868449176248320
329865517676503040
329856520651173888
329856260583354368
329503185037307905
329492350789382144
329491228158738433
329491195673853952
329491116279873536
329491047782678529
329490982712262658
329490904752726016
329478094895316993
329293923535163392
329279859891240962
329277739775447040
329271485569048578
328822166500020224
328613102021120000
328611921202933762
328544171268911105
328502090861260801
328475906987397120
328475530355683328
328474706317570048
328444227270889472
328426269488345088
328426133840347138
328426102257229824
328425443067830272
328425412881432576
328421166777774080
328420313647960064
328415054263361536
328278960020525056
328213518836965376
328212195148173312
328169411817123841
328169298776440832
328168750039834625
328167955328290817
328164917096091648
328164236410888192
328164031162642432
327863524472799232
327167295833124864
327128474915581952
326801106917273600
326639153636835328
326397613580615681
326258706306187265
326076694723190785
326075877689544706
326074360978866176
326065718229610496
326065287612993537
325908756544233473
325906111238639616
325895386701111297
325892568938332160
325892217426284545
325890500622168064
325886522312232961
325886242329866240
325884867718025216
325884645117947904
325884531750076416
325884271996850177
325884146088022016
325883642037534720
325883556779929600
325883410461622273
325883266869637120
325873385139744768
325872884415361024
325341225437773824
325341184891432963
325174389727444992
324961693451046913
324947792776806400
324942163672698881
324930551221981184
324873086145024000
324815690206945281
324815530127151105
324624270380658689
324271026659790849
324268662116712448
324087990911643648
324074158889771008
323919467883155456
323893174944804866
323888439365881857
323887573976088577
323876311800111107
323823091719491585
323757356754296832
323534709172879360
323436679065124864
323430012206329856
323408027438968832
323370570844622848
323370075191128064
323369722253021185
323368016253444096
323367928969969664
323366980822392833
323362655249244160
323357975244857344
323173004437757952
323163446696890368
322979612588126208
322969859522715648
322966145495887872
322676960251768832
322675921880485888
322672497411624961
322672171816202240
322671607103504384
322481548387557376
322285561937272833
322249197178990592
322097799405654017
322087076898160641
322034418141253632
321953975240884224
321649775118266368
321649481110130689
321581011928498176
321569310344613888
321218026508791808
320817298493554688
320641467779534850
320546214263271424
320545909182177281
320545552502779904
320545030706184192
320510651451707394
320498363017596928
320425368144187392
320422695630168064
320242976666316802
320242436695797761
320242214796161025
320241554629488640
320240620490866688
320238924083650562
320181068143661058
320180450842791937
320180383289339904
320179212734582786
320179103946903553
320178797326528512
320151406180978688
320074722333315073
320074598018342912
319908696232701952
319897655650177025
319897201578999809
319896718793646081
319896485686820864
319895809606963200
319884443919716352
319882604994236416
319882552980668416
319882466053746688
319879324952051712
319879015219474432
319878808201216000
319878637098774528
319877336621256704
319875681381130240
319561751890907136
319438647373987840
319389552672382976
319367374648266753
319358276322066433
319357041992929280
319356696369721344
319356380752515072
319355969173876736
319355740093566976
319216802263617536
319215046641205248
319209656926994433
319202230123261953
319105228735672320
319064883524145152
319040880952635392
319039684200239104
318825410584530944
318817146438287360
318815332070481920
318733501786640385
318724153807081473
318628411767672833
318625802356940800
318503840045494273
318503634163859457
318502205911072768
318494760660774912
318492995764752386
318487831574093824
318402629317300224
318330422473945088
318309123911450626
318305142195765249
318292145494704130
318288572325171200
318287447366717441
318282241803436034
318281950769070080
318278380090961921
318270767546634240
318266789140234240
318265386707582976
318260963184893956
318104235046752258
318101969141129217
318101771023179776
318101663204401152
318101024097325056
318099029949050880
318096610150207489
318023145007230976
318021904810246147
318021743577018368
318021303338684416
318020932448960512
318018126618959873
318017708094525442
318017031536517120
318016343926517760
318016252041908224
318016175177101314
317916672872828929
317595428914872320
317403054104248320
317402548036321281
317402288736059392
317402053016182785
317311804940374016
317308420829102084
317259149043965952
317235204450291713
317234636898045952
317234583739445249
317232530992529409
317232469231415296
317170648512339968
317169028638584832
316916103685226498
316805075655856128
316531269238407168
316523473545621504
316203167287230465
316201647078510592
316200023006261249
316197779917651968
315921076938997760
315795855137460225
315783306216091648
315756436456099840
315605839878709248
315604981547941888
315604173636915200
315530929919639552
315153739277299713
314855957672902658
314840760962924546
314766582876368896
314755321866358784
314731299908767745
314715037392584705
314714506565668864
314708281421615104
314706636897910784
314706573912076288
314706523018379264
314706046805487619
314705872444088320
314704985050972161
314704292797902848
314702825596801025
314690845133656064
314690434590994433
314690413099356160
314690333172695041
314689778631208960
314656616538574849
314521564307664896
314473063020367873
314429580062621696
314399651832942593
314361937238573057
314355261643051009
314354917458448384
314354486086877184
314354383859105794
314353568335405057
314353138767392769
314353011965181954
314352454844178435
314352383704571905
314351140248641536
314349732136878080
314343613712711680
314335521411317761
314335479212421120
314327594864627712
314327142513115136
314324026866688000
314322000548073472
314319774983282688
314298702820950016
314298510679879680
314298402261307392
314298163940950016
314297909514489857
314297373549543424
314296777933217792
314296516594520065
314296123751800832
314295838232944640
314295762815164416
314295423596630016
314295230121783296
314295188078096384
314295141756178433
314295117110464512
314294549575000064
314293800119967744
314293295213854720
314293246471860224
314292988618620928
314292820955496450
314292564209577984
314292508815413249
314292264501391360
314290514214150144
314119140770213888
314118111366348800
314104133269458946
314083317169397760
314079209905610752
314078901267734528
314078513416257536
314047690281455616
313996598554267648
313995161048846336
313962328272019456
313960136794312704
313959370360766464
313698238081421312
313692435144380416
313675604610383873
313654728254951424
313641391379070976
313623470175027201
313623275626450944
313615180959465472
313614025697140736
313612691233181698
313609396808724480
313608973934788609
313608896306610176
313607410851913729
313605672073826304
313571691915792385
313344132800212993
313342960995553281
313216330612486145
313010533794205696
312983292880252929
312682870802096129
312553614877028352
312553548246294529
312553475949084672
312553432089251841
312552439477858304
312544009665007616
312495305847369730
312251834532245505
312251734531649536
312247211427786753
312240671794794497
312235230650064896
312235191680770050
312227240689668097
312188536013078529
312180412149551104
312179058987372544
312166768502247424
311565386363576322
311564773433147393
311559277666000896
311557383920967682
311556994333028352
311554743778541569
311553727720988672
311553493460721664
311500013979181056
311499045753458691
311498956913917952
311498554550149121
311463937629646848
311445049298780161
311441869445926912
311420954104451072
311418886740389889
311410195282673664
311409746278248448
311408491690606592
311406598763470848
311402735385845760
311402512278245377
311396910932041728
311395865019441153
311394835598827520
311390431801921537
311389471788658688
311389440629145601
311389002022412288
311388073298632704
311385517692440578
311382308542361600
311377313696718848
311376233596325888
311375009526448129
311087817142968320
310844755418427392
310843813650374656
310836425350316033
310836239202922496
310835608920666112
310835110503141376
310833282910679040
310831788006203392
310829569479426049
310823081318969344
310822455952433153
310818837392138240
310818759625560064
310818651446075392
310817949571239937
310813456796368896
310811904320872448
310811815451979777
310798305410039810
310753625045602305
310740472605855744
310739066587066368
310737917230329857
310735328380071937
310721389093085184
310717773426876417
310717699162513408
310714133467262976
310713981742497792
310713872963235840
310711980287746048
310708463720337408
310707721555021824
310705518350053376
310705329816080384
310704905549660160
310704428468551680
310703020621049858
310702893860798464
310702301700571137
310701640887975936
310698509743570944
310698394605744129
310696367397928961
310695171215990784
310693831135862784
310684414482997248
310682459148804096
310679928272195586
310662479397142528
310487077827538944
310479444521402368
310471711772532736
310469935707082752
310463805807267841
310348477039247360
310317634312880128
310078307242745856
310066018032705537
310065636728512512
310048572903129088
310048440673513472
310043051571687424
310037699614609408
310037563874357249
310037420731150336
310037229248581633
310037088634544128
310002407549583360
309968670241726464
309935377135828993
309934717266976769
309763266006110208
309755299336687617
309753277468274690
309727111827030016
309717079676813312
309716909442617344
309716405912207360
309716160595759105
309715298976665600
309715078448545792
309661330212790273
309648648852094977
309620341611835392
309616219969945600
309572987798028288
309315262690258944
309315213910474752
309314143930945536
309313075725598722
309312766768975872
309312344801021952
309312316808249344
309311638916448257
309311541465972736
309310838815211520
309310685890879490
309310286794469376
309310086772305921
309309710195109889
309309648417210369
309309584047230976
309309500979032064
309309170430124033
309309135990685696
309309074456068096
309308758469787648
309308487538708480
309308422615089152
309308083849535488
309307784904724480
309307436739739649
309306668162899968
309299229585727489
309291965697122304
309285526937141249
309219173496668160
308964761851269120
308961981346496513
308959533710057472
308958992300924929
308864923008655360
308672694478569472
308669366986223616
308668289381433345
308580509594841088
308358121938632707
308325868349050880
308309746883125248
308308651276386305
308307533288849408
308306811348459520
308303215097675776
308294014698921984
308291009677242368
308290687483392003
308290026003894272
308286502373302272
308260441417723904
308259405303001088
308257979826860032
308256663331274753
308226830874312704
308223824992813057
308164160452165632
308157125979410432
308156436968517633
308155980376576000
308155590042066946
308149106314997760
308135374524411905
308134667024994304
308129503991971842
307962992635572224
307958617578029056
307958526863626240
307957397819883520
307956457142362113
307955877019799553
307954733178576897
307953894741389312
307953870401835009
307953829389942785
307953320826400768
307953103913746432
307953033977946113
307952844890320896
307952753131548672
307952104813760512
307952004867686400
307951751003246592
307951505489670144
307950253829660672
307947979019522048
307898586102894594
307879283416780800
307877861002457089
307815164261040128
307802193799565312
307780492818800640
307779302462738433
307417761297088513
307413576744833024
307393845031743488
307393028149100544
307391737784057856
307388590348972032
307292595376230400
307289023309828097
307286828820602881
307253142012186625
307251302327529472
307251152884477952
307248876132372480
307240459510620160
307198279874117633
307196647136432128
307196192016707585
307193938798854144
307192283604844544
307171306372227073
307159029317267456
307154368170426368
307148703234412544
307107927490166784
307107298680119296
307106735020191744
307104020244340736
307096334576529408
307037716468604929
307029804073512960
307029261926162432
306894493121138688
306878457806217218
306870995543785472
306861502655254528
306856847762128896
306821308996542464
306821049918570497
306820129222696961
306757808202854400
306757229426663424
306745677432619009
306745312427515904
306743048761651200
306742454357487616
306742386917265409
306741899551719424
306732134691917824
306715129171546113
306714554006663168
306696219714007040
306445923943342080
306436638802845696
306148588646461440
305969382071365632
305808181383270401
305797267233853440
305796837284147200
305792225248428032
305790796748173314
305789734528114690
305788201765859328
305787807903936513
305787466399498242
305786812708818946
305785727801765889
305782653246906370
305782082033041410
305781758639624192
305781111781474305
305780808885628928
305776913597730816
305776894266208256
305776871717621760
305776219700477953
305774976718491648
305766817824129024
305765587601203200
305762587189067777
305762439247577088
305759961651216386
305758818304942082
305757788964020224
305750780382699521
305704692216909824
305699917010186240
305698736573652992
305697831556112384
305697422145896448
305695504627556352
305694682954993665
305694184722018306
305693717346525186
305691871823425536
305684639362740224
305683873193394178
305658307169902592
305657878100983810
305657574202691585
305655767657238528
305655627546517504
305655374080516098
305652926305693696
305640041227624448
305634848985448450
305631175941169152
305622330971918336
305620398727376898
305618873611341826
305618465065152514
305617415058911232
305612341733634048
305612288155602944
305606588255854592
305602814594383872
305602769501421568
305598517613826048
305597873515540480
305597860823588864
305404221589700608
305403673230602240
305403558180814848
305403337900163072
305265385471635456
305086089121640448
305081806020030464
305079925197635585
305076462753562624
304870677004029952
304639952883445761
304638684215517184
304635878351982593
304635551695380480
304633916856336384
304632690081144832
304629035214974978
304619739592929281
304617417181642753
304603926370594818
304603121760473088
304598095386247170
304595825697374208
304568550046183424
304567139917000704
304565612078825472
304565423922364416
304382410869596160
304265625050681344
304255157519142912
304253533732106242
304166507276034049
304139781812666368
303989767312404480
303980923681132546
303980101543010308
303979545890017280
303978876437135360
303978820300570625
303978652901724160
303977947692417026
303972974397100032
303970774799228928
303968364785713153
303966872309743616
303965050169872385
303964953575047168
303963804461563904
303961765975306240
303960969305018368
303928700360073217
303896555172278273
303884354478825472
303883158250717185
303882930688778240
303882877282709505
303882724136075264
303882667399720960
303812397431398400
303602650426007552
303602528354979840
303601204783611904
303601147044847617
303599980613083140
303595561091739648
303593834758152192
303554181925597184
303489646636187649
303486818865795072
303476991003348992
303475568240885760
303474496264867842
303474044873879552
303463500527833088
303462090566410240
303461824030986240
303461613422399488
303460545221230592
303460340132347904
303460024766824448
303459625695600640
303459590853496832
303459469801713666
303458948898516993
303458871089975296
303458843642458112
303458578306584576
303458470294872064
303458429131960320
303458339092832257
303458272575365120
303456076471345153
303455680168337408
303455467986898944
303455335342018563
303454884697604096
303454762953736193
303454541888757760
303454215525781504
303451906909544448
303451833668612096
303436800268070913
303396082006773760
303173046204784640
303172823868915712
303167175903035392
303156625974362112
303148375233142784
303148232622604289
303148069971701760
303148027646988290
303133895413612544
303133509864783872
303094556746973186
303089857402662912
303088999315148800
303088379984240640
303088326133547008
303088268071825408
303087872192417792
303087558215208960
303086401598156801
302848886878375936
302848025225732098
302842308020293632
302840705464819712
302758773448142848
302753268549951489
302753054195855360
302745309702914051
302744061637427200
302740627601367041
302737958790897665
302736274534580225
302736156389425152
302735798942457856
302735722559963137
302735387594469376
302735322020720640
302735304270430209
302735198783696896
302734890703671296
302734829303246848
302734794578591744
302734439245553664
302732642439270400
302732571987542016
302732054737588224
302732025524264960
302731997942530048
302731954741194752
302731646480826369
302731617552695296
302731560069787650
302731298865307649
302730974167453696
302730346020093953
302730242978631680
302730205078884353
302728740553760768
302728228676718592
302723309274017792
302721886234767360
302721739853553664
302721668407758848
302721621939085312
302707301675065345
302706723611897856
302706552400379905
302705885870948352
302705678173224960
302705586498334720
302705505707622400
302705251474100225
302702060737003520
302700546899468288
302698111615254528
302570451090169857
302562947283156992
302562793431908353
302561156709629953
302559570704887809
302557625818689536
302484621042544641
302395732432916480
302395563016585216
302225834205388800
302225186466430976
302223221086900224
302221906206150658
302221056666640384
302220077439270915
302219699406643200
302219487535583232
302218919878488064
302217097675677697
302216474234339328
302214228780126208
302212505453871105
302161542248529920
302153615018180608
302148415918333952
302147862349901824
301799581853818881
301792605279244290
301792580792881152
301792529693700097
301792510404096000
301792483954798594
301792461863399424
301594550764453888
301452350516768769
301442878742339586
301442777634455553
301440986138173440
301440379331440640
301432514885591040
301431958485999618
301422396194304000
301398511432388608
300755909213290496
300579854401826817
300565689649991681
300564545682960385
300561263975604226
300555747727642625
300551785762942976
300550967944949761
300550693356445697
300370581369544705
300370459181068288
300369657729282050
300369403319578624
300368571790413824
300368374578438144
300367650071121920
300366717983551489
300365223989231616
300364286172209152
300363302998003713
300363226611339264
300360771727147008
300310164114923521
300232824794009600
300179631892467713
299946749680816128
299946049425002496
299602412962979842
299601861449756672
299547435330584576
299547318993182720
299546264272519168
299508390755979265
299466566842585089
299466189413953536
299465569781035008
299441236144689152
299440849190809600
299439648252522496
299439545492058114
299439128284626944
299287658918715393
299286556894703616
299283211928883200
299282650420625408
299282489996886016
299281853934874626
299281556583903232
299281518981943296
299281426921181184
299281172154961922
299280737134329857
299280369801371649
299278804348727296
299273868424658947
299273236456292352
299271958913249284
299271250335895552
299270622817697792
299267108427141121
299266117124374529
299265663573299200
299264953179836417
299142512147329024
299142009736802304
299137155542966272
299137124169555968
299136266430185474
298921595035078656
298873192565575680
298820752851996673
298715029530886144
298713653904023552
298561778474954752
298434313433784320
298381256691957760
298380316081545216
298377213714239488
298376448505442304
298373866789670913
298373477117857792
298372562528919553
298210711690166272
298209118378942464
298201206193528833
298200575940640768
298197602258784256
298197548760449024
298197450689232897
298197347102519296
298197258418139136
298196893480132608
298196804594438144
298195856228765696
298195405525618689
298193826881888256
298118874182844416
298114593681719297
298079741724987392
298078813336764419
297994046624915456
297992277807226880
297991553337683968
297990075277533185
297989634753957889
297987228578246657
297669649779261440
297659481297403904
297327379037188098
297133407354368000
297122825284763648
297121506226479104
297121340257861632
297119973749444608
297045033717202944
296780824517419009
296686724153749504
296643775877509121
296357470564143105
296357401710452737
296351811164590080
296263508780253186
296263240994922496
296262860630286337
296243821853958144
296241239127359488
296204282292748290
296202248629911552
296201740464840705
296198619302862848
296198425823830016
296198372921077760
296194047746379776
296176772179955712
296019401730297856
295911348141948928
295683999618183169
295640794528899074
295635974241796096
295543115962515457
295543000828870656
295542888836767744
295542828803702786
295492581192785920
295486791916601344
295483757400559616
295472437452234752
295472118739644416
295470840475160576
295470398936588288
295469116125499393
295467707665633280
295465491517014018
295266337889079297
295225703107014656
295223685277691904
294832232156250112
294832107933552642
294831313599492096
294830467008573440
294829194544807936
294829154619228161
294827098433011712
294826769213685760
294826021457375232
294825768574386178
294825707077509120
294825642346807298
294825612613410817
294825126170591232
294824955235938304
294824914404392961
294824649701875712
294823547925323776
294823358229516292
294815366109073408
294713027444498432
294578499736436736
294577779570262017
294576929850417153
294576660957765632
294576484922839041
294560479504912385
294560394918387712
294560181541560321
294559897847209987
294532083915845632
294436240894349314
294006008685154304
293976717322747904
293092343609978880
293089856014409728
293081907686670337
293021758385176577
293020153749315584
293017448427438080
293011812625047552
292966321711349760
292925018214633473
292924897028628481
292904310558318593
292903933863665665
292771283643535360
292770105908142080
292769765372612609
292764533351657472
292760645391224832
292760190170853377
292759870652944384
292759008052383744
292758962842001409
292758136748654592
292741776916242432
292699273882112000
292646991085834240
292632697044602881
292605792773869568
292583164491206656
292582199847440385
292320882561544192
292320080400896000
292319967536377856
292319071620456448
292200619396194305
292197950057222144
292181508813381633
292177598396649472
292038085515046912
292033229492465664
292024465653657601
292022043183050752
292021525014540288
292019640543084545
292013729502097410
292013358662701057
292013273816104960
292013199031664640
292011951796654081
292007221179580417
292006734598397952
291998063726313473
291990654295363586
291990346592841729
291989024388820992
291986083451916288
291983253563404288
291942985095057408
291929321080238081
291928903545667585
291927455655133185
291922600005890052
291921411247849475
291918391185379328
291917958815559681
291917714774167552
291917334778630146
291916875837870080
291916382080208897
291916248164491264
291912802334040064
291906446403178497
291905628316774402
291905061125238784
291904209765429248
291901513243168768
291896029664661504
291895531142262784
291878568147943424
291878548770287617
291878393367126016
291594604057329664
291570882927788032
291554760107122689
291488506008698880
291471127832850432
291444214812778496
291443327474204672
291443240866041857
291443166857535488
291442568477155330
291442412314849280
291442324502880256
291442091828072448
291442025235091456
291441189457121280
291439677884473345
291335024534515712
291334948630183936
291334136776499200
291333419164651522
291329550997135360
291327184486952960
291286481430007808
291220514679164928
291204630308864001
291202177060462592
291201126777380865
291200670021844992
291200471958437889
291199300464148481
291198769205231616
291197621412966400
290939614779297793
290904260705656834
290878921417846784
290780597243215873
290555676692987904
290555548833837056
290524342977187840
290524202937774080
290439060881825793
290417634086883328
290417171744555009
290417077158809600
290417037174521856
290412792136232961
290412686792069120
290411987551277056
290411900695617536
290411142126374915
290410978972139520
290409224473808896
290409197294731264
290403113343520768
290402955490893826
290402776599625728
290402267545337858
290402060497735680
290401217945944064
290400940794712065
290400915914117120
290400820997009408
290392825424646144
290388858149933056
290387780410957824
290383724393160704
290205316526776320
290176734945484801
290170846759251970
290167679812239360
290084498941566977
290029402446770176
290028334878949377
290024755489284096
289868017658109952
289866169605828608
289791784433885184
289788339861737472
289524299889532929
289523202940608512
289520115958038528
289518732538155008
289517496770387968
289513496771690498
289512799732899841
289512423055040512
289512227227172864
289510754422513665
289509496794017793
289505324484939777
289498077771988992
289449047712989186
289369796930330624
289145682210721792
289105187497459713
289071232442327040
289070581410840576
289070374057021440
288983866709012480
288793327007055872
288770602469310464
288768628126543872
288742978422464512
288710552681844736
288710507089756160
288706345102868480
288703638266863616
288703144534347776
288701737072750593
288691767497330689
288675885224165376
288675494436687873
288673282906009601
288648306010251264
288647759458865155
288612114690605056
288428537512337410
288425593157058560
288423438274686976
288422133560901632
288405684842811392
288401926490583040
288381832309899264
288381067881238528
288380996741627904
288379539959189504
288378903125430272
288377847201026048
288377704359804928
288377163701440512
288373628272275457
288373509476986881
288372769966669825
288372553314103296
288371989444427777
288371662720753664
288371615933288448
288297503915393026
288297107192958976
288277264259485698
288264182737031168
288230448830742528
288226953306202112
288220007744303104
288219575865188353
288218204705288192
288208652400226304
288207770820440064
288206331977019393
288204562391789568
288203634402013184
288203503145480192
288203280549548032
288203108511789056
288202836855103488
288201876263026688
288201076035952640
288200112117788672
288198495855329280
288022167600373760
288021495043739648
288021257893584897
288021073721704449
288018640291364864
288018156029616129
288017704361807872
288016438608941057
288015952937902080
288015122457325568
288010593414311936
287958623626342400
287923297939771392
287910777871024129
287910403688767489
287902544783630336
287885828003356672
287884023462776832
287875403471810561
287869999421476865
287869549704015872
287860388496809984
287860131243388929
287687312542949376
287687099929489408
287685921304895489
287684616477896704
287683512671293440
287682746103525376
287682520475111426
287681910988238848
287681320899981313
287680397507186688
287679736510021632
287679736463908867
287679198749941761
287678791214575618
287678113297620992
287677847361949697
287677029502042112
287675943378636800
287673602051014656
287668450632015872
287548875412213760
287534506599124992
287487031725154306
287284107749240832
287254118278520832
287237292354072576
287234928880537600
287233886289793025
287205927772356608
287200760813477888
287187968358219776
287179675124518912
287173019837816832
287170819627560960
287170455339663361
287169287234416640
287167903692902400
287167506521677824
287149151291056128
287142336260079616
287141923871916032
287141532761460737
287139531377999872
287138292393193472
287138139531788289
287138104857460736
287138071730864129
287137945457135618
287137926008164352
287137819800006656
287137253216620544
287135812729061376
287133675420790784
286943004940439553
286941080337907714
286940599154794497
286889252019646465
286888931864219649
286887495554187265
286887420748763137
286887396774137856
286887378629582850
286887044481957888
286885961864970241
286851596229414913
286842452202098688
286158920844705792
286069365999280129
285910010918211585
285817567476580352
285048645886283776
285019067151175682
284678357688397824
284411715045687296
284411370039021568
284072333356965888
284059253180870657
283574857545957377
283304207551967233
283159089301815296
282962938556469249
282961192698384384
282261150563966976
282168576360726529
282168129830928385
282084689680924672
282084015400439808
282080923103678464
282080443334008833
282079896275140608
282078881740099584
282078439522066432
282077885282529281
282048180495990785
282048118797766656
282041346229940224
281833894993604608
281754992099065857
281753375475904512
281753348745601024
281743306705211393
281742366480666624
281742189250359296
281693959082893313
281679240984924160
281555804853776384
281326454812332032
281003976655265793
281003884728692736
280999783311740929
280959064236765184
280748009912926209
280746226553593857
280742583234342914
280742129129631744
280737619971829761
280645805541556225
280644811344736257
280397632910798848
280257523217473536
280039126445719552
279864861876420609
278836718688415744
278835655105183744
278810468246757377
278751081557807104
278608780286119936
278514448057126913
278092787914780672
277428848071680001
277428009894567936
277427630595256321
277423972667252738
277422714149556224
277422598084759554
277361600309100544
277361270280294400
277360813214416896
277360490903109632
277359787136651264
277354998256517121
277177530715348994
277006500382257153
276948520819372032
276947623305412608
276836980795523072
276792211897716737
276791330267619328
276790689235349504
276790208064806912
276789145437863936
276788525238722560
276787752991858689
276786974378053633
276783926436036608
276782857551220737
276781453730250752
276779293105876993
276779231206338561
276778994739859457
276772367865376768
276762507312517120
276762484663283712
276758970356600832
276715291717824513
276714669090164736
276609069618454528
276598346469240835
276598304261931008
276598117317611520
276595445386584064
276595066926153729
276593529055215616
276487169927950336
276475274474971136
276474121741811712
276472771536642048
276463559859388416
276458813769543681
276391988469829632
276350731878006784
276298471533858816
276298383034040320
276229750714925057
276060015461273602
276059168413216768
275960303194345472
275959843532181504
275959597158768641
275937409626152961
275936021428961280
275929248206815232
275884153893949440
275883899056427008
275720682418106369
275675917236441088
275675614760030210
275674686275346432
275674021104861184
275587331854057472
275587148961415168
275576012174139394
275532595062792193
275346938184990720
275344063174152193
275339868924694528
275339003753005056
275287140504580096
275276762794049537
275233697282809856
275208395215224832
275208171528798209
275202676562739201
275177729517842434
275161665199296512
275161058258321408
274934179408531457
274902916266090496
274901581248471041
274899637276647426
274798050789187585
274318107936428032
274287624640942080
274239670404145152
274236840763068416
274228335842824194
274194247350108160
274176343057498112
274175625621811200
274160438529363968
274101533883367426
274068598094442496
274068352471818240
274061779104043008
273905376238391297
273848992150994944
273777431834411009
273732198656536576
273703382525550593
273700832275472384
273689367028039680
273544966389760000
273543864298651648
273329131142385664
273093008101093376
272806795809013762
271943017802391552
271897611789799424
271540094014468096
271299381225992193
271299126463954944
271299032482205696
271298997258420224
271298913590464512
271254424956059648
271203492570492928
270927174163365889
270892679079010304
270858519476064256
270853461535518720
270825849450799104
270602968817086464
270599680340135936
270497548807061504
270478963544055808
270272755746873347
269777701970264067
269777479634415616
269541023464710144
269537228173230081
269535593824927744
269534541448871936
269449805598695424
269432750291947520
269152134140928001
269128742360723456
269107032471261184
269086563084951552
269037059115737089
269036392657584129
269036390954704896
269022666701295616
269022650217676800
268996966376148992
268985491137892353
268849656639934464
268849242188161024
268848755174932480
268844170532233216
268844106942398465
268843055061282817
268840043395833856
268839314073473024
268835951827103744
268790769521922048
268789180816035840
268763158854909952
268762455654690816
268762018889207808
268692718505558016
268652700571422721
268475763760697345
268436829798281216
268436267715399680
268435543820496896
268425816478736384
268386599870554112
268255510090899456
268059118605053952
267919010157457408
267748500085809152
267747696360697856
267747060558745601
267746959748657153
267745696755617792
267745345684000768
267723153885761536
267723118120951811
267723103377948672
267563295928639488
267412119568400385
267355571135590400
267355084168511488
267354040332062721
267295312283049985
267294779619028992
267294415419215872
267293621999521793
267292160502661122
267291822508883969
267291778305122304
267278992288124928
267276752160698368
267276718786625536
267276538041483265
267275958388682752
267264021089120256
267261627991199745
267258409110339584
267221327704899585
267219397708488704
267202289343811584
267201347043065856
267201206877839360
267201031694340096
267199596613214208
266879937120722944
266872808573906944
266564448699940864
266109653774131200
266101079605927938
266069623005405184
266064680345300992
266063878536962048
265989312032694274
265980260372336640
265953837255368704
265953458270642176
265952630247936002
265951980999045122
265951410812747777
265950113338380289
265939871049342976
265939328046346240
265917002697297921
265879424254222337
265870372723892224
265870181614620673
265783032265461760
265779993769017344
265779480839221248
265728432053293057
265611911310241792
265528856432218112
