398174329021530112
397846489005060096
397808801148973056
397805258350395392
397804996021858304
397803802939510784
397802488922787840
397630728168415233
397621095940911104
397503180595920896
397502366850613249
397500675631755264
397433786050150400
397379749938352128
397374744598556673
397374415475707905
397373242987794432
397366199907934208
397365923603955712
397365562927349760
397364750759104512
397040349148741632
397040109855318017
397039688768167936
397008194033049600
397007749352939521
396719664689999872
396719092872511489
396693095040819200
396692129650454528
396691875207593984
396360638936539136
396360089348501504
396331839905746946
396331637622833152
396050734354944000
396050409900343296
395575957731676161
395545970613968897
395545606913273856
395477603110629376
395473651912671232
395274211242954752
395268386629758976
395188738336116736
394908858826489856
394908595059302400
394906824349974528
394904911726780416
394904816280809472
394786639681052672
394522146765942786
394391444128948224
394029101352108034
394028320624750592
394028049593040896
393445989949792256
393445744884985856
393445620737798144
393087469362479104
393083103163330562
393076101137702912
393075734547152896
392733367713947648
392716772001865728
392713874949935104
392713758386057216
392414396406071296
392414021980536832
392238566254067713
392021762902589440
391322522534154241
391252445315469312
391251922138562560
391162429914107904
391161467346505728
390906365641646080
390903856399269889
390878106552004608
390795212756250624
390603021987876864
390504010840813568
390500433380540416
390250033460686848
390187508048220161
390183660546056192
390078875171946497
390076069887221760
390071164435189760
390071028497408000
390068201893003264
390067403482071040
389898111327277056
389897193135820800
389896894886866946
389825092730892288
389822318811181056
389818249803620352
389818075136016384
389817815038832640
389817709455634432
389774009199386625
389711098716647424
389710528840757249
389710175961362432
389511853954441216
389289800764641280
388451837772566528
388445486006681600
388367869362204672
388364241536704512
388351910324883456
388349946904457216
388327132998291456
388299606397689856
388289847124717569
388285498432552961
388283839279136768
388282148920123393
388273887529558016
388010732064751616
387993573703970816
387979613730643968
387975565522636800
387974820920442882
387891712665726976
387705607060340736
387704909086216193
387649260226756608
387648803207016449
387647963876442112
387645884583788544
387643146445660160
387517234915983360
387289171351457793
387258507017203713
387236716609667074
387235888645681152
386895680176152576
386785907635789824
386612441968549889
386404151426838528
386403974754340864
386403415670403072
386403178503487488
386355502474481664
386248868351864832
386184215945281536
386168681426071552
386168304110694400
386166963510456320
386162580974493696
386161598471340033
385831116147417088
385809412855562240
385800637880860673
385781009284730880
385770744627482624
385767230199193600
385735242591371264
385734971006009344
385734239028645889
385732768161751040
385472548214812673
385360172828217344
385358713785044992
385342183055699969
385303223747088384
385302241147514880
385284753915527169
385284276167520256
385114594236051456
385114364962824193
385114247631360000
385114042378899456
385113860736159744
385113408544075776
385113099671334912
385112829193224192
385112326099058689
385111091379834880
385110952686809088
385106638262120449
385077808466100226
385077281980284928
385076570768932864
385041182163607553
385040143616208897
384994480518348800
384794153491496960
384772031398420480
384771824870907905
384771133427298305
384770812869230592
384740456833097728
384734796699561984
384733918261301248
384700819670437888
384552675158675456
384229417649573888
384008860714811393
384008708956512257
384008201902903296
384007792324915200
384000722573873152
383559060420694016
383555475326791680
383491987086643200
383299613941170177
383299405622689792
383299054211325952
383297395519275009
383296056357711873
383295895409684480
383294622883008512
383293926108446720
383277721645621249
383277237803298817
383276336589975553
383270174435991552
383269072533598209
383238189156024320
383237272130170881
383116382751432704
383114804028006400
382962478617198593
382875181770747904
382861617873952769
382853265534107648
382703411222700032
382650773743874050
382518878493888512
382484346461904899
382478392655745024
382443694835523584
382442066686382080
382418045580226560
382239287779270656
382236973047750657
382228501975564288
382227809433059328
381691933493452800
381686221233090560
381684007810760704
381683867079282689
381362510500495360
381350477738156033
381348783407116288
381306883111272449
381180728488112128
381180317416951808
381042556978470912
380952016740052992
380951896392884224
380950385097060352
380936852242325504
380936265337561088
380808211395121152
380807983245959170
380807789301362688
380807560338485248
380807321447702528
380807106825158657
380806706453680128
380773398147649536
380762010633248768
380761685532753921
380761480599068673
380760956369764352
380760832851718144
380756539134332928
380708382694309888
380707962823524353
380664398500462592
380407596760313856
380403541833052160
380403235237818369
380398924147593216
380394257774690304
380217387418546177
380037898784874496
380021465258536960
380009764832280576
379997101851033600
379676299725271041
379673163182776320
379671797815193600
379670772328828928
379555649547288576
379512139834073088
379508987432951808
378871799154368513
378871493838381056
378766493200039936
378621177667002368
378620992329109504
378616055046094848
378592361565003777
378586522074628096
378584454492483584
378579733681692672
378560720901636096
378560386473009152
378560254914486273
378557499147694080
378477057828610050
378475012920848385
378410640336887808
378230754250989568
378228067111407617
378209207243141120
378144446413434880
378144164442943488
377436446182752256
377435993147584512
377418076276682752
377196896474783744
377196328175955968
377194194466373632
375576395566440448
375323784112136192
375323308037664768
375322718238801920
375315143745224704
375292084548157440
375286791298768896
374961130986147840
374604766514397185
374599621244248065
374599494219747330
374598534927896577
374598281763897345
374598067875356672
374597888673726464
374596040147472384
374567442216800256
374420175249874944
374419447185825794
374183709978529792
374182542154280961
374182440232710144
374182280752676865
374114127376965634
372962153558728704
372957891151810561
372771773051179008
372650922620354560
372649385978363904
372647112720125953
372633371962130432
372632453266956288
372612925522862081
372612514376200192
372612418725113856
372605771386605569
372605391978237952
372295608100335616
372052690575962112
372000995292635136
371931178170716160
371288217854550016
371196189841969153
371014180213489664
370533260037615616
370489299965210624
370069508657922048
370062107359715328
369932338894880769
369855366210666496
369854926676967424
369056572921483265
369056069684695042
369055470570336256
368896051400278016
368324057160093697
367959090112106496
367237555516743680
366868927961251841
366338233149300736
366336653402456064
366264227402498048
366167244440469504
366031271203307520
365513350500716546
364697121351413760
364696784863371264
363614748828372994
363602400826761216
363004712389312512
363001866314977281
363001637335339009
363000755612950528
362939109766991873
362936833719533568
362811740049780736
362810319841669122
362640139819827201
362620425823469568
362620079545925633
362619578842488834
362618125172219904
362287241541844993
362286143515004929
362286000799629315
362285630228672514
362269184941498368
362268352955158528
362268103146614784
362267935533842432
362265669493993474
362265235534528513
362264711481397248
362261575538720770
362259806360322049
362259633169121280
362258580633694209
362258002859933696
362244624439443456
362240900241428480
362210983558647810
361959211225190400
361922550357430272
361917852657270788
361917774613839874
361857379698085888
361855618786656256
361713045254316032
361606780477902848
361385358031728640
361381506368811009
361379932452028416
361374761240109056
361371843799678977
361045073644896257
360749684781875201
360744192391118848
360743488091996160
360742910318219266
360742130890715136
360465263080116225
360464610236694530
360329106694488065
360328695258415104
360328334950924288
360166325177430016
360165674888335362
360107244169347072
360106768870809602
360099058095882242
360054517594730496
360017980140167168
360017198556774401
359999297472827392
359999295480541185
359983664307769345
359983558464512000
359921318528958466
359802918137888770
359802568119037952
359733817310851073
359733508148707328
359703946824134656
359634453934510080
359633127968215040
359633126890287105
359633125883645953
359625799999041536
359624555070881792
359623738959990785
359399569286627330
359378553697079297
359361678464401410
359360378234339328
359315971929944064
359270057467052033
359268268164399104
358476631695831040
358287618447908865
358267609608765440
358255601534509057
357935569042538496
357935179790163968
357931097348251648
357911425299124225
357910219583528961
357909400561790976
357908888491794432
357906322626322432
357904380525162496
357896562770313217
357867955335335936
357792503065354240
357791708525772800
357779996846202880
357757601074774017
357734616234328066
357734400227676160
357728972420816896
357727702972768257
357726331494088705
357725703665483777
357725482889916420
357573360449884160
357566357044346881
357565091018850304
357516737538818049
357515955053662209
357513836087083010
357513619652608000
357405595508285440
357405371909935104
357404811425103872
357264907437223939
357209792525238272
357209549565992961
357182059044814848
357165189004664834
357065079323242496
356830751955746816
356781603156000769
356781268702208001
355759357788565504
355750920753127425
355750494532153345
355696343240556544
355695079781957632
355389513499021312
355389427209601024
355360692150349824
355354604915015680
355353567709761538
355280186104741888
355221885832806400
354669650862292993
354665395841531904
354640802321936384
354604330764075008
354252887171416065
354192496550612995
354183368453259265
354176271409876992
354176046599380992
354109115980718083
353914572974989312
353212283129823233
353207688160739329
353207140778917888
353206808485179394
353169185142087680
353111167767560192
353110608746524673
353103456711606272
352864535826284545
352864470328020992
352863017052020739
352862724889387009
352850725858062336
352850642227834881
352846962049024000
352843570987810817
352828218006446081
352823870702632961
352822276678369282
352799595690082304
352791585370554368
352483868865085440
352463011350446080
352424863161524224
352423938908897280
352389247564648448
352335682527707136
352335182239506432
352142966309134337
352026858075877377
352022829421707264
352022231162961920
352021957371375617
351757469120339969
351755582094589952
351639120034021376
351628033142177792
351627691545477122
351627277483778048
351627023338319872
351351617020362752
351000789294133248
351000325009842176
350999745168293888
350629787003404289
350569149161943041
349961881508790272
349961725581336579
349961530554580992
349863255637889025
349863102117969921
349862828850692096
349862288989229056
349819635543187457
349811430285000704
349558124920836096
349555455003082754
349554146036301824
349420527246520322
349387398368595968
349239961649819648
349230660579368960
349222938924433408
349105229633032192
348914901181399042
348914387941203968
348854303068401665
348853911458820096
348771936538599425
348771212329107456
348758209495965696
348383181336088576
348382652090429440
347785724491358208
347779592775401473
347699462673686528
347695065453449217
347492066152046593
347491863336452096
347491600198422528
347475793460461569
347459262299131905
347422484859076608
347376259128504320
347277706049753089
347208649569079296
347208421252136962
347208289928491008
346995447925202944
346933143103737856
346876537414496256
346675714814267392
346669733220855808
346666053276946432
346665666880872449
346639051815804928
346632618936258560
346630753762803714
346630508958081024
346179556383797248
346178600208302081
345480301461508096
345478117432885248
345476988238192640
345475947392286721
344997343533334529
344997094836301825
344996188275220481
344995628989964288
344993162508513280
344952182778511360
344952041459826688
344537629464858624
344537521130201088
344537120817414144
344536791640055808
344111071885406208
344107671273734144
343314308408680448
342959064487186433
342943905249120256
342888717259796480
342883421707702273
342883272319184896
342351986634682368
342350906593013760
342347136890978305
342341625365790720
342340882625867776
342319493265125376
342167019375976448
342156783588089857
342146976411967489
342146703446638593
342036263609696257
341982537352110080
341947425214316544
341902916073959424
341623235844128768
341618049922768896
341617761929281538
341617141679804417
341502169922547713
341440189954154496
341439967228219392
341432749917347840
341432165223002112
341431323988201472
341431026221985792
341325003574366208
340793813738061824
340539284387934209
340532566018887683
340445225967288322
340441453090193409
340365589413502976
340341700612485121
340341059739586560
340224742952927232
340200757590642688
340169832131600384
340169621413961728
340145802989150208
339794416329961472
339782998822105088
339777821859803136
339777456208748544
339750819429769216
339670748492857344
339625879225372672
339617992608460800
339334314464522240
339266772698013696
338908602070859776
338906134582816769
338679644121333760
338672340189712385
338529133908852736
338528032346210305
338176873232207872
338176046320979968
338171026653458434
338155585579122688
338050058387865601
338011398711947264
338007669979897856
337821008750841856
337500385906405376
337480502145589248
337331072109006848
337277683702579200
337277412708597760
337274753549213698
337274421691695104
337274140232929280
337244834093989888
337240848754421761
337240562644160513
337231644618539008
337227599552057344
337227264934682624
337164591719145473
336916995339603968
336856022977216512
336855808774119425
336592791410970624
336553986435985408
336550924245929984
336549772603301888
336544210821984256
336355951177244674
336237425175191552
336235443949543424
335667994099318785
335286470329901056
335286119132434432
335105502696583168
335100673572089857
335097448835993600
335085970036776960
335085808304410625
335077335978094592
335072411303157761
335071847915868160
335071554192949248
335032665466093570
335029390255722498
335028231713460227
334992825475276800
334990997375291392
334990318707544065
334988240878714880
334740249131507712
334681925706985473
334671053303459840
334612085117964288
334602943909199872
334599231207776258
334379210758049792
334379095758630912
334374946350444545
334372411220824065
334320653299765248
334200233489735680
334184638450917377
334011397136588802
334011132379541504
333988198608928769
333986655654518784
333910453069680640
333669662221017088
333656941878452224
333651007563259904
333642474365014016
332826071089156096
332825912565436416
332815599908556802
332815013830082563
332773911831928832
332729054404943872
332728021503053824
332727565305397249
332727220206465025
332726701689810944
332725956047433728
332722937008386049
332722726630461440
332720883917541378
332616146312384512
332416937810341888
332113065938145280
332112263303548928
332084628129206272
331755539526713345
331272693817163776
331271284891721728
331270439760441344
331088155153408000
330967355792433152
330966882746265600
330966704500920320
330965003257655296
330925709553963008
330925113023287296
330743551396827136
330743164862349312
330303284592132097
329468425674047488
329364271005839360
329300527391322112
329297599108616192
329296703612145664
329296256742592512
329283542276255744
329177604621991936
329169172925915136
329131999174471680
328967926826811392
328939445359345664
328938290612944896
328926737457094656
328778194788446208
328777831284895744
328403903223848960
327721968042385409
327492236906479617
327482757339037696
327440395522953216
327439211999404032
326942849092427777
326941207756431360
326938517374631936
326938076364546050
326814122408820736
326770332042133505
326764338247528449
326739141607964672
326728353589628928
326571243455254528
326406631325839360
326372563678806016
326371722515324929
326010797438410753
326009477532880896
326003407024451585
325996778811953153
325922691615948802
325920964716154882
325919692168503296
325917160503390208
325916936842133504
325916558394286082
325915999612313600
325514357314289665
325512001973530624
325511706602270720
325511323398053888
325510474579996672
325285668773326848
325266196121391104
325265880500027393
325265477091872769
325265101097668608
325264934109859841
325264424875196416
325156018029985792
325140616457629697
324956252574715904
324955933480480768
324955172092653568
324950663782076417
324950574242078720
324948966515040256
324946631554396160
324935947554783233
324935726712094720
324935210259058689
324934228989050882
324837477108031489
324654588982599680
324641098012180480
324505624983515137
324457276578603008
324441425326518272
324291680213807104
324291307562471424
324290998517764096
324229971419725824
324221453560078336
324164424434868226
324117117920227328
323869517153439744
323868935378321408
323864289041588226
323863569307402240
323862425797554176
323862195719004160
323820252569939968
323814226600812544
323795458965250048
323694409508077568
323694049208958976
323676496260640768
323675765944250369
323556692115746816
323554363433947136
323553871970586624
323553666365788161
323553289230753792
323553013413335040
323552609392812032
323552063474786304
323551753737998339
323551607474237440
323550697993957377
323183110097362945
323182822493925376
323151300349001730
322956292513734658
322955497030447104
322955298031665153
322840252551163904
322839822769201152
322839211210338305
322838891663089664
322838693004050432
322837465729736705
322819248126824448
322614976823054337
322421137961271296
322377873036038145
322359507659419648
322354509735141376
322347443142410241
322248445551341568
322248288801812481
322247766455746560
322227065380294656
322226620180090880
322117579911081984
322117413216874497
322055146995593216
322054336798654464
322050657643286528
322020487158980612
322019580505632769
322015524525576192
322009947850301440
322009507607752704
322009315554783232
322008464287211520
322007411198160896
321932565231583232
321930035252568065
321928345631719424
321924202028486656
321923024918032384
321922952289464320
321921257991991296
321920232639836160
321919479699353600
321918608441745408
321885518726049792
321661603277844480
321661450240286720
321661197332140032
321660639191896064
321658010277666817
321618536302800896
321571752469745664
321571493983166466
321563195783393280
321559968371339264
321509740482015232
321499431054766080
321393038209454080
321392716913180674
321299187868262400
321297717118791680
321239793994457088
321001470805827584
320997935548624896
320997709161062400
320997165205966849
320994693934628864
320901978865680384
320897096666476545
320896661176057857
320802455136911360
320791656913858560
320790538750132224
320781681789399041
320465537522073600
320192213403443201
320164210879369216
320164020965474304
320163897195782145
320161636436557824
320157785058848768
320093685909958656
320092760914948096
320071645354151936
320071516698058752
320044557003792385
319927191435620352
319923364514906112
319921588231364609
319911939973193728
319911709735260161
319904034536431616
319902321993723904
319884096757170178
319862509538529280
319685296788762624
319570748593278976
319570023033217027
319553769337675776
319531156288704512
319515077806002176
319514043331264513
319513700904091648
319513230462578688
319509555702796288
319198621507678208
318785867302981633
318751513600196608
318750866167455745
318737223715528704
318702461537894401
318669390612688897
318667540467433472
318658476085747712
318648760647417856
318647625463250944
318647329693523968
318647013329743873
318372316029517826
318337398712971264
318327171821207552
318292430581530624
318262572405112832
318108323008352256
318039236890722308
318038613847851008
318008255504863232
318007553533571072
317979345786388480
317977965487087616
317975313495777280
317881737025830912
317866924644118528
317015816455475201
317014257873080321
317010063933972480
316857389615808512
316632281454354432
316629989007183872
316622705787019265
316609200295931904
316609153051291648
316608444289413120
316598721590734848
316326395343147008
316325737416237056
316325337460011009
316324257632223232
316281070838489089
316280874939326464
316280670622199808
316279787310157824
316279060596662274
316278243537846273
316278043234689024
316277775931678721
316241667290173441
316238435419561985
316205110889938945
315619484469690368
315527321958379520
315526747737178113
315204424568029185
315204311716098049
315203685842034688
315203423794499586
315203189899157504
315150556974940160
315149083625009152
315139617575796739
314980313216450560
314823041177751553
314817421322113026
314817274047500288
314816878705012736
314726173462634496
314725510477402112
314420601240580097
314361638335692800
314360984326242304
314359319313399808
314357577368600576
314356874776567809
314355877991809024
314355292823502849
314355049209921536
314154132808269825
314101541994897410
314093408295739392
314092968275501057
313981130149879808
313910048449511424
313737250540232706
313715754354765825
313671856781668353
313562091602710528
313217658441068545
313199103175700480
313197403748585473
313196402220072960
313195308643389440
313067286493790208
313067046885806080
313066573789274112
313066073522069504
313065512017993728
313048889475350528
313048263483875328
312912960538411008
312912536297144320
312590721255346176
312587688177979392
312332620858011648
312285467070582785
312281308216827905
312278948048433153
312223122000580608
312169467083898881
311972010970476544
311835004416167936
311834546788261888
311797500413616128
311588667066044416
311588384487391232
311573430698901505
311573244195004417
311572612612509696
311547155049504768
311546692233203713
311546288804081664
311496720817213441
311455984142934018
311201898977955840
311193397295710208
311193116134748160
311187856062283777
311166210312114176
311117810589908992
311114746747318273
311114292701319168
311114100795142144
311085493498556416
311072763362299904
311072086292566016
311070539273891841
311026345792647168
311007181082345472
310832222464790528
310704567589408768
310668407072772096
310290879741046784
310284717180215297
310104248782303232
310030842456072192
310008504050130944
309996332532244480
309809798638100481
309419755595513858
309417901738295296
309417668832796672
309417406600716288
309390872838033409
309389037150564352
309388792660385792
309388553530523648
309363682838720512
309359178454016000
309351713662447616
309351515670315008
309351286426456064
309329046548914176
309267691552788480
309266031782817792
309254755174199296
309254515377459202
309253444714246144
309247960586264576
309082563174084608
309080792519299072
309080150211964928
309079385787486208
309078746269364224
309077912273944576
309077239515992064
309076901031464961
309076494301425664
309076182941433856
309075853084590080
309075722612383744
309074748778885120
309074469949931521
309027460375269377
308990737285013505
308827273207902208
308711238471405569
308710843938385920
308557784973185024
308557364058021888
308529940142374912
308527954571440128
307993888117899264
307993146179088385
307796145936162816
307795386624532480
307768965000728577
307767363137323008
307613821042835457
307400712185335808
307392499851345920
307211808509415424
307207333962989568
307204037852426240
307104638161801216
307102914965540864
307101681546563584
307044169329823744
307043633461334016
307042921423712256
306851466776309760
306827990610874370
306827765963976704
306789038914953219
306544899841462272
306535954343153665
306455165693743104
306363664531857409
306351678133764096
306300117428891648
306298436863545344
306298143455191040
306297880522653696
306297353692905472
306183240006385666
306182597631938560
306097526359076865
306096987311321088
306096149071269888
306095626138046464
306095344817668096
306094814351470593
306048192280150016
306016514467831808
306007601613774849
306007384348831744
306007174251966464
305999139320254464
305998768979980288
305996411865030656
305720893760483329
305398989434548224
305073263590121473
305072625804255232
304979866749644801
304977455087751168
304976731356405761
304902433761554432
304887874703216640
304887279950917632
304867751703494656
304863545806446592
304683606926848000
304683058253144064
304681800771465216
304681601059667970
304681460059750400
304681376505032705
304669916995395584
304668897095864320
304650190965596160
304598176655106048
304597683841142784
304596895693697024
304574868609966080
304504155156922368
304503318481367041
304484545430949888
304484097990983680
304483901441732609
304483677537185792
304483508561252352
304483414130704384
304483153978990592
304483012614164480
304482432181219329
304365711176900608
304359916561383426
304356912114327552
304356764692930560
304345673606770688
304344454154821632
304317286720876544
304317041953886208
304314833094983680
304314549702643712
304239328106790912
304230483955417088
304229886069981184
304157012588101633
303953162237263873
303887884103057409
303887574836076544
303883849488809984
303882819401302017
303858599187316736
303595536911581185
303589207375478784
303542002715328512
303482731805949952
303482149431017473
303481465935638529
303467792626225152
303450582377705472
303398186364579840
303391506272763905
303229863253389312
303146501918568448
303145991333367808
303046189908115456
303046071750373377
303043226246451200
303042429345468416
302741034755043329
302740943054979073
302720933557309440
302412322473918464
302144869474918400
302135390154936320
302135106196361216
302134802230960129
302118968037081088
302108915016036353
301775423828811777
301774628525842433
301603618753220609
301603265718665216
301602674833514496
301468539955601410
301463613925892097
301463273872699392
301461913441824768
301434989554327553
301434151108751363
301416040947146752
301406901852307456
301401582577270786
301400922272174081
301331985413062656
301328737075601408
301317208750039040
301316698567479296
301101618756218881
301101029796216833
301100742981328897
301099023824211968
301050329632477186
301049477224087552
301024155560730625
300998971223068673
300741859465121793
300738225826308096
300732968014581760
300731743965696000
300729779991228416
300681598943252481
300636106616098816
300635380636585985
300625506460651521
300624972576083969
300616066655203328
300615913873498112
300615616342147073
300615010781118464
300613848854044672
300600800323964928
300600021081018368
300598855169355779
300345897072594946
300345616171667457
300343273120223232
300019272204312576
300017282225152000
300016370303770624
300015348529364992
300014544846192640
300013797056319488
300013589547343872
300012821608017922
300011680723775488
300011032510885889
300010784342282240
299973464809414656
299970492822061056
299964821661696001
299964398192189440
299916393439178752
299858803791380480
299857515150209027
299857360615264257
299856953063141376
299777004134346752
299604510798667776
299522318089207808
299280925810888704
299207878777114625
299063279035228160
299051833622671361
299044380621303808
298877909303701505
298873731198107650
298865990412951552
298854499047579648
298854156981116928
298853598153023488
298852970857119746
298849716685381633
298778877621321728
298565641668022272
298564944117501952
298564298316316672
298563967033409537
298562722331770880
298562487366856705
298513479579602944
298509714189348864
298194968453992448
298194566236995586
298168459467030528
298157643665649664
297424455402151936
297405244810334208
297403705265893376
297378446974275584
297345918091534336
297344004025102336
297343768749821953
297302144581779456
297260087620288512
297259051430055936
297111132932546561
297108870092951552
297108710105423872
297107571624513536
297107369391955970
297107213871357952
297106886854078466
297105866245693440
297054322892607488
297022754761351169
297013787226169344
296759626463059968
296757544507019265
296755497103675395
296755232891867136
296754986250027008
296706979114659840
296705211257483264
296585809786707968
296513055045582849
296388063834284034
296308502941544448
296036840304173058
296020244584075264
295980309315457024
295975319070986240
295960680517996545
295959993734295552
295783940130742272
295681617635188736
295551773547044865
295550695023706112
295438573216350208
295117907753570304
294870550847844354
294528281322065920
294421160760856576
294420954279444480
294420167050543105
294204916262637568
294169081333026816
294166355203215360
294163513927168000
293810388993200128
293807090789662721
293806080406986752
293805864857513984
293447840477356032
293410560362545152
293408442792673280
293407599259422720
293021669847605249
293016093780488194
293015356124049409
292704276613066753
292703980889444352
292701015222927360
292698075984719872
292404722214793216
292404158118625280
292403652885360641
292360580126351360
292312974616576002
292312063429189632
292155660186038273
292154072088330240
292153244141117440
292152804498341888
291990274715037696
291956071210303490
291870387141238785
291869626072178688
291833271208271872
291600111967023106
291599164222078977
291523092881223680
291519102537826304
291203645742125056
291203155792912384
291159015143141376
290965956606435328
290905015957192709
290852055319461888
290851661826621440
290804477429166080
290599998448607232
289654460903481344
289461731355418624
289447893667020800
289434522045530112
289433876265332736
289096276203692032
289096074864500736
289071080142950400
289047542543568897
288893011566407680
288891796774334464
288891391361294336
288890883691122688
288648805363109888
288358984170213376
288258332433739777
288234128581742593
288229729818013696
288035724593336322
288034355719307264
288033616498397184
287554756963086336
287554541912735744
287526914707558400
287314193869307904
287280060250083329
287235395870154752
287215151793446914
287214324328570880
287143647810560000
287137536252469248
287136708980527104
286833639969394688
286514391816482816
286514199474098176
286420300483158016
286261139359281152
286206019334447104
286203600005394433
286203200783151106
286179853298982913
285786899191316482
285756182013046784
285705849039626240
285696563190317057
285500827815247872
285500176582451200
285465757746360320
285142009491095553
285123976169136128
285031950559875072
285031678861271040
285030971319922688
285030441940054017
284664134488952832
284615403731288064
284614970858164224
284613341396217857
284389610434473985
284252472128704512
283482601132527616
283299069806399488
283292531830185984
283276075977555968
283260680692441088
283257480945995778
283257182525472768
283246175220539393
283242737719980032
282990984961351682
282756057669971968
282414651789152256
282208176303112192
282207831086751744
282204448414109696
282204370416848896
282201327063416832
282200812447469569
282199997150289920
282194816010436609
282176257641299968
282176054360145923
282171899138699264
282167453864321025
282162382363570176
282162135851749377
282156425013252096
282155560743342080
282139083357188096
281848630095253504
281842899728093184
281841610143170560
281839226209853442
281823031905615872
281822837147332608
281822609270792192
281809546597527552
281806028151091200
281773877003157505
281773318758096899
281549159385939969
281535578846146560
281482831547473920
281470443167285249
281470105177698307
281468505084276736
281453269769924608
281453124328235008
281433152747081728
281432886509449216
281430300108664834
281362637617496065
281362209110642689
281361197780058112
281360869676425216
281356794922672128
281149375198146560
281145733023932416
281145589582942209
281145175634497536
281144863439863808
281144133542871040
281127105717223425
281117543899467776
281076417914081282
281065367193919488
281065048108060672
280995131908321280
280911449424023552
280909345032642561
280758702871543809
280756915313725440
280737786405982209
280643314649272320
280634631269789698
280634171225952256
280622451568820225
280603166083526657
280602730425372672
280562848441196544
280448437504315393
280292973877530625
280265494722916352
280245320091332609
279665463104008192
279610756461371396
279610404185985024
279610150225059840
279609989226700800
279609620874551296
279609434748112896
279602846176014336
279503381029072896
279502563286593537
279475896749015041
279263815156256769
279263652719239168
279253029792923649
279250979008958464
278943608768450560
278909001356423168
278908897484472323
278762069304676354
278756003296710657
278584293792571392
278583819131576321
278583154682511360
278582491437215744
278472790129119233
278442577441722368
278227586969116672
278218983847624704
278208479859183616
278205379836526592
277514863914385408
277513704822681600
277472942114361344
277462568078024705
276775061384482816
276771276767498240
276766854872178688
276669579244232705
276467546079756289
276456478850813953
276367399668834304
276343671320879107
276343221712457728
276343014769700864
276342161556008960
276319365966749696
276286837650251776
276286199616901120
276045393345773569
275944980420362240
275944196790181888
275943457476993025
275941199062392832
275872423071584256
275848307610353665
275665711173623808
275665429668720640
275643022522327042
275642649476726785
275217615914414080
275216983421771776
274164958810472451
274154385964138496
274152996982644736
274152492667895808
274135487181111298
274095083823984640
273881963708968961
273825409114714113
273792311652143104
273791554211180544
273778089945886720
273775617588215809
273757961946537984
273756470334607360
273756199638413312
273755325579030528
273698976233041921
273686439345139712
273686201763000321
273685913203257344
273685292635000832
273685092877090817
273683204760805376
273682871892471808
273681859634946048
273681371682189312
273506427916652545
273505738079477760
273505441097588737
273378880256098305
273150234073387008
273144411783831553
273143825671794688
273143515314278400
273126732402401281
273044527558844416
272828429798354944
272718692591214592
272326445085388801
271764365944975360
271519182095536128
271517232973099008
271505181739479040
271331970938703872
271301543893028864
271281988407799808
270976717647130624
270974955188023296
270972643677728769
270971165286203392
270970267906486272
270960988105371648
270951331328573440
270931315593981952
270930933169926144
270803948657594368
270801953292955649
270801682554830848
270800875616886784
270800764878868481
270779384380678144
270778289445027840
270776790983782401
270615442622656512
270615185675386880
270611881050378241
270582782231724032
270577089189666816
270559644387270656
270540827242164224
270432796550508544
270293256355586048
270292546457059329
270243337141891072
269577489196658688
269576917387202560
269576463148265473
269574495772213249
269573954585382913
269539339464228865
269535334554030080
269534992529502208
269435133214457857
269352934674931713
269335440899833857
269335058098294785
268277174035963904
268077048168341504
268076593526759424
267650485555699712
267282648295174144
267282083636994049
267195928421748737
267025783606870017
266871061063282688
266592039876038656
266307507721478145
266307191730995201
266272889534283776
266181649954390016
266179105572134912
266178602201141249
266154667778650112
266154085282107392
266036249826050051
266034275453906945
266033018668457985
266030661603827712
266029857488646144
266028718189846528
266028194572926976
266027708952244226
266027411806773248
266026835391967232
266024386295889922
266023813836324864
266022701548847104
266019921459298304
266017646233915393
266016419832029184
265967916992827392
265959366501466112
265958844256096256
265939928179933184
265934974249750528
265877534544117760
265853987469787137
265852597557141504
265852066839265280
265851789830660097
265785614992027648
265782841630146560
265782420505251841
265765925716914177
265645914440474624
265581365339242496
265432705309741056
265432371162124288
265415127203975169
265198262435328000
265195621743480832
265194384184733696
265126607994372097
264907109815169027
264906167149551618
264769653006548993
264765390188601344
264743711592824832
264738740654714880
264738546944970752
264738409715748864
264738113203605504
264737856482836481
264736934285410305
264736648590413824
264734991102128128
264733870300200960
264706958198714369
264669841057779713
264323525207269376
264011667938091008
264011166098018305
264010174359035904
264009711005872129
264008514035412992
264008088292569088
264004693632643074
264001569639505922
263999449972473856
263998833774690304
263996801709907969
263975894576676864
263975067602522112
263967013557379072
263943166540009472
263943051658022912
263942771793096705
263936041302519808
263640088070725632
263619144841306112
263618678963200001
263452836279492608
263302791269842947
263238027965501440
263223813033062400
263218170041602049
263051717619380225
263034433915977728
262978547860250624
262976581721546753
262976253441761280
262948340168290306
262948042917945346
262946695942373376
262945373935509505
262945158398607360
262945005054873600
262944787366297600
262941120454094848
262940776516968448
262937933034692608
262918293982150656
262917760298913792
262845063468568576
262468208194379776
262468014245560320
262467750948114432
262466845477568512
262466810127986688
262466621120057344
261920479110107136
261896383236304896
261893168830758914
261797064005009408
261796720990625793
261539779366227968
261539299898572800
261375738299691008
261375580501581824
261138834312531968
261138559623376896
261138192089116672
261137371607740416
261113753523859457
261113289885491200
260814243425837056
260806297337864192
260702348693893121
260701396125511680
260700706594492416
260700042929778690
260693250917138433
260692954736361472
260692333656436736
260455153646305281
260450245786357760
260329493586145281
260133346137493505
260103012670914562
260033643416793088
260033381369262080
259973418156441601
259972699982536704
259958611734847490
259771012827205634
259632073667661824
259338929482891264
259310498313564160
259290145143021569
259257194552360960
259231653182967809
259231228375470080
259029554394431489
258252893566693376
258230494582411266
258230122346336256
258229981858127874
256081068472545281
256080808379547648
256079994512621568
256037865165836290
256020729362006016
256020431310565376
256019616286011392
255967668434243584
255964920158494720
255798414422466562
255775485001342976
255775233343098880
255765738319654912
255764668457553920
255764174322401281
255763949520306178
255763579217793024
255763321234550785
255762937598341120
255762646614290432
255762133218897922
255761752178966528
255761606150090754
255760778861367296
255760331551412224
255759548940427265
255714826725257217
255714600438333440
255696968809066496
255668320991318017
255668242335543297
255352910815322114
255266058947137536
255265700535472128
255251351632764929
255249928958390272
255249469170413568
255055218700603392
255055029881421824
255047567753244672
254870867698413568
254870569059758081
254659614824615936
254293232295493633
254281702178971648
254281315313135617
254239174922739712
253920301098864640
253571300159807488
253566123075858433
253559352420622336
253491314929307650
253490976620945409
253487975986495488
253487454370275328
253442302343774208
253438763873730560
253166963658997760
253164944944672768
253147278242611200
253145741982314496
253145658318528513
253140222236299264
253138950158446592
253138449635352576
253137011639197696
253136858320617472
253136383621869568
253134992119586816
253133767370240000
253132171060056065
253131703500038144
253131561673830400
253131087092518912
252814968020410368
252812941185916930
252743323054383104
252716984247132160
252653027062865920
252519859609534464
252512855788773377
252499755358359553
252498979047239680
252498841406955520
252498736952008705
252498318536622082
251319796728213504
251319092286464000
251313567054319617
251309150036959232
250929229414416385
250840431921881088
250673365659029505
250666277352382465
250637543706591235
250326459506372609
250291649371049984
249837800902508544
249836956798816258
249788410317918209
249787949443592193
249512704144994305
249511861584805889
249511591761018881
249511287896305664
249113547383136256
249054063319191552
249053479572746241
249052176910020608
249051597336899584
249017097798156288
248903637366104066
248903402501844993
248896627920744448
248896264362676224
248896042949562369
248895882760708096
248895398834475008
248883331876388864
248860540133322752
248860279461535745
248860013098049538
248859801206009858
248854927462502401
248854392952987648
248813884230758400
248812869666344962
248812347362271232
248757908601458688
248487717028110337
248486316008943617
248480272482451456
248430360805912576
248428078425075713
248132298606788608
248131044769951745
248098623626293248
248097257788952576
248097027848822784
248096731760320512
247988159529488384
247949549585448960
247948785450373120
247948154505412608
247736477658791937
247727731045969922
247727420440981507
247727202794356740
247724523972083712
247655841845616640
247655365997625344
247655040586772480
247652814468292608
247650539511349248
247025366709977089
246674289129037824
246566982240071680
246565999304912896
246565784556544000
246562205217198080
246547749133250560
246547441149698048
246360512638631936
246323065280139264
246313377075445762
245580317770014721
245578781446770688
245502344626855937
245502012622532608
245496675374862336
245496463646420993
245236329586245632
245115259474563072
245114686490689536
245113757360087041
244915455221972992
244915196903178240
244914930749415424
244914298420359169
244913991183372290
244913215283290114
244910284022636545
244909349577834497
244908852846411776
244908165991370753
244906936808652800
244904133776273410
244903225583611906
244902767905357824
244902528725168128
244902170623897601
244901503746322434
244900931542585344
244900471532302336
244899878638075904
244899024338038784
244898605331255296
244898308445831168
244897333031088128
244896889147904002
244895571079479297
244895164928229376
244894838498136064
244894554921250816
244893205382979584
244892102314577920
244891935683248130
244891691172110336
244891371566149632
244890971261779968
244890698132901888
244890441101742080
244889897440272384
244889010546307072
244887018717470721
244886640458334208
244886406760120320
244885468406235137
244884960270512128
244884245011644417
244883869386559491
244883715271053312
244882911302672384
244882586596413442
244846855450669056
244846276431212545
244845471099662336
244844893837594624
244835976407547904
244705324794261504
244705018870132736
244703543334940672
244702864755290112
244352379158417410
244189585838592000
244189496021770240
244179231616139264
244178612272644096
243846267409661952
243845866346123264
243845275410649090
243758540332888064
243725383038554112
243724762260578305
243714784619528192
243685890596155392
243670520493662209
243666457353920512
243666200675090433
243664669171150849
243109472610951169
243109066430377985
243039438408675328
242995145002344448
242994509527543808
242641336656859136
242321745657356288
242236240538255363
241907589997285376
241907367204237315
241907050509107200
241469553048166400
241132448967188481
240963059605176320
240944994813362176
240943960749662209
240943711205335041
240817715869257728
240765727748005888
240736482032250880
240534903014424576
240460617880829952
240459975514800128
240388983975202817
240353706393088000
240353150702329856
240151861292838913
240146583272951811
240146344747089920
240137930163773441
240137657433350144
240137466701565953
239846448232009728
239844037790691328
239843237475520512
239842273972596737
239651036426551298
239650795446992898
239645278829957120
239418258053275649
239367560737480704
239055286869037057
239054591864479744
238994588331810818
238993365943857152
238969385241415680
238969179271737345
238760465377947649
238758769494999042
238716770687545344
238698170010451969
238691142097588224
238683351106588674
238621863541104640
238604167814463488
238584214163963904
238328681569845248
238305789784248320
238266492150493185
238266319043182592
238260522854776832
238244822450835456
238244541285683200
238208810362216448
238163981301346304
238030605537918976
238030401300492289
238029137950945280
238028287836819456
237921828977377281
237917883529842689
237916263467339777
237916046365949952
237879403114283008
237854165433475072
237852605219475456
237851271510519808
237850367910629376
237781386977742848
237665628020953088
237644207517466625
237643327040786433
237643081002934272
237605676887707649
237605379331198977
237603384058847233
237515214029996032
237514496283926528
237421877541359616
237102481002360832
237090840592388096
237088668295258112
237087422586970113
237086533700685824
236584416435118080
236467147323355136
236427171923644416
236418075270983680
236416540055068672
236391295994720256
236343766636720128
236340921850011648
236217497261596672
236167607504470017
236047278769586177
235810800307150851
235810171664859136
235803627418161152
235802913837047808
235800448622264321
235703659256754176
235635243950960640
235617075312336898
235616794151362560
235615690944557056
235614165534916608
235613585882087424
235491096497639425
235440726123634688
235416435831234560
235307318714195968
235263366942310401
235257859049398274
235257156260204544
235253318765670401
235252016304246784
235251990907723777
235082500538519552
235076081043005441
235044331944304640
235040791138013184
235033018295783424
235024047757467649
235015776703234048
235014713732378624
235013117325758464
234999943797022720
234790554985197568
234790091241955330
234788770552094720
234788029062074368
234780823038087169
234777868700364804
234776882976018432
234774430159626240
234774105734406145
234773013000773632
234772529661763584
234763827185610752
234759483228823552
234759260800708609
234757003254321152
234749746084995072
234749390600937472
234748712063217664
234743262181744640
234743115477569536
234654599179554816
234539318880894978
234391508873261057
234390174845517824
234388107196264448
234386923223924736
234386760346501120
234385190506606592
234382388082384896
234374358397747201
234373805139701761
234370996998651904
234368748742656001
234365751144898560
234364972275208192
234364127278153728
234363654047404032
234362608424218624
234362345911095296
234361238602280960
234360575591858176
233856631794987008
233798894604136448
233793322647449600
233790625739333632
233661185730441216
233504767014498304
233501952758149120
233454702749179904
233452243842629632
233257919016210432
233257508943310848
233247788664754176
233120150046535681
233107662898876417
233082441521303552
233080440183996418
232894276013527040
232894054034194432
232893477011222528
232871123208003584
232870198292672512
232869949293604864
232868846179078144
232817075293388800
232816605149671426
232732616770605056
232716111081250817
232715958979026944
232715520615542784
232702198562299905
232701730033385473
232470447361503232
232331363628507138
231794718441353216
231792930900303872
231791846442029056
231434861112602624
231424740785549312
231417185812242432
231289471520366592
231288285455069184
231287033417584640
231275881094586368
231273709565005824
230953800452681728
230952978276814848
230952232189829120
230918013510094848
230904722784149506
230601801769050112
230601230852960256
230599323841355776
230598875361198080
230556546231308288
230555438016520192
230338260889661440
230194802598244354
229826954331836416
229826484603330560
229824505554546688
229530587835269120
229212898419933185
228988470176133120
228988280392261633
228988071956332544
228987730699374592
228987066770395136
228809661187489792
228802839655354368
228761893345558528
228494857944047616
228490414582272000
228489815111376899
228199512865402881
228191858621292544
228189143912558592
228185924436111360
228184928184053760
227881473745752064
227817821088915456
227797361777319936
227469766040899584
227418502749880320
227416967282294784
227392637739601921
227341854440554497
227341097700048897
227107521997983744
227015372509937664
227014977087733760
227014356662112256
227013460347731968
226736448412459008
226709814720471041
226323386874359809
226224982966013952
226224643827171328
226223477697425408
226222791018545154
226218917478166528
226216320763559936
226018023155326978
226006185445298176
225999389494214656
225976180812165120
225953470908350464
225905806879649797
225903398027939840
225901232965971968
225849756541394944
225664232153300992
225642031052099584
225626167644921856
225621447765266433
225606830045413376
225599835141701633
225599082645831681
225597916948070400
225596993643352064
225569295965491202
225526893745668096
225280459691671553
225279991749935104
225114866501951488
225114396324667393
224934621698195456
224923839572881409
224880214294011904
224879808780308481
224760853533179905
224758988980494336
224533186330374145
224509967653277697
224258426472103936
224256850802118656
224058727731433472
224058509602467841
223874221078626305
223846797649510400
223845343291375617
223843449315663873
223841721933508608
223840108980342784
223719167554097152
223517890471665665
223516598890266624
223516109708603393
223515807571918850
223476661620973568
223475497806471169
223419890420293632
223418853793869826
223127014188662785
223126070516396032
223119006578638848
223078050189938688
222661130424827904
222654969952735232
222653001096114176
222652208834023424
222579579133493248
222564496265318400
222564281105911808
222563159528046592
222559698082201600
222558354336268288
222557360537866241
222556600202838016
222556011922341890
222555532802797569
222391092987969538
222370043923673088
222369328148910080
222207304181882880
222059387139792897
222009635786326016
222009275340431362
221894013639335936
221891756860518401
221891649280811009
221871027444121600
221855414294290432
221853202260299776
221852689087205377
221851963954958336
221657659466715136
221657261884452864
221656818735251457
221655175985758208
221654794056630272
221652957756784640
221502815271530496
221502287661645824
221159911407624192
220948756923813888
220885498779013120
220880340779147264
220879604943040512
220879092659142656
220878462213296128
220640168791646208
220640006732136449
220589300159488000
220587204156735488
220580599826612224
220580313359847427
220553502114594820
220536123481522180
220535823311978497
220518529722613760
220516777392738304
220516077996748800
220513879275470848
220512979970568195
220512573404090368
220508368291364865
220508062262366211
220507140689895424
220504317248012288
220504036657471488
220470400889532416
220419229671886848
220418793485250561
220418016700145664
220190735700475904
220184531616022530
220179980175409152
220179790559330305
220021661880160256
219678709278449664
219677549620502530
219677031225507840
219676466324062208
219541431717597184
219540950450569217
219540411830644736
219460071460048897
219458246728097794
219457989038452740
219346268982476800
218992882546257920
218968903567675392
218955803342798848
218742190334148609
218591108786167809
218577013613658112
218561808653488129
218561286307463168
218560855640514560
218461926567575552
218377071586574337
218315380098220033
218272585576755201
218053718371868672
218047521115746306
218045339645648897
217635402213888000
217634978132013058
217634514032271360
217634280925433856
217634022359179264
217630938585247744
217329852137750528
217329013906079744
217328841948020736
217328305525886977
217327819527688192
217326875767349249
217326107731562496
217325410248163328
217324545630154752
217324413174022144
217323696723996673
217323580860530689
217323235560263681
217323025895399425
217321840090152961
217321070703816704
217320932992233474
217319359062876161
217319132624986112
217262422497562626
217224926665523200
217220274687459328
217208316609310720
217208026040500224
217207908864237568
217207626914742272
217207479904374784
217207264807890944
217198092972343296
217163778754744320
216776292618608641
216775572381110272
216210878989742082
216209482387169281
216056515134636032
215875185000185857
215874260114210817
215873791648215040
215873344589934595
215519415331074051
215501640260796416
215501007164149760
215488334275948544
215194449473585155
215152928879681536
215152352330649602
215144045280890881
215143656926101505
215139439696027648
215139057586552832
215088421557907459
215087751933071360
215050857077669889
215050292666966017
215047970889007105
215013363367936000
214806101479276544
214804995609071616
214659740343611392
214658917198860288
214658711732486144
214658408161345536
214658153428697088
214643007935348736
214633553244323840
214633285228298240
214633087324262400
214603721173241856
214603512263352321
214603066647912448
214578765261570049
214578453729656833
214572410966519809
214569751362535424
214568233339064320
214567286164557825
214436008412979202
214427585550102529
214424886481911808
214424610245062657
214424147953065984
214382974609793024
214376843875328001
214334453684776960
214302827651149824
214272830144122880
214269028443750400
214268231517601793
214268170104606720
214239686871363584
214239187614973953
214238774543134720
214238364856090624
214231430706900992
214114797040574465
214106164739317760
214105615457464321
214105453557325825
214091540346306561
214091482641072128
214087762784174080
214087497351835648
214087206837567488
214066002416254976
214061231168950274
214060742389927937
213956340438142976
213955764308541442
213950848739442688
213947532177448961
213947197350354944
213946749310603264
213861531094487040
213340778062290945
213332988866478081
213332621495762946
213220300194713600
213214691399438338
213213608967028736
213211996508798977
213208654281838592
213154617188548608
213023399004479489
213023039296770048
213020310310625281
213020046874779649
213019345935286272
213019164594548736
212984727521595393
212984553915158529
212984116461834241
212983825196785665
212976373734703105
212975936822444033
212975822108246017
212975651760775171
212974959260209153
212974589196763136
212974460087697410
212972646479040514
212972406824894465
212961836746805249
212845751934521346
212845548175233025
212845120981172226
212844602686844929
212618882735812609
212617717482668032
212616369097805824
212615554119376898
212610121631666179
212610044003491841
212609576665759744
212586942687227904
212518028083081216
212454867929796608
212454330782068736
212241083659321345
212240808580087808
212233107867308032
212215515849039872
212213744569294848
212213486787375107
212212168375021569
212211446736629760
211975931823271937
211975893764161536
211723217331687425
211375323688861698
211372432072781824
210252727777898496
210249988134010880
210249817404882944
210249033250373632
210247903229394945
210247251430359040
210076415331282946
210076184678113280
210074169877086208
210022265272795137
209904520866705408
208269758360072192
208257492097048576
208204989741547521
208191239189831680
207907470360842240
207905256452001792
207896369028014080
207882082343587842
207881694869598208
207873118633607168
207872947006869504
207872715263188994
207872378628345856
207800483560161280
207544259124015104
207542918003691520
207535438469140480
207511195098415105
207510604410396672
207423364900462592
207423109786120192
207326926501715969
207175189925085184
207173824884654080
207172160941334528
207141439996559360
207096158970056704
207065149616558080
207063816515764224
207063707157663744
206827216917635072
206770871275237376
206622632873951232
206621627490893824
206309282906505216
206309003251286016
206300066124808192
206299738851643392
205775168566595584
205774899497799681
205774671512219648
205733880299388931
205560727010938880
205560192702758912
205560143717474305
205559486633607169
205423196604858368
205298287706775554
205298218483978240
205158498701549569
205158271789694976
205157294101630977
205155806675599360
204999614242361345
204944540048691200
204690515495632896
204688759558651904
204687860287279107
204641785148997635
204607410218872832
204503367463092225
204495530825498624
204441829041647616
204439631335399424
204245389870776320
204245287366180868
204244479564201984
204095949428113408
203196299359690752
203183972400902144
203175181244579840
203104794611679232
203103949316825090
203078736508227584
203051963829592064
203051283488313344
202983073829240833
202831277458595840
202826394479235072
202783768929509376
202781984630648832
202780992950386689
202473258807861249
202468940297945089
202468595668762624
202468550345109504
202463862291828737
202440983726669824
202440540678139904
202434501996068864
202433940965961729
202432977634988032
202431659444932609
202431565039534080
202430328873295874
202428950000046081
202426404342726656
202426145566752768
202426007188283394
202366435597615105
202347462990635008
202326690268069888
202325528529731584
202324955197751297
202324583183953920
202265016718729216
202262881809604609
202107408200372224
202105421975142403
202105273459027969
202103987749650432
202100632923013120
202100437657206784
202099321498386433
202063076399382529
202062767010750464
202055902927392769
201974684462485504
201912318605529088
201912050534985730
201797941155995649
201797660116660224
201657844376940544
201656933403459585
201656536571973633
201656027580608512
201629387873980416
201609936285863937
201609405089841152
201609047240228865
201608834660306944
201608599246610435
201608281867816960
201607955253174273
201604654763737088
201604281437134848
201094745584435200
201079909626556416
201058491211845632
201050176922730498
201047760420618243
201045638111174656
201045302139043840
201036847265230850
201036454292492288
201035598637707264
201034845957259266
201031678016233472
200849610200203264
200847660779966464
200847189260513280
200289347004661761
200265823988887552
200264358486491136
200078591273340928
200069916689317888
199929121424420865
199867501989990402
199867384608198656
199772454216925184
199772107608035328
199771063226339328
199765963686674432
199723274555494401
199593240771559424
199582832178368512
199582082190675968
199581458803859456
199581124404592641
199579817614639104
199547273850531840
199541735720882177
199540853134462976
199508063709954051
199503130017267714
199438613161848832
199234853491838976
199223338583851009
199219737467682816
199219527463092225
199219107336421376
199150980451938306
199148993660465153
199148717339705344
199148403765149696
199144777608986624
199139603830145024
199084815390224384
198830833967181825
198668869060149248
198476395876323328
198474805878591490
198467587141664768
198467514689257472
198467280559030272
198445069613793280
198444310419615745
198444062452355072
198443427870941184
198443265484263425
198413434252050432
198283957136130048
198283607431839745
198282879992733696
198282066037719041
198280991847096320
198279278994006018
198278933324644352
198020354487222272
197951453749452800
197913841793892353
197909706084327424
197909057552650240
197797152989253633
197755807062949889
197715159572152320
197714921587355649
197714722051727360
197714277715554305
197713366691758080
197713351751647232
197703927213469696
197644240023588865
197393123712835585
197389473930158080
197368101661179906
197252131202400257
197251928663654400
197251550312271872
197067657625870336
197067415589367809
197066189271343105
197017725162364929
197007093218295808
196722618387275776
196722311695577092
196141614589157377
196141247080042496
196140765280346112
195583645912797184
195527556831780867
195513080900366336
195510706110595073
195211916631752704
195176887696363521
195148325622784000
195148254227337219
195148130256297984
195147595302178817
195147164475850752
195116579405574144
195109282734288896
195108946472742913
195108682265133056
195108505508786176
195108328140050435
195104013635682304
195031116607004672
194851543969832960
194826503689732096
194753283536076801
194752786892722176
194749355671031808
194657666126184449
194657008501272578
194656662030786562
194656078942838785
194555713664712704
194498263934697472
194493259169533953
194479357090213888
194473832831123457
194473630602760193
194473039625338880
194472894951202816
194472723630661636
194472141838761984
194471731249950720
194429425461379072
194363875641131008
194164191001722880
193771211635953664
193741226154016771
193740867423580160
193610353442160640
193605232616407040
193604741434052608
193604611834257408
193604265212780544
193358638075756544
193357191628075008
193049080405032960
193048784824041473
193027092441608192
192959574838484993
192955557706072065
192950021719719936
192678291780534272
192665792154828800
192623219507855362
192621810041360384
192552151854235648
192551805325033472
192551162162053120
192323633060909056
192323311475232771
192322254363820033
192313255216156672
192313112727265280
192198366229311489
191955948275900417
