398037120641925120
397985933481365505
397799083739721728
397746091656880129
397680202719186944
397674929782419457
397674386850717697
397670012460093441
397647898457808896
397641441335193600
397640906037137408
397634985072418816
397634606679080961
397632512647647232
397632117586132992
397631847917572096
397451661389471744
397449599754833920
397406953283919872
397373340513357824
397371689790894080
397371225963782144
397345405781807105
397327819362951169
397137323160510464
397123608688205824
397076519891128320
396951361545601024
396761458681610240
396675344893493248
396674888532230144
396617191962836992
396614542685642752
396354105427251201
396353442727202816
396347989041500160
396341806730063872
396336894650617856
396328278187057152
396319893198757888
396314678382452736
396314587160522752
396305873359757312
396271509838131201
396266399649107969
396264641979899904
396248774596894720
396231315567030272
396222230113169408
396174520815345664
396056187739066368
396031982452224000
395963160642846722
395961787343839233
395947586592731136
395943357098123264
395941093902020608
395930308325179392
395927805310926848
395926769435308032
395925766895964161
395924390631575552
395923120751517696
395922428670386176
395918956596191232
395918623241293825
395917340111413248
395890977015357440
395869518826070016
395867459926102017
395866232161042432
395857019959123968
395855646513328129
395853314841014272
395850006592516096
395845262637543424
395843659968417792
395841148716982273
395840850573275136
395840134328762368
395838864016695296
395544243701157888
395542781759741953
395535089787879424
395487892279017472
395462045958553600
395460098065043456
395458092059463680
395456369534332928
395316024389541888
395310915467235330
395288067885776896
395250153613189120
395249143397888001
395225778809364480
395225263534915584
395220006914359296
395215036836098048
395187887961931776
395180869352058880
395180817531404289
395177204297920512
395120410528063488
395108286225076224
395102778151825408
395087827462918144
395078651269877760
394966344338505728
394958052300165120
394953936513540096
394952397333610496
394939710105464832
394928464585031681
394916367159152640
394885974565867521
394874221689442304
394870764131733504
394569643870134272
394562791983431680
394549672762560513
394543296027951104
394539150805721088
394537789238149120
394520638783647744
394384775680901120
394384690024833025
394376456932847616
393869407379681280
393867320151375873
393685208329105408
393671030948241408
393664918848675840
393664455763959810
393663789687529472
393662288181215232
393657918844719104
393657370993106945
393654871053709312
393647419654545408
393626686568136705
393626052032884736
393624983248723968
393519619811864576
393513892200341504
393512683385159680
393509377128538112
393501160947998721
393457840536690688
393456329417060352
393435251201941505
393325610690306048
393295931871100928
393295566891147264
393279671673966592
393276831551336448
393274237755985921
393271483989913601
393019155458179072
393004945349165056
392971818245828608
392953934098092033
392909268715720706
392773364567130112
392750016315396097
392678593580367873
392648142924963840
392632542920073216
392594642958422016
392590529092796416
392558622674141184
392557513616285696
392556054648602625
392554752896008192
392535713519910912
392413941735124992
392413130758057984
392409916650295296
392404395868307456
392355630951841792
392355459643887617
392237782409560065
392236228554158080
392212965921140736
392188208160571392
392183130091573248
392054954732847104
392024725427220480
392012878024155136
391931119718764544
391929097292480513
391903949864706049
391879659597484032
391863473514086400
391863138892533760
391862966548561920
391862702760419328
391862489115160576
391861637130362880
391695053967851521
391635477893480448
391596292818108417
391561145427193856
391560761233141760
391560623806771200
391321744503742464
391306428256124929
391201183924121601
391198347391815681
391183934224343041
391101358666838016
391087490028695552
390968358755377152
390963929528422401
390901876050653184
390900441858711552
390898593235615745
390898327845224450
390895488070733824
390768604700237825
390757825648918528
390754771180978176
390590039832657920
390580011771510784
390562249430933504
390552201615007744
390472351663788032
390387343724531713
390384401969709056
390377317869953024
390375834906673152
390375700793815040
390374856744660992
390374618302664704
390373964909776897
390373195234029568
390373112866275328
390371948900782080
390369834292105216
390369433195012096
390248793956175872
390230267350114304
390203636288323584
390199432727519232
390185205371113472
390184717729144832
390183619475800066
390165699357716480
390165227787919360
390164858907262977
390159668510617600
390159069056491520
390157597715623938
390130997288656899
390064794511761408
390054015351799808
390051858581962752
390051299758075904
390029940332453889
390028868129947648
389997498908938241
389864191915741184
389864094788247552
389853310121177088
389848508507103232
389840789679136768
389831543990280192
389826431339208704
389811427760152576
389755772436901889
389717407734185984
389693367728496640
389687399946518528
389682716397932544
389641441133096960
389638992720691201
389638017394028544
389637121675259904
389631795555094528
389518783725191169
389459646182088705
389449618716512256
389449049666879489
389447244274860033
389437491029094400
389414751652302848
389369537856307200
389368875911233536
389365481683312640
389336379060019200
389334516898086912
389333641211310080
389332447281696768
389332127466020864
389320237180411904
389319456616230913
389317490825641984
389316617751896064
389073082830168064
389043451826024449
389037285456740352
388983136815575040
388975203310505984
388964660977737729
388958435905372160
388958252157124608
388955145129955328
388954982390960128
388945213479452673
388761675304026114
388756241847418880
388747126957965312
388737821864759296
388710772677042176
388709670804008960
388708854579867648
388633990359306240
388563842206162944
388552685332361216
388549004838961152
388546902641229824
388546446871392256
388542280304308224
388414289184186368
388410060843401216
388409100758810624
388408426641903616
388405388065787904
388400266950606848
388370333960781825
388368523736936448
388297944161878016
388285859327266816
388279594211475456
388277502340521984
388261683850117121
388230525564882945
388229500967739392
388212101665144832
388210888102006784
388209409811169280
388202382015725568
388201627645009920
388200464858087424
388200165900697600
387937083701993472
387933237059649536
387680901905547264
387676994307387392
387675610685784064
387649565291458560
387468143079473152
387466374899310592
387321657892667392
387283094501212160
387263700391837696
387232011985113088
387228737693306880
387224651635912704
387180745955221504
387163923079626752
387151270995185664
387146686227046400
387126218564190209
387120725087092737
387112941591351296
386973251806973952
386919374676041729
386863490205745152
386856712713830402
386805444120809472
386805017413296128
386798025760182274
386792974362746881
386772423938293761
386577001022500864
386576142532354048
386558852088729600
386548349161447424
386517167484596224
386457082234671104
386451229347676160
386436807618854912
386435656664092672
386434292932296704
386430976554831872
386430836016287744
386428228669157376
386245267127025664
386184169656971265
386169088424161281
386161075533529089
386161020504252417
386151333700456448
386150401864511491
386150078437523456
386149100774641665
386144961885794305
386143936755949568
386142817963081728
386141659609571328
386141312363163648
386140920208306178
386139250258759681
386076307676602369
386025617705422848
385876053303894017
385859067685507073
385831593878634496
385824800523825152
385811014698409984
385675618194825216
385670418876489728
385666895770177536
385662160447082496
385654818804494336
385516948815355904
385516462376751104
385515520038305792
385506273812574209
385505155162329088
385398010379010048
385391561250717696
385388401236905984
385381430395535360
385378195056644096
385376826459033600
385375953100079104
385375913535229952
385375260247216128
385375080550637568
385374596125306880
385374340587352064
385373013425672192
385372746198548480
385372565331787776
385369512377208833
385369041885356032
385368706533969920
385368637491511297
385368266354352128
385367329980174337
385366679741403136
385351370410557440
385347272361263105
385347177502892033
385346987517685760
385344791954726912
385344752981245953
385344220766035969
385342727367307264
385337403038109696
385330316397019136
385318688749932544
385315250293047296
385307247225470976
385306306384392192
385295305551261696
385281017461760000
385166589118541824
385160739419611136
385133500950933504
385116544696467456
385108852519100416
385069854262571008
385063575632756736
385062545096052736
385062410362449920
385061662299934720
385059588292087809
385057477361823744
385056509194813442
385055776936448000
385053633777115136
385050631804686336
385046616861716480
385033201728495618
385031305223602176
385011892441210880
384961820005793792
384929567107870720
384792824895774720
384792777214939136
384790109192994816
384747575636946944
384627095827009536
384612225740066818
384605361082081280
384595729039110145
384594937544597504
384594014252457984
384591906493054976
384578035212484608
384419006351831040
384418638481993728
384417706297937920
384411015766487040
384405285302841344
384401653387902976
384399397750341632
384392301516042240
384385229361655808
384381266419671042
384369454005510145
384352512079183872
384321342524235776
384315554573455361
384311775958548480
384309901947711488
384308056466542594
384307419880255489
384306671276658688
384306256137048064
384288170848034816
384253743250046976
384245056129232896
384064325310509056
384060618925670400
384034527729160192
383954274948235264
383953270177542144
383894060286881792
383889974967685120
383886362707263488
383882449790320640
383726142530023424
383720584083156992
383717110792597504
383715737032224769
383541119851974657
383525478017294336
383495949206581248
383494627778514944
383187388593610752
382911678654214145
382851053747970048
382781925745639424
382756009678082049
382638832375848960
382637844931817472
382634068657328128
382535862094811137
382533529244278784
382531295005265920
382529322470240256
382528038551822336
382512605757464576
382511094448676864
382499674361327616
382489968083341312
382487058742128640
382462488878403584
382447106968928258
382445863651381248
382410956027875328
382410148515307521
382407667790008320
382406812416233472
382406652139290624
382404881434148864
382396019066957824
382256183051964416
382252726635089920
382251059256639488
382248648811110403
382242932746506241
382232921614348288
382197414884814848
382196705556697088
382194559952105472
382166656316751872
382146307822874624
382145998820093952
382134119536140288
382086987882061824
382082216848666624
382078392754896896
382072611825397760
382047143596265472
382041414299054080
382033555557064704
382031317077991425
382028578440769536
382027529705377792
382026262585151488
382025802025422848
382022979619926016
381929973075820544
381926722813194240
381919523617517568
381919017541193728
381918963354963968
381905849028853761
381905490671710208
381905028039983104
381903873960472576
381903440344911872
381901541369577473
381899141854396417
381896744931315713
381896224137150466
381894930425081856
381894556653871105
381893733823692800
381893050772901888
381891876992720896
381891798299197440
381891539477094400
381891079257071616
381888519653687296
381888083739684866
381884900648812544
381879307679039488
381875404228673536
381874901465829376
381874732154355712
381874329794797568
381874256549654529
381874140979798016
381874079583567872
381873024305086465
381872680279887872
381867171090939904
381864815247261696
381862578231586816
381850896658731009
381843255387631616
381840374542499840
381839024840654848
381838473390338050
381837834518163457
381837424734658560
381837114939174912
381836175733846016
381830444481642497
381826237590552576
381825950784053249
381825665252605952
381824894998036481
381823238122115072
381821157998989313
381819496916189185
381818884652691456
381816477298339841
381815109217038336
381814047802281984
381813877110870016
381811271747645441
381810721484333056
381800626076012544
381798624558329856
381781985460768768
381781469162913792
381780849953636352
381779532039995392
381775382380560384
381766952827752448
381750178991976448
381748064878202881
381708765780647936
381707870560993280
381529345179021312
381528663680090112
381520302322515968
381514449057624064
381512864520876032
381509260360040448
381508699418034176
381493006982868992
381489435973386242
381400929003909120
381399269959540736
381398185672851456
381397918780903425
381393885672779777
381390791849295873
381386468624961536
381382209439277056
381367228819443713
381363097568415744
381160915452067840
381146402048729088
381137588246953984
381087239461040128
381070365721497601
381068971346120704
381058202793934848
381052136089329664
381036506200018944
381035214190809088
381035108024586240
381029468623892480
381019445985959937
381015081682620416
380996798921187328
380993571026780161
380953694180618240
380945400888188928
380938783757045760
380787725890121728
380780413234331648
380746745418108928
380745398488682496
380722695064662016
380721886226685952
380703849998065665
380687179653320705
380627458178826240
380626727627550720
380626140898918401
380625850300776448
380608672319406080
380458640156524544
380457027878653952
380454531135320064
380453242846474240
380452542460620800
380451767601070080
380450584778010624
380445546353541121
380436873921183745
380435548042588161
380435019639959552
380432159795720192
380432099112525825
380411330869489664
380409980630745088
380400827388547073
380399759023800320
380368351694168064
380363359150813184
380363295565164544
380362690159329280
380361127252615168
380352299215769601
380348851531427840
380344602957332480
380342340398743553
380341762742444032
380339717276844032
380326425397428225
380324443328770049
380274026339254272
380248233911803905
380245273999454209
380241201921683456
380241013987479554
380239525303160832
380236465726173184
380236026104381441
380233668733591552
380230372249702400
380224096891457537
379989138612580352
379989027333484545
379983690396205056
379979807779328000
379944070161776640
379940633294565376
379908110485168128
379897632539570176
379872612173635584
379871351970222080
379862771816337408
379859466016944128
379856973568544768
379853112141303808
379699681456312320
379697494097399808
379691554841325569
379673648455774208
379673434592403456
379670373820010496
379668501600141312
379591548343558145
379528903788085248
379517097476255744
379500825007390720
379493861900685312
379490979624910849
379309982933450753
379291531917553664
379289430097293312
379286418582818817
379285619014242304
379284947183218688
379284196084047872
379282958508519424
379282821044400128
379281322327298048
379279938282471424
379278495047614464
379275631923429376
379240863249203200
379229887048871937
379227287071100928
379199671123443712
379187152090714112
379175753998286848
379173101491085313
378983478882496512
378861334601158656
378614853608697856
378503810273931264
378461745079009280
378455310811152384
378452089502191616
378451838183698432
378440840114601984
378432273319608320
378426305475141633
378424100903219200
378411342421450753
378408865747857408
378406469000912896
378403484183195648
378268274510667776
378266239304339456
378262425335631872
378255256653545472
378216494007865345
378205072728928256
378175216897499136
378172785199046656
378170715712679937
378165789053837312
378155345480151040
378148382948462592
378101382106324992
378082749543743488
378081905352007680
378081333878091776
378070771232702464
378060256464494593
378059319545040896
378048286453542912
378038864520028160
377921408682438656
377879693472849920
377872256606961664
377858632802926592
377858110263930880
377847543759400962
377846815556927488
377822126742716418
377812111965298688
377784358251544576
377771849322876928
377771706318065664
377769981154701312
377769040032579584
377761714626117632
377756017700122624
377747930884898818
377738796500287488
377734888805658625
377734059591753729
377731328596529153
377728502881333248
377723050936254464
377692499525242880
377683351093919744
377681108575731712
377680281144397824
377679626006716416
377548381234556928
377542042902999040
377537360579534849
377537004646715392
377536193233444864
377525387728650240
377524824504942592
377523970896982016
377523872490209280
377498595819532288
377491841178165248
377486705445855232
377485970251452417
377482474060001280
377479985575256064
377478439290163200
377478286449721345
377477132500205569
377468930551341056
377331793130582016
377328711088881664
377327312389173248
377195939070369792
377187800355188738
377184804120170496
377167434068656129
377165524104249344
377164530595274752
377099577691611136
377098892614975488
377097998310064128
377093311778938880
377076708492316672
377047515205738496
377032112903159808
377031046568484864
377030136337403904
377030022176854019
377028833607565312
377017402871267328
376998342305128448
376976836414418944
376974359568457728
376973364251725824
376973205010780160
376949898765029376
376818954674896896
376817669846347776
376816905317023744
376816208622137344
376797436804464642
376796569766338561
376794225032966144
376790917664874496
376790367640633344
376789521360093184
376735912811851776
376701820951080961
376679299111477248
376667411854159872
376654247997485056
376627175249551360
376620976768704512
376457876346535936
376457796994478080
376457691629383680
376453529906741248
376400370966462464
376388942909542400
376372572386230272
376320132517093376
376313424809967616
376286208868904960
376282061092315136
376277715701100544
376277062593441792
376273432310452224
376251710378749952
376251045363466240
376245773567938560
376101733396520960
376083962617032705
376063600412356608
376015305753239552
376002627836080128
375953611395584000
375871618137849856
375865158066638850
375723548817371136
375716329229012992
375702592934121472
375695219427385344
375681287690133504
375668372337213440
375645040548147201
375548563528642560
375540668971900928
375535935183527936
375525186814377984
375517582620491776
375515441151479808
375513381882433536
375513100687917056
375512876301045760
375512761532301312
375509783941369857
375508986511896576
375503743749341184
375503475011907584
375499625681014784
375374670515961856
375355322941968384
375320270552449024
375316910931705856
375315126435725313
375309934017400833
375309490595594240
375309228740988928
375307946915532800
375306118916235264
375304145240354816
375302960542396416
375302381267079168
375297596060758016
375257156490362880
375255775234387968
375245132187987970
375216411171639296
375209017070845952
375200634409984000
375176056920997888
375175434410811392
375174988757626880
375168318342066176
375168048388247552
375165783426359296
375165729328226304
375161468087320576
375152975351529473
375146905119911936
375141134697111552
375137771624464385
375136374229180416
375026257022689280
375021586832977921
375020364407271424
375019577027358720
375002066416324608
374945333635457024
374940338076803073
374936761345921024
374924234956365824
374919579538952192
374912203129765890
374908598783979520
374905590742409218
374899402936049666
374892833217318912
374891965986263040
374867819906600960
374865558480490496
374864873760366592
374864206434029568
374861402848362496
374860691603472384
374856577272262656
374848609117683712
374847043182669824
374834030258032640
374790115815460864
374786338622414848
374786134657605632
374785274217496576
374783391922917376
374782221220970497
374776954139848704
374668218620989440
374663896961146880
374661845036314624
374661357444272129
374655095558119424
374641941197385728
374641460639170560
374640780281135104
374640450738860032
374637671379124224
374621283662970880
374613351487115265
374611161355800576
374607304068300800
374596192560111616
374554643721768960
374553430716456960
374544855101616128
374514965245206528
374513064256630784
374504840409272320
374488941040111617
374488273160122368
374487751413886976
374487507955486720
374485780892106753
374472442691215360
374471109749395456
374468197732192256
374468106267000832
374445879861583872
374441605937131521
374437585004662784
374435767621124098
374426261914808321
374425998596374528
374418822603620352
374291473459855360
374282571498004480
374275485384994816
374274779382939648
374270584043343872
374268561738301440
374265649595314176
374265199869435905
374243667340324864
374243607680516096
374243570464473088
374242919785316352
374237545627787264
374234608054718464
374231812119076864
374231233896542208
374224957716582400
374223800977858560
374222828939124737
374132798992306176
374118956354633729
374116212860407808
374115174694653952
374111457400475649
374100198496411648
374089419487051776
374085703702831104
374072010592505856
373913610126655488
373913539972698112
373912700059140096
373907632030904320
373906636626075648
373872112718860288
373868158933008384
373867727028760576
373867066803372032
373854481089581056
373844366114443264
373807510429650944
373774143931842560
373751906818359296
373741240384094208
373728708198014976
373727634414252033
373710663346319360
373521929929777152
373521499837431810
373517392783347712
373512558918897664
373506442981949441
373498028792893441
373494857488035840
373479727081586690
373437596330106880
373430403547164676
373412915606351873
373395960610574337
373393255229972481
373392260450099200
373386132781690880
373382879671115776
373380576750739456
373378791143256064
373376579260276737
373375656806993920
373373904384835584
373370754697400320
373355444426661888
373353977368174592
373346488908132352
373343976373243904
373337820376477696
373336247017562112
373331974703689728
373331336934608896
373329966244454400
373329564665016320
373327943293882368
373325608740069376
373321624331628544
373214166682992640
373209980654354432
373157723518418944
373132878348951552
373125422155698176
373109882838188032
373109377265172480
373096056067588096
373072767459266560
373072404572274688
373071725598375938
373070086363709440
373068678847561729
373063151224627200
373061178878332928
373060730175905792
372988769605259264
372974523018383360
372972891845177344
372972355997687808
372970378077163520
372776594051706880
372771826684157952
372732012576382976
372715662424440833
372706177039482880
372705849921536000
372705776332447744
372704343721795584
372661183926771712
372621939556507648
372616274612080640
372616254747856896
372616126666379264
372479691082711040
372478369952456704
372334067263754240
372292595298598912
372279075949539328
372273699770368000
372271031089913856
372265296960430080
372233239202914305
372080224202022913
372051661688029184
372049044157116418
372048246551486464
371903381591560192
371717266335080448
371708469390606336
371703154548940800
371699460373745664
371683298516668416
371332089209450496
371199966834073600
371196856011091969
371192101108985856
371011191529025536
371008623897747456
370901092739350528
370838101708800000
370467595809726464
370467257887227904
370465458698612736
370189968616218625
370107247885819904
370098852814413824
369900269167181824
369899085647450112
369860788233981952
369823579455901696
369815970963271681
369814512415035392
369543946340675584
369494574256750592
369489783321415680
369484101130002433
369470698839756800
369460852950192128
369455088521056256
369416589688315904
369375408145190912
369373548122357761
369367414720307200
369350239389364225
369349335265202176
369343834741686272
369201737103446016
369199915898908672
369199323826761729
369197807246139392
369197329351335936
369194077675216896
369193596806647810
369193188537282560
369186112587055104
369185409395195905
369181535137579008
369077664419545088
369050255624396800
369047193170100225
369045455709011969
369040747653103617
369031489351983104
369029565332455425
369028685174550528
368823597529194496
368822748186832896
368815503495540737
368812208320286720
368811094971666432
368809558988181505
368807847070429186
368762327098601475
368713123663859713
368709869156581378
368683764236300288
368674804330545155
368672516283199488
368668602590707712
368665352885895169
368472741932183552
368472715680043008
368472693878050817
368444143007444992
368388051422023680
368386952535363585
368386637547331584
368386122474221570
368383457623556097
368382371793346561
368379941332602883
368374204686557184
368334500507312128
368322350548516864
368320862669123585
368318698861240320
368318010508861440
368268473224691712
368134471314587649
368133778427740160
368133312008568832
368119386818609152
368107085818372096
368106857144938498
368106519276957696
368064719632236544
368035420740673536
368033700975366144
368025881094008832
368012647574142976
368009957314031617
368001678332542976
367937124265639936
367920992636514304
367919531563290624
367902542811779072
367900476907347968
367899477102702592
367776711188172800
367768232528449536
367731019761606657
367696269944569856
367693855359266816
367669490764369920
367660982891331585
367607084302364672
367595016677363712
367593719525961729
367593482270932992
367592206451752960
367585557494235136
367585183211352065
367584916013195264
367583929790124032
367580333379551233
367579754230075392
367568118685515776
367567357226389505
367565810752974848
367547370700947456
367538097933656064
367535112549699584
367534895523835904
367532334771216384
367530908053544960
367529677839007744
367526234810359808
367524851663114240
367369036377505792
367368973651685376
367368663730356224
367366784929636352
367360526755848192
367350293089886209
367349625880973312
367349381252399104
367348620346929152
367311509229404160
367236191202332672
367194863047290880
367193451831767040
367187280638648320
367176184125071360
367172710326992896
367165314015821824
367052998192934912
366983594700320768
366978282681405443
366977041599430657
366969812057989120
366960179272630272
366959191690182657
366847977312120832
366825424803733506
366822622404677632
366816407016583169
366669015298478081
366665682928156674
366663830954196993
366658447963471873
366655940423983104
366648689177001984
366635317098319873
366618493568827392
366614899889156097
366614766556418048
366612501384790016
366606436786114560
366605560377913345
366597374312841216
366545678375194626
366534553176768513
366512376595496960
366483596384550913
366472931892666368
366471818426580992
366319634426765312
366273265498456066
366272027197325314
366224895815847939
366205623643287553
366176411028951040
366174558149029888
366170975236128770
366169731788578817
366169548728180738
366164875900239873
366160664647057408
366159504548708353
366147625591922688
366136930640986112
365963005428633600
365903816043925504
365891727845900288
365891004420730882
365889293480235009
365885749867978752
365859410922311681
365859087650521088
365858402938789889
365839648590802944
365813146541240320
365778867790684161
365772066634465280
365753108988575744
365749650323542016
365747803978342401
365743255666696192
365738475347116032
365720113418223616
365718229550772224
365552148697726977
365550631626354688
365547588499406848
365546894790889473
365546159558754304
365545098517291008
365544260696678402
365538821451948032
365502567305854978
365492808393564160
365490630752874496
365466680958271488
365441994023116800
365440765675044864
365439872384778242
365436459391528960
365403287740104704
365403118768369664
365400675938607104
365400375970369537
365399169424306177
365398351518244865
365397867596218368
365380549528924160
365378124998905857
365375685042253825
365374093115146240
365372409647337473
365355897230336002
365225436617261058
365180127367282688
365162776450183169
365109867914080257
365106112866959362
365105794347319297
365096954801303555
365094158957944832
365093217588359168
365087279456321537
365086352238329856
365062144779227138
365056822593323009
365050140643442688
365048928070144001
365008035602640898
365005285783388160
365000264157122560
364886032019234819
364885629189890048
364883891875618819
364883144240926720
364882945292513282
364882308932702208
364880852246740992
364876176969302017
364745407252791296
364744561840513024
364714129891659777
364685386079289344
364677780912353280
364677507431145472
364673821581647872
364672657536454656
364659017995403264
364511781005590528
364497597006094336
364489636027961344
364453183521054720
364434220682186752
364424484301705218
364424322485469184
364423254141702146
364418741573910528
364416073434546180
364410575175954432
364406290799263745
364405200468975619
364404101062197248
364401262336294912
364399403580137475
364396726502690816
364366811984576512
364366102094020608
364363243831050240
364363017867522048
364362806030008320
364362322003103744
364337469157683202
364336123159384064
364334260674506752
364333470421491712
364331945108320257
364324113432576001
364286985675874304
364284003987111938
364276446606270464
364133087690489857
364109091246841856
364106363695144960
364105726609747968
364082586421039104
364029667034279936
364026716429103104
363973527881265153
363972092707872770
363970301219975169
363968162716336128
363960161284534272
363958289052090368
363944087231008768
363939823708405761
363788846087278592
363785754624786432
363704477477797888
363689415660814336
363646248240164865
363642841248964608
363618502726266880
363612387787542528
363606605956255744
363583241141227522
363411143685328896
363404750307328002
363388832248381441
363384912033742849
363384725773516800
363379449682599937
363378226048929792
363375299972440065
363370335217135616
363368682384531456
363362760312094720
363362215350382594
363361593641684992
363358535880822784
363357109725175808
363355164222046209
363345626836520960
363339021105524736
363327433531195392
363311266460221441
363310207830859776
363308305285783552
363307253689880576
363305318471565312
363304997443731457
363302911796715520
363300453670322177
363290789729669120
363289047776509952
363287953298030593
363286926624690177
363282060049256448
363270547141955586
363267064569401344
363261546350522368
363261211669827584
363257894482882561
363254588746375168
363251153829498880
363237407749312512
363233256696578049
363223043617087488
363220181797306368
363216791603916802
363216599156662273
363215729853612032
363215359911804928
363210995780431872
363210366001889280
363205484653723648
363203370481229824
363202536213196801
363193325962018816
363192809257316352
363191478492741632
363188797963382784
363181156499341312
363179764481142784
363178973250854912
363168394348351488
363166404927045632
363066963221680129
363062951655129089
363062878141554688
363062436070297600
363062364800679936
363061770627186688
363059596044152832
363058225819561984
363056669741568000
363055137084149760
363044171017224192
363035758161965056
363035592939933698
363033550603300865
363026488456527873
363025477067218944
363025117577613312
363024805433315329
363022168608616448
363020349446688768
363020123390492673
363015993171251200
363013249018499072
363013114976935936
363012283686854658
363010922857496576
363010768096083968
363010348745359361
363005595571339264
363004414082027520
363002475353088000
363000717113430019
362999690624634881
362996784609501184
362996186287833088
362994220807634944
362993430785294336
362993102585208834
362991686319734785
362971641594118144
362963493240053761
362962837280272384
362962535210680321
362961880270110720
362961383035375617
362959578641608704
362957163934654465
362954546454069248
362954217645801476
362952144351002624
362938098411249666
362936496036122626
362932616137162754
362930363057717248
362928358968934400
362928086288838656
362927871154601984
362927302729924608
362925029182287872
362916186708656131
362916157327552512
362892537888911360
362891887171997696
362890717045071872
362889972237336576
362884007563763712
362878158577483776
362873718185684994
362842913413144577
362840412920102912
362831971367403520
362830594209611777
362829544350162944
362825720046682112
362666269058682880
362642076678103040
362639709974966272
362624078726696960
362604487535362049
362575338447966208
362560190626795520
362528206756126720
362524869692375041
362515698158809091
362515079519932416
362501875989360640
362500029266661378
362499137180147712
362485918629773312
362483496423403522
362481902403325952
362479773731139584
362476558709039105
362474144203407360
362473498469343235
362471718666772480
362470771915898880
362470020716052481
362468002505048067
362464694675570689
362333703151697920
362325400602415107
362323534422347776
362318273683001345
362317609863086080
362313904988225536
362313565727756288
362302319783718915
362300951224258560
362299090190614528
362253678805139456
362251973568892928
362225025396379649
362207916868116482
362176917190868992
362176093484089344
362173025015177216
362151436240433153
362149328107737088
362148437979971584
362147946625646592
362146007510818816
362145860487876610
362144255763939328
362127166860828672
362121547261030401
362121265756123136
362102974283120640
362100901445529600
362097917886074882
361966074993983489
361958991754051584
361943417883852801
361940201469247488
361939372561539073
361932229707960322
361930955855900673
361928730626633730
361928650179874816
361928153012264960
361927442572652544
361917160525799425
361913525809057793
361911939267436544
361911015471972352
361909172163444737
361908402345095169
361902896142499841
361902556718436352
361900085631655939
361898612126523392
361897634455228417
361883747060170753
361875882853404673
361855477346344961
361845210591920128
361844131879858177
361836075964051457
361827987471089664
361827375224336384
361825614212247553
361777370341965824
361760462838317056
361752450409046016
361751804612050944
361748693692579840
361737714367873024
361584520119590912
361577872361652224
361559393306812417
361545788972736512
361536322235666435
361496415794499585
361443183021924352
361428540425637889
361426935030620161
361426871449157633
361424265335148544
361420431082795008
361416611384676352
361411849264181249
361409327745081345
361231898791526401
361221360359456770
361214358329630720
361207832185561088
361201796976361472
361178362896588803
361147038613782528
361146161001799681
361140012592537601
361117210376282112
361107709644386304
361063497494306819
360892769637646336
360853543277703168
360833980406308865
360819829961269250
360816892941836289
360754185895030784
360749931876716545
360749217834213377
360748402327306242
360739134899355648
360738205915557893
360707676839223296
360692376924192768
360672305556361216
360671040428453888
360668669333880832
360665850904182784
360664623231406080
360664549260668930
360663639679700994
360663133263626240
360660248337465344
360659199274913792
360658460628619264
360647454284185601
360533221240348673
360513787096342528
360513468203417601
360508611027419136
360483662841647104
360451609559433217
360443849488863234
360442964838846466
360399594091327489
360390436239589377
360385251136126976
360304811704467457
360301640034693121
360299940200710144
360299607407878144
360295738539913217
360287936761180160
360161903869296643
360144390066417664
360118462938497024
360115953805168641
360112120806899712
360109941215862785
360050814313709568
360033174924976128
360027331147988994
360020476824797186
360013492998246400
359967008328126464
359955015722479616
359954766958313475
359949207844552705
359944040361369600
359941984468742144
359941452639383553
359938412930805761
359936912871530496
359924893053227009
359789857519845376
359786811431727106
359780434877497344
359736794398461952
359727186208493570
359716545003405312
359708063311208448
359706990370504705
359700860936273921
359700677351587841
359697916086067200
359696394832982017
359647089178849280
359633802169024512
359632021384998913
359608540060581888
359584745035792384
359583275997601792
359582553562288129
359582243032793089
359581521511841793
359580835227238400
359579481410764800
359573916701835264
359569607461314560
359566276428955648
359431011307761664
359427677146456065
359426477374193664
359426211455307776
359425196874166272
359407585406889985
359405243827634176
359395836884566017
359390090100871168
359388881160249344
359385588383760384
359375222660542464
359319741069934593
359319216555429889
359318213256941571
359316599909515265
359315545969016833
359315385239089154
359308308722614273
359306367619694592
359249493734064128
359239095161061376
359234224773017600
359232483646111744
359231802948337664
359224729229475840
359215862852493312
359215397251194881
359213600948236288
359212443941085184
359209164590944257
359208191550160896
359205228547031040
359066640035897344
359045656939216896
359043631870525440
359042654463475712
359040549447139330
359037020460433408
359030654027436032
359024147315564544
358984825891332096
358950111390347264
358949565070049281
358913472894992384
358894068471828480
358888516928806912
358887515643588609
358886277191450624
358881233255661568
358873565279424512
358704434437967872
358702388946796544
358700971771174913
358655192213893120
358554983282647041
358554400681246722
358548039687876608
358529776685817856
358525182593351680
358524236010242048
358324122675200001
358307876550348801
358306612789788673
358303840120365056
358295704596250624
358285849202786304
358282175260532736
358278083985416192
358260837477126144
358209795821928448
358186253465829376
358180751927701504
358177328871915521
358169098074603521
358166006708961280
358165608443027456
358164701819043840
358143003665633280
358139908596056066
358136437130018816
358127570820141057
358126512962150401
358126413360017408
358124584773500929
358123718951714816
358115526242861056
358112910758785025
358111492329046016
358109187584176130
357947188925575170
357941729401380864
357934118945820672
357870068488605697
357817798858248192
357766814723354624
357756363323084800
357571589157556226
357568611059105792
357567617805991936
357548758826881024
357520055547867136
357370868734763008
357236072431878145
357235833385914368
357235030793273344
357229820654010368
357227856016846849
357227286837211136
357226543984025600
357218803207249920
357213492811546625
357210868741705730
357210240061673472
357166374931546112
357160624607870977
357146725451964419
357111883007930370
357111171280666625
357049094298013696
357049001754894336
357046842262962177
357025794771521537
357023339191083008
356882108670676992
356875373713174528
356871930223136768
356852046953070595
356849081529806850
356824531484155905
356821095787139072
356819063030300674
356814095825117184
356774502589407234
356771003738750978
356751952849272832
356751204149243905
356749850311786496
356747799578161152
356745090552709120
356706116366905344
356703725995311104
356678369544384513
356676378072055808
356667889668997120
356666823489503232
356535464460681216
356532797197914114
356528636133781505
356526515812446208
356526041675743232
356521400854515712
356520005489266688
356517819220885505
356509408617963521
356506349372317699
356506306019995648
356499813375811589
356492877364342786
356489966425092096
356463074368167936
356461930338201600
356459648171249666
356446054968868865
356433042014863364
356420170232770561
356401018369605633
356400838266204160
356375368594227200
356374836232200192
356371673810874368
356358271709356032
356356040796815360
356355800723238913
356349817141727232
356347950764527617
356347338500997120
356345653925920768
356345565933617153
356345279768825856
356342757532504065
356341925894299648
356341741823082498
356340331681292288
356338283304853504
356335562141081600
356154123374182400
356143411201449986
356084605104820224
356083638175162368
356074769944293376
356005022468800512
355991734007758848
355781529793863681
355780169547513856
355734104911790080
355729820170199040
355728633098285057
355726660336758786
355710932116185089
355706799153872896
355705543840641024
355704594644475905
355700319759503360
355694120846630912
355692748323557377
355689919873687552
355688208169840640
355682861849907201
355672536396210176
355666960576552961
355662412659179521
355651555267059713
355645634763698180
355639123094142976
355638622118084608
355617607296098304
355611883102945280
355590380093308928
355586068474630145
355586007904686080
355583116263432192
355582472735559680
355577861773602816
355577021180555264
355437082665172994
355436418543263749
355433966993551360
355432098041040896
355429416232431616
355428363340480512
355427659578216449
355425597679353856
355423109395914752
355422165891432448
355401530578448384
355401508893892609
355391566157840384
355388174194835456
355386587858731009
355374856843436033
355371953982410753
355348001360855040
355304602951876609
355303402550460416
355300583026069504
355300525752860672
355299900767993858
355298969900949504
355298304025821186
355297087581192193
355261386848350209
355251264877113344
355250709991665667
355228416389296128
355226568508964864
355218845084028928
355217751800954880
355213132421005312
355092873106030592
355091864115871744
355080259470753793
355072023095021568
355069763401170944
355066335937568770
355062367287128064
355040112943435777
355039785338929154
355017943979008000
355016303154692097
355015347662893058
355014440900497408
355013766850682880
355011113248763904
355010721333002241
355009370821627906
355007630059651075
354996134655180800
354982455993827328
354960464930807811
354924570836340736
354906990553743362
354905814340870146
354888255667318786
354874613064413184
354870804233728000
354869435330347009
354729605329985536
354728986301050881
354727596619071489
354727396605304832
354726529076432897
354723959171846145
354694135367745536
354690685565280258
354687586335338497
354686162926960640
354685970894962688
354684198671495171
354681976093024256
354668225490984960
354657412134879234
354649925046386688
354649525392130048
354643849441845251
354642286430273536
354634217960898560
354631548030558208
354630071874617344
354629886587060224
354628921007943680
354620143680237569
354618546925477889
354615374853050368
354603619317870592
354600413623889920
354600221671567360
354598624484794368
354572347220574209
354570641577484288
354567965380841475
354560519086145537
354558899430506498
354558665543524353
354549369690787840
354545825608761344
354518597546151938
354508444029550592
354508043188322305
354507091513319424
354505935609266177
354504807895146496
354503946791948290
354502896114601985
354502161977192448
354496978102648832
354356263833976833
354354920989794304
354349971866263552
354338791433052160
354308325434855424
354306283714777088
354305359885762560
354293582661824512
354281935037661184
354280757549744128
354279100342480899
354277151991799809
354262298312978433
354217697514500096
354216981576159234
354215067883028481
354209222554169344
354183597000896512
354181368244215808
354176393040502785
354145777607655424
354133380889182208
354003853009616896
353952614909624320
353930656763494402
353912558559834115
353890124129509376
353877727398465537
353873816256126979
353828830672195585
353825384279715841
353825246001893377
353823646755725312
353822405795381248
353816583560376321
353808638680375297
353599252892635136
353588623163133952
353561814732259330
353558866748899329
353502600076869634
353501612154699776
353501400006803457
353500681585434626
353499769357860865
353497394517782530
353481027055923200
353479011285995520
353476156177121282
353473337663557632
353472565689327617
353471031140298756
353468793953058816
353196224481984514
353184092818378754
353174731605811200
353171214392492033
353165077748252672
353117729756168193
353103934124081157
353091003072262145
353090212399816705
353087108593881089
353054182145667072
353048659090350081
353047043821928449
353045130854412288
352913083867463680
352912818900709377
352908420862582784
352904437070704642
352890978912309248
352888931987099650
352879599794913281
352878853796003841
352877324972204033
352876990107365377
352873769850781696
352871685868896257
352844942856552448
352819957068857344
352795564397707265
352785691995938818
352783381337088000
352774344713306114
352768703135367168
352755146826059778
352751466546610178
352749184375472129
352735055866626049
352734978443984897
352686593032724480
352563230058614784
352550840810209285
352533936502607872
352532716320866304
352531381655572480
352530857346605057
352529532810559489
352527719281602560
352501374912720896
352491038495088642
352488199668502528
352474346184380416
352463524779405312
352458770095415298
352442946118881280
352429839912939522
352407940826791937
352404220839858177
352397175235411969
352373154041171968
352371848689876992
352363958939820033
352360776587149312
352349915537612801
352332988400402432
352327061190348800
352323503455862785
352321227634900992
352319558859759617
352316901671706624
352314932441776128
352179344006848513
352177521728552961
352175729087234048
352173739900813313
352161856728743938
352146321114791936
352144564615782400
352141126993584128
352139983924117505
352139486873923585
352138927928389632
352138565574066178
352138314536587264
352126292105248770
352122770924122112
352122443382534144
352121946097463296
352116032284004352
352114535525662721
352108718084726784
352104360068661248
352094739702620160
352090724604444674
352087746543751169
352066327688646659
352053550605545472
352027970614984705
352027801165119490
352019065033867267
352017030645428224
352016005322649600
352014934013513728
351976744699437057
351963146971385856
351956589399392256
351821073198751744
351817235444137984
351812812110184449
351676869948612608
351664647818055681
351664508512636931
351630411912323072
351623869829881856
351621018785288193
351614216274317312
351613768297480192
351612721713786880
351411536113315840
351388926872793089
351388582000345088
351386339184353282
351383878172286976
351379366359478273
351378761645694977
351378699662266369
351377459792461825
351310462866034688
351307175286677504
351038629461753856
351011049501233153
350979723641360384
350967885117661184
350947699304050688
350934135239479296
350933494802817027
350931654904266752
350750359767101440
350738660825645056
350713326583562240
350713004465201152
350708869825175555
350694281335414785
350692785428504577
350682825537765376
350615282835927042
350613948229353474
350603775163113472
350601452818939906
350597622769274880
350596822986784768
350569367408349184
350567668128038912
350390442786947072
350390379981455360
350389617503125509
350378941120397312
350370222382907392
350367170825428993
350366537384861699
350341145957646337
350339582736338945
350332998551470080
350304389891751938
350295836648931328
350293311824723968
350261078137126912
350255282166829057
350254160807067649
350234553656418307
350195212301242370
350173789981655040
350168035744694272
350131413246414848
350127969202737152
350026798211399680
350015623495032832
349995356236427264
349972769519316993
349962934824349696
349951859181633537
349946526023430145
349934083494785024
349924161843511297
349920538472361985
349913503840223235
349903532608069633
349899438669565952
349888892780027904
349853390953656320
349832865669857280
349827980006141953
349823108661776386
349817445176983552
349810375933440000
349809882737807361
349809055247773696
349797205982457857
349795199322558464
349784133423206401
349782654838775808
349774797141577728
349667690081824768
349647512006692864
349642360801599488
349639428429451265
349636997150810112
349618053610348545
349597234314231809
349584426579140608
349579537396408320
349577760336916480
349570902528245761
349563546343968769
349551340436996096
349531167088844800
349527090137272321
349522837796704256
349521481350393856
349500904153686017
349496222702243840
349489235587371009
349481318247174145
349480773771997184
349433398697275393
349431878379511808
349430602065391617
349429937389838336
349427978872168450
349415868402368512
349293236134739969
349218637191725057
349190576048066561
349189982226894848
349188836141715459
349188011600257025
349186043280502784
349186009130467329
349159577801068544
349158850420678656
349150114805321728
349127510828646400
349123581621456897
349111649115983872
349101939432235008
349077534173970432
349072929029492736
349071455067185152
349069633019588608
349057026950840320
348941820165767168
348915040461664256
348908747386675200
348903978429476864
348894015917268994
348893027093323776
348889168644038656
348865386495741953
348833191223754755
348832167503212545
348776133489201152
348555784164081664
348545304095772672
348543606522527744
348539207423238144
348534138732683266
348533219001503746
348530085927714816
348525266957656064
348514558257803265
348510295246897152
348496391577927680
348485541332930561
348456138309767168
348449653819310080
348444739613364224
348433244544446464
348429318633959424
348429117089259522
348419482512932864
348412327810445312
348412225859493888
348411266391474176
348399708168916994
348397175266504705
348394542682214400
348389726954328064
348385567827980288
348381042798886913
348207906073755648
348204637704294400
348203449072103424
348196648998019073
348191565753237506
348182371562045440
348180050899763201
348168450780311552
348163941723144192
348162978492854272
348159566321709057
348157331701379072
348153683734835200
348141219844616192
348134692475768832
348035959662723074
348019252411920384
348013390456815616
348009955015663616
348009903887097856
347991743595151360
347988873554583553
347985522603462656
347982905491996672
347972427004915715
347969872942206976
347968388045340672
347840143136272384
347806321615179776
347772824288624640
347770234553376768
347763804458848257
347758693896556545
347748733477339137
347730287934967808
347727516385026049
347727315817611264
347726835913719810
347723644052574208
347723449667579904
347722875903545344
347722210892455936
347710202688184322
347709950895718400
347707692602753025
347689100037455872
347625642432532480
347611422844391426
347602881421119488
347503602966884352
347502001090859008
347499919604580352
347496399543336961
347493013246840832
347491461098528768
347490750990278656
347486544669585409
347483065708331008
347479504488378369
347429673707397121
347419941017899008
347418896300654594
347417253324652544
347326518818648064
347316043066261504
347314961455927297
347296823876132865
347285951732645888
347258083640213504
347252608865554432
347246452872970240
347244123880824834
347243459222044673
347242269432242176
347050611990208512
347026096237187073
347017922541150208
346975117282250752
346968842699948033
346963357393354752
346961671778091008
346944908231335937
346914982144929792
346896735634866176
346891410785574912
346889434169483265
346884750763507712
346877608480362496
346874058148818944
346870065502756865
346751451038629888
346745056830554113
346738718188654593
346690582594334720
346690344735358978
346689673948712960
346681710290808833
346680390121029632
346679634575908864
346676265413120000
346667497623269376
346656881940520962
346639191905554432
346637903406981121
346634198095888384
346633057652047873
346632042097815552
346623696254930944
346612157271646208
346595379028049920
346574660722368513
346570778545897473
346552463211503617
346533961364819969
346528284869267456
346516529355055104
346515972829622272
346385676255760385
346379776279322624
346377893175238658
346376351437160448
346374708960301059
346371582404489216
346365713105170432
346357198449950720
346348681525600259
346346739751591936
346345025975746561
346335730714427392
346284113399009281
346260771451322368
346254765749055489
346254143888973826
346248165378363392
346246703776669698
346245871278632961
346237883084070912
346234822643040256
346213222451392513
346212099539750912
346211622928392194
346201606078988288
346197590729166848
346195611680403456
346194638916435970
346190574644260864
346186089599496192
346182127915765760
346015096008482816
346013155039789056
346007566431690753
346004702669987840
346000808262901761
345983062586294272
345974901695459328
345961466727378944
345944848827813888
345846116996239360
345844518685405185
345843523452542976
345805329516343296
345656868338810881
345631380476157952
345612911923847169
345578488436256768
345577699655442432
345542084050165760
345528558732591104
345528507201376256
345524405151092737
345522680977575936
345517316525678592
345504236123062272
345503721649745920
345487925963804672
345480706253787136
345453554800152578
345449890614214656
345448976545349633
345445269443325954
345442874910973952
345439550132326400
345436723070763008
345428997745803264
345305049070714881
345302042241282048
345297934163783682
345295774705393664
345292387309998080
345291744943960066
345280365247733761
345248121720274944
345247657293393920
345234025574707200
345230607263076352
345227348943192065
345212222043213824
345207896025489408
345207087049097217
345195239335665664
345192486567829504
345183370294202368
345162147455705091
345144850804510720
345134378986401792
345113310166925312
345105499785674753
345104012514832385
345102842958319616
345102253532790784
345100076542201856
345097198154969088
345094519487856641
345094039714013184
345086661174108160
345085097562750976
345081423889305600
345072905362735105
345070257997766656
345067597647204352
344934258269376512
344897393797496832
344893964220002305
344889656158081024
344888858661486592
344883438630879233
344882162941693953
344881478448054272
344880562449829888
344879807307345920
344878248351645696
344877106624331776
344875456878768129
344859830319726592
344856385160364033
344850334881046528
344847554149773312
344837922622672896
344745985072828417
344745936225980416
344736842127663105
344730500402925568
344727780879122432
344726499011735552
344724309819920384
344721480921268224
344719975279362048
344717178605559809
344713088760680448
344712786649174017
344711406869942273
344706439346024448
344595212443734016
344592824215416832
344587009081352192
344582943139823618
344563930867318784
344546486912155648
344545238532112384
344537025820635138
344528434350940161
344523576805847040
344522823450120192
344513635483271168
344513269790294017
344510287069708288
344509581122207744
344504744066289664
344500810916458496
344459682972311552
344430991097606146
344429699977584641
344427192744308737
344424656960376834
344419616283582464
344405931116879874
344399775958970368
344397495784333312
344383888333869056
344375420763926528
344357831035736064
344357571815174146
344353499548614656
344342542520836097
344179060567584768
344176261784039424
344174480798662657
344168855633002496
344165610571309056
344145747517767680
344145087439192064
344134992869326848
344125984603242497
344107893685108736
344088848755720194
344087230672957440
344082137324068865
344080485552640000
344077954109816832
344060877831544832
344049831381192704
344045311611789313
344039916147191808
344024838370897920
344018156362280960
344017509848055808
343985889082499073
343982682251862016
343981229101690880
343978521594572800
343833810930130945
343831776105484288
343794768326836224
343790882635513856
343783050188054528
343777256541405184
343776315238928384
343771842617696256
343767295358803969
343749349051871232
343748553342078978
343742379687292928
343710390498234368
343685847759073281
343675895149625345
343673215488495617
343668798940913664
343659134979280896
343638083150962688
343480578433236992
343470339101179904
343469803006205953
343468232193232896
343465604130435072
343461508963004416
343457151089528832
343456114752516097
343432698989273088
343416677473595392
343396592264560640
343386074959200257
343383448481845251
343371500637802497
343342089024712704
343340607277785089
343339917855817731
343334047835111425
343333202317946881
343332341671927808
343331051143319553
343329742868582400
343327954924863489
343327042785378305
343322518960103424
343316971250647041
343312497568260096
343304640437293056
343292541946433537
343122056772194305
343110555734781952
343071533549371394
343053462206029825
343044233743175680
343034597442990082
343032713495851008
343031178690969601
343027370673971201
343024873112748032
342997555862466562
342996268953501696
342993206419542016
342987993382019072
342957520043778048
342948033480232960
342936716237234177
342934295079436288
342923666335621120
342919139117109248
342915967418003456
342904726561619969
342903059048960002
342899114301878272
342895016177438722
342891573907947521
342782477619851267
342767410501271553
342765235423301632
342753589959200768
342735702473195520
342660894276345856
342575973713203200
342575408237146112
342554748693655552
342551298996064256
342536566780076033
342534472664764416
342531271727120384
342527964577144833
342526949199073280
342396201838194688
342394152971010048
342384437113282560
342383064565026817
342377788281597952
342358420768301056
342354168708726784
342347347587629056
342344308608864257
342341619053383680
342293845989552129
342291947551092736
342288469223149568
342288023054061568
342283841005830144
342266611622871040
342242951352696832
342220642155892736
342216938832928768
342179041970884608
342177784136863744
342172241615785984
342166014097756160
342164633030893568
342047288606212096
342037587717922816
342036117144604674
342033867865198592
342026264237965314
341994746614534144
341992854027112448
341988878275706882
341987922884567040
341986745270820864
341978518193848320
341923244561018881
341869753297666048
341868900033634304
341851128058769408
341836846025818112
341816999254585344
341814250798465024
341659048678158336
341617399193276418
341616342694232064
341614933198389248
341611481961467905
341609541189910528
341609439914246144
341606752833392640
341593511537283072
341542197734293504
341534691150671873
341532981179072514
341497349903904768
341460712415166464
341459444267376640
341459098572824576
341457997534474241
341454719723651072
341453802089627648
341303399339401216
341302176670420992
341300113626517504
341291790512562177
341289535373713409
341289403152482307
341281717476290560
341276046005506049
341273218352570368
341270740789764097
341239571973013506
341189158393479169
341166087238471681
341148804810145792
341146176625709056
341143793107628032
341136759398203392
341135206285205504
341134016050782208
341133536927039492
341132947971256320
341132885811675137
341131849646620672
341130659659665410
341129039341289472
341128127189241856
341124534033846272
341122624111386625
341118545117204480
340968681850937346
340968575613407233
340950218830905344
340919546565246976
340915959185432576
340912647945990144
340901748338204672
340894543429898241
340871392318857216
340833031789109248
340793739297570816
340762636851499008
340762037527384064
340761722627436544
340759938152419328
340756573192327168
340754081134047232
340752833970323456
340744600572534784
340741015805775873
340552677274554368
340550013727932416
340526361863131137
340523370468741120
340519959035789314
340519150529163264
340505716064403456
340504603298758656
340453372375216128
340426768144015360
340425306374549504
340421959441580032
340412828622131200
340403216862818304
340398848629436417
340398415085191168
340398140026916864
340394026043850752
340382698474467328
340378867707543552
340378142189428736
340373581236166656
340366264109252608
340202963454816256
340201965457911808
340171117752897536
340165563563266048
340164749952155649
340157461828866048
340156354859782144
339992249792356355
339719356739092481
339697448601677824
339670681027481602
339663806076706816
339661344309661698
339660416085016576
339642532487110656
339622411806859264
339505863284903936
339501240817946624
339501080855576577
339498804183195651
339472004321263616
339446179735678976
339429216397426688
339419720321216513
339380557911838720
339366391624904704
339351847443771392
339323396255002624
339305956972298240
339289209976270848
339287407373463552
339287290360770560
339285110710992898
339280049289170944
339276271659925505
339274754571776000
339270284437753856
339269896221372416
339130366021484544
339129410340921345
339123742141710336
339106805978382336
339103915490545665
339063354553401345
339060761865363457
339055345773199360
339053747139383296
339048208833585152
339018942754455552
339009316902293504
338981045972127745
338979562572636160
338969467570761728
338948412009488384
338944595465478144
338937338036109312
338768301113098240
338755209406849025
338752428532965376
338721468785516544
338719549857869824
338719087557505024
338719017118351363
338717167430275072
338715478052704256
338709035459174401
338689616196554753
338683622242545665
338632539017195520
338605602173509633
338603417578651648
338602933874737154
338584321243889664
338583772310159362
338402121609273344
338388407145353216
338375543332425728
338248545368948736
338242087369728001
338214981952757761
338021924653379586
338008232670941184
338006849536286720
337968050076778497
337957902499328001
337956914270990337
337948768618029058
337938192588230656
337937709035298817
337879997496844289
337878288557031426
337826275311890432
337823158516199424
337822879536275456
337816374783143936
337672898930163712
337627641022672896
337623107449802753
337608700887961600
337605130348285952
337602991299362817
337583842837819392
337572533844987904
337571414519455745
337556828076527616
337553640946544640
337540161996992514
337519492701777920
337513918094262272
337513395764985856
337491472104452096
337466281303355392
337464187167068160
337460505490907137
337456603865444352
337455144868397056
337453659166236673
337315421650825216
337315167975129088
337312104853958661
337311056122765312
337283310185222144
337276720929456128
337275826301190145
337274556815380482
337262383925977088
337231746594656256
337191953718460417
337183869252026369
337180374247538688
337176808061554689
337172703062654976
337171362533744640
337160673467437056
337134346970476544
337114071562326016
337110958461816832
337107434298556416
337106190540611584
337105250190245888
337097473652817920
337090761210331136
