398170865894195201
398170291437699072
398168343502258176
398166889957818368
398166695014965248
398166447609749504
398164986482008064
398164432582213632
398163960546873344
398154876632313856
398153274458509312
398131301284200448
398131041287680001
398122445665607680
398118509357461505
398096088798085120
398095509769818112
398094330239266817
398091793163497473
398090765362278400
398086838885154816
398086686824857600
398085850178658304
398085586990276608
398085281078718465
398084787165884416
398083666615611392
398078991656951808
397919821263695873
397918159417532416
397917478275145728
397917394716196864
397916707932876800
397913543577571328
397910679271010304
397904280734404610
397903345123213312
397902411391459328
397902348460113921
397898908627525633
397898486974148609
397898419865276416
397898321034895360
397896155515740160
397895719107170304
397895407734226944
397894665166278656
397893837982400512
397893581165195264
397893569098170369
397893444502163457
397892588075626497
397890796218621952
397890234635268096
397883417863270400
397875550393352193
397874102066634752
397867977913032705
397867364798066688
397866783786287104
397866143584505856
397865816122617857
397865712254861313
397865615987187713
397865240949702656
397864435404267520
397838659309035520
397838400486907904
397836997655810049
397836892605267968
397836664401563649
397835806834192386
397833802049146880
397832569850712064
397832275263770624
397831337568403456
397829946611363840
397829227200139264
397828951894413312
397827485033046016
397827028827013120
397825512267341824
397824797583093760
397823291907641344
397820184024854528
397817754482671616
397814360456044544
397814177831866368
397806826429100032
397806359099740160
397803877233590273
397803518406696960
397802804376788992
397801942321467393
397801478565662721
397801024926519297
397778479347171329
397776917308657664
397766291622465536
397760469408448512
397759364666490880
397759302532104192
397756880195690496
397754142737047552
397753290097954816
397748838368575488
397748371131482112
397747830326304768
397731273814200322
397731087725510656
397730650205077506
397729569349718017
397729366018244608
397728602772361216
397728412518727681
397728250660532224
397727914285744129
397727672471519232
397726711699095552
397726472883806208
397725821777244160
397725368372580352
397724347730649088
397580075874660352
397579637049397249
397579369893199873
397579096349097984
397578644131811328
397576655570366464
397576261179957248
397573954199498752
397564369220804609
397563794785722368
397563758471438336
397562833811959808
397561972637433856
397550551874805760
397550093663862784
397541680783818752
397541133837819904
397540802647564288
397540580130967552
397540172960526336
397539724996259841
397539123700830209
397538660746158080
397538164186681344
397537226168352769
397534135390310400
397533862923755520
397533264916664320
397533074184888320
397532019799764992
397531628601241600
397492832283656192
397492304661213184
397492272079835136
397492239301378048
397491619404210176
397490473541337088
397490253034164224
397490201347776513
397489158673141760
397476068430737409
397475020869758976
397456291091980289
397451812342878208
397451520637427712
397451347660136448
397451264063438848
397435298726289409
397434546993790976
397434387132076032
397432746681057281
397432492816609280
397400888945684480
397400098906574848
397399942794592256
397399843309899776
397399694407917568
397396808609312768
397396627012747264
397394587628879872
397393216401862656
397392139732393984
397390132825042944
397385257189928961
397384900149772288
397381169505128448
397378992862683136
397376020393000961
397374754430394368
397353666459361280
397353211109343232
397221062099755009
397219821370085376
397209109600038912
397200112167817216
397181337720721408
397180097943580673
397178980282810368
397178970153553921
397178532666695680
397178002284740608
397177699849875456
397177486401732608
397176737324228608
397176651038990336
397175991115972608
397175846110121984
397175669651943424
397174893499781120
397173607991754752
397172935011872768
397172125573738496
397170915525791744
397170610117148672
397170336703475712
397168538689241088
397168071409803264
397167690785099776
397167018497302528
397166697766858752
397166039827353600
397164983278374913
397164227217338368
397163507944128512
397162788117684224
397162171726979072
397162026562117632
397161838439174145
397161415800143872
397160172025442304
397159741622718465
397159111252406272
397158584544264192
397158351752028160
397157936016785409
397157467466907649
397156740287827968
397151648268550145
397150497968103425
396997299143847936
396996969182150657
396994719689244672
396994619470532609
396991761635364864
396990577876557825
396863720606818305
396863454864490496
396863254586068992
396858305047306240
396857927920676864
396854154217267200
396853059592413184
396852982710816768
396784938437345280
396784482033737728
396784437267931136
396784217364779011
396784126453239808
396784024724574210
396728717948760064
396724548282114048
396723519071203328
396717513658343424
396717443739287552
396715065761865728
396712749402963969
396712663855931392
396650753554526208
396645895875219456
396630630709997568
396630176127524865
396629253049303040
396446617714585600
396440663824547840
396440350958436352
396439297802256384
396438928280256512
396438861544718336
396438487785672704
396438271896879104
396437832622829568
396437527814348800
396437033050046465
396380801333727232
396380544017391616
396375943163686912
396374219438948352
396373606969925632
396373296134242304
396372577989713920
396372237600980992
396372024748429313
396371881525534720
396371639891681280
396371331090251776
396371156275826688
396368784841531392
396364779163750400
396364553124319233
396364068136964096
396364017939546112
396363506955849728
396362621739597824
396362310631313408
396362302263689216
396359473713119232
396353089445560320
396351843988946944
396349764465618944
396347280284188672
396347221404561408
396347073643438080
396346242047148032
396313812329963522
396273363473035264
396271820266934272
396271537214345217
396270296413392897
396269919446110208
396267197234184192
396263524194062336
396263481688997888
396263207108505600
396262392146841600
396260279182311424
396259293449572352
396120434313527296
396119949133217792
396109284926177280
396104942319960064
396097827832881152
396097632218521600
396097500752265217
396086366322171905
396085219557527552
396084466868699136
396083486152355840
396083222565511169
396083085575352320
396082895434944514
396082334573002752
396063191278845952
396062604856020992
396062232959651840
396059753623080960
396059262277132288
396059061835165697
396058936937164800
396058665452466176
396058293925187584
396053076492038144
396052883285606400
396052482335338496
396052218324844544
396051424188321792
396051295145955328
396050346918703104
396040441209962498
396030292562944000
396029677459886080
396029523319193601
396029335582146560
396029251012419584
396007912537354240
396006170076651520
396006040296505344
396004953560711168
396004212615954432
396003896654831617
396003746159026177
395980046852444160
395978191862792192
395977818510987264
395976916181995520
395976123215269890
395975678254120960
395973902104817664
395971519421370368
395958735744815104
395957345622437889
395935908207554560
395935785427677184
395935651637768193
395935249907331072
395934911179534338
395934364670103553
395934093797777408
395933387028189184
395933288483024896
395933090998419456
395932396732043264
395931070337921024
395930607697821696
395928356753252352
395927505854795776
395927375349035008
395926791069900801
395926352328925184
395910817352146944
395910719360622592
395910135698034688
395909805891547137
395909712530518016
395909450479198208
395908164836544514
395907863572664320
395906299827068928
395906100119474177
395905792156917760
395760734405402625
395704860106326016
395703787865649154
395701514691682304
395699333766463488
395688392123764736
395627049442103296
395626954394959872
395624007745437696
395622073458253824
395621347579424768
395605991443955713
395605776360034304
395605379436249089
395599779897819136
395598172493721600
395597704770117632
395595490328596480
395588699989483520
395578734176370688
395578499697999873
395578239328210945
395577998575161344
395577836532412416
395577737173544960
395577262357372928
395576117790519296
395575695696732160
395575616009175040
395546190739021824
395544643590316032
395544364601991169
395544099081560066
395543523732099072
395543307436036096
395387748770533376
395382634626711552
395381474926403584
395365941942308864
395365679987052544
395365073926889472
395364685655965696
395363252428742656
395362216515350528
395362057857413120
395359583843414016
395358995377963008
395357687879565312
395356913560342528
395354805096292353
395354432663470080
395353136912543744
395348439682523137
395348028841664513
395346587909500928
395345940661293058
395345614567116800
395345476410540032
395343665310101504
395273909974487040
395193046356480000
395021738188476416
395021295098032128
395020205489156096
395019989318922241
395019770606923776
395019552322760704
395019289620934656
394937967145672704
394818044083834880
394818030427205632
394814562421051392
394813924417081344
394648424072482817
394645066624409600
394644781273346048
394644568094031872
394571132550283264
394569886200258560
394566505331187712
394566398980001792
394565297052856320
394563077024514048
394562565604651008
394560978517372928
394560645875924993
394559908999614464
394559612747526144
394559204356538368
394551123283308544
394499949750009856
394493204067663872
394492677292433408
394492566277615616
394491942379081728
394488602865831936
394488490869534720
394486763848077312
394485608069873664
394485060512268289
394484902743515136
394484237983694849
394483815017500673
394483521827667968
394483452755849216
394483357771661312
394482959870218240
394482925065863168
394481927685554176
394481896979054592
394481122400161792
394480449797382144
394480080770301952
394479279419166720
394479148418072577
394478574595346432
394474918487674880
394474015886020609
394473375931719680
394473180506497024
394452249230860289
394450366906900480
394311003841634304
394309769025970176
394309519083175937
394308650787176448
394308285114765312
394306359485022208
394224957301202944
394224828724432897
394224025637240833
394183051090984960
394159162470301696
394157290703429633
394157048541503488
394142854869577730
394142025013923840
394126468214579202
394125541726375936
394123112800727040
394122389564305408
394122237927649280
394118078419574784
394116742470828032
394111050229882880
394111043770646528
394109964383313921
394109231260897280
394109170321858561
394109061169295360
394103435290628096
394103268990676993
394103251353608192
394101161843630080
394099809105113088
394099283449769984
394098604945575938
394098497592389632
394097176965423104
394096454395908096
394095728785518592
394095455186849792
394093919010443264
394093754304303104
394093746167361536
394093740375027712
394081763753881600
394081626717552641
394080284091904000
394080055615172609
394075937584603136
394073830508883968
394072918365192193
394071298126516224
393935691996205056
393932015516811264
393897282309222401
393895381060169728
393895010703126528
393892880391340032
393892395911110656
393887586621485056
393886367945486336
393879481003151360
393878170123771904
393877083199639552
393873768126230528
393872453845667841
393843100067848192
393842895964606464
393827224983715840
393825998950924288
393819676205400064
393815433289408512
393812814340849664
393790549003870208
393782791252742144
393782389224538112
393758162438086656
393758080753999872
393757591358418944
393757190429102080
393756562734723073
393756186769911808
393752013672308736
393751927064100864
393725426880618496
393724929520050177
393724289997754368
393723939475951616
393723863831703552
393723006649769984
393720514197221376
393720028790784000
393719506687623170
393719010715770880
393718814178697217
393718764073529344
393718552747728896
393717688591060992
393716225739464705
393715373012287488
393715296294281217
393714292177915904
393713886626840576
393713130989428736
393712547414568960
393712406674673664
393711060122750976
393710674955599873
393710363142672384
393576624798445568
393575398161666048
393575051137540096
393554553620033536
393549066413424641
393548967209738240
393545798082109441
393544917898633216
393544650323009536
393544326841917440
393543532381614080
393502011179950080
393501508828155904
393501350644170752
393499436103782401
393499069785862144
393497801034067968
393497637435236352
393497502420586496
393496432487198720
393496352757657600
393496013983723520
393495986045456384
393495077152374785
393494361008513025
393494255899246593
393493979758870529
393493771708801024
393493545887481856
393491835064426496
393491324730880000
393489018404745216
393488865904058368
393488125601009664
393488004029120513
393487652634497024
393487053645971456
393486498953433088
393480796117692416
393480397751058432
393476747007901697
393476457764515840
393475030035988480
393472885802938368
393471774383702016
393470229634097152
393468789050052608
393467974264578048
393467798485495809
393426139450187776
393423570187337728
393422103850262528
393420865544929280
393420627803406336
393419476429180928
393418666555215872
393417752691896320
393409388591198208
393408073966321664
393386490539302912
393385615255142400
393385456618176514
393383608410734592
393382464485588992
393382101833502720
393382014382276608
393381388877320192
393370167834845185
393368801104121856
393368723878584320
393368707684392960
393368685324533760
393367635087609856
393356087690551296
393355947709837312
393202028890963968
393199437574844416
393199131507699712
393197481053282304
393196294304698368
393196013327892480
393188352737820672
393187919789187073
393186663620296704
393186607064297472
393174092016152576
393173671507808257
393172868336324608
393172016208961536
393171750239739905
393169983531782144
393167877051650048
393167306958049280
393166203125911552
393165105342717952
393163754114134016
393163626263363584
393163129674563584
393163082471837696
393162733337587712
393162325190262784
393162111909515266
393161765577826304
393161220049494016
393159637375418368
393150090073739265
393148864741797888
393128856519188480
393122043157549057
393121364413919232
393121000155779072
393120291854905345
393119507243597824
393110113583513600
393109840366940160
393109668202958848
393109353752166400
393107891613204480
393107397452918784
393107058125320192
393103791794290688
393103474595856384
393102264019087361
393034363501551616
393030308620431360
393030215964037120
392950949410381824
392950844041093120
392949920761511936
392832007421431809
392831296788901889
392830892562845696
392829153382518784
392828944002478081
392828253184225280
392827729089163264
392826195378581504
392826150830886912
392825691776884736
392825260141068289
392824736683544576
392824424707002368
392812943177699328
392804222502051842
392769684644573184
392769483003396096
392769335909175296
392769078001414144
392769000134172672
392765739247345664
392760575048286209
392751233641218048
392749734441779200
392747556486520832
392746904570044416
392697719904829441
392697453092544512
392689931120029698
392689868788498432
392689382786101248
392689078489337856
392688058128408576
392687904927272960
392674489571352576
392671890760028160
392671653601484800
392671395978969088
392670927206756352
392670598171992064
392669833567145985
392668846844551168
392668805648121856
392668471294963712
392665414016442368
392664481333268480
392664239279980544
392663603658375169
392663354067931137
392662082707279872
392660382227369984
392659596160290816
392644649241690112
392643352530669568
392641868170670080
392641188714397696
392640117103288320
392639982466129921
392639700491436032
392639304780226560
392639074546503680
392639014056251392
392638899610480640
392485776224555009
392478684999086080
392469255817412611
392468986501537792
392467326198894592
392467185253515265
392467068005937152
392465847819968513
392465428921851905
392464729093853184
392463510862434304
392462971080675328
392462655543185408
392462589734580224
392462224587259904
392461979291357184
392461657869271040
392461512620535808
392461334941810688
392461105853116416
392459448448712704
392458422924632064
392453672891715585
392452837948416001
392445720772366337
392432355899891712
392431928559017984
392431917939048448
392430816867143680
392429986524958720
392429528616022016
392424762854866944
392424497611292672
392424031091453953
392419785851817984
392418555050074113
392418328452825089
392408388799574016
392397622365130752
392395096098095105
392393893620506625
392381204991053824
392379758711152641
392377092736049152
392376870656032769
392376054905843712
392375978082959360
392375921090756608
392375745395568640
392375490205720576
392375268989734912
392374921437130752
392374677462876161
392374416254197760
392372581720141824
392372486673006592
392371566753107968
392371514240434177
392370861065641985
392370757873172480
392370672196149249
392370417262157824
392370328313532416
392370220549308416
392369715513155584
392369420347387904
392369137793912832
392369108563795968
392368731927904256
392368190560665600
392367985551495168
392367898486116352
392367389792563200
392366849662681088
392366118301884416
392365458177150977
392364087038201856
392363382118301696
392363218322358272
392362213669089281
392361207547822080
392360266404757504
392359350230331392
392357247701245952
392356108477935616
392355891477225472
392355468724957184
392355102876782592
392350898015727616
392349938405105664
392347622889226240
392347112484388864
392345476521271296
392345266797674496
392345106113916928
392343833146822656
392341559490138112
392336874582601728
392335107505545216
392334744752766976
392327806954536960
392327029347340288
392326147184558080
392325927558205440
392324021293158400
392323902363693056
392323748260757504
392323537740259329
392323427300028416
392323158302552064
392322547658022913
392322289431486464
392322059042562048
392321137054842881
392320470714187776
392320401617190913
392320297736896512
392318651036364800
392318196717740032
392317052322463744
392316729969614848
392316234341289984
392315369761013760
392315345522151424
392312667811377152
392312469659844608
392306265747369984
392305406514851840
392304734562177024
392304609672564736
392303793087721472
392303444415242240
392303239817076736
392302901319958528
392301781470175232
392281570125438976
392281363342053376
392278870251937793
392278537501417472
392278347171917825
392278204540399616
392276228305981440
392275769684004864
392275523562270721
392139727333515264
392138256550068224
392137638775640064
392137515685388288
392136817773780992
392136508057993216
392136384867102723
392135696753782785
392133581062959104
392132991558098944
392132764125782016
392132451885002752
392127458612219905
392125538506383360
392124527158624256
392116015833694208
392111850550071296
392103435543142400
392101264449740801
392095273377619968
392088094968532992
392086580111740928
392074539863392256
392041525284044800
392041200275845121
392038617847046144
392021690878029824
392020970393059328
391931952401375233
391931881429557248
391929413526245378
391922767462817793
391921021047300096
391752901233623040
391752760409858048
391750805507682304
391750285795676161
391750156401393664
391749469240184832
391749060170121216
391748970306740224
391748399252262912
391748204049334272
391748018220703745
391747907553988609
391743859689926656
391741846197899264
391741704895991808
391741573479686146
391741397201457152
391739573325529089
391738922960580608
391737914838622208
391737456774873088
391737319331356672
391737215903993857
391737005450592257
391736326245974016
391735971005227008
391735535502258176
391735082873913344
391615915688603649
391613563443224576
391612164919672833
391611880336134144
391611208660303872
391611152687300608
391608542840782848
391607906337947648
391607815011192833
391607009994629121
391606857493921793
391606436494442496
391597970824495105
391562079070867456
391561793174536192
391220111027077120
391218526381674496
391218111900180480
391217748241829889
391215579610087424
391214765387042817
391214120478851072
391213139003711489
391212922753413121
391212893066129408
391212418790981632
391209104741793793
391203389327290368
391203053128257537
391202908139962368
391202622343872512
391201530382000128
391201327683883008
391200598122438656
391200051097108481
391199585076404226
391199115444764672
391195270181969921
391195135335477248
391194931869405184
391194733743054848
391194474333745152
391194202488307712
391194088164167682
391193968806871041
391191845398515712
391191712829149184
391191233755770880
391190882839298048
391190737749946369
391190545327874048
391190064660631553
391189134837968897
391188127135432704
391187504839135233
391186888381317121
391186770563317760
391186726581850113
391186556041850880
391186111529119744
391185924031135744
391185563513929728
391185402851110912
391184419282640896
391183945309511680
391183916280721408
391183899100864512
391183763033440256
391183595546480641
391183290390310912
391182883424964608
391182616931495936
391182507187519488
391182132229316609
391181775747039232
391181566187032576
391078298265985024
391074182596788224
391072630796591105
391072337606758402
391071484564611073
391070536618369024
391070447879471104
391070055938547712
391069901319725057
391068884876267520
391068234591797248
391068027992563713
391067763508543488
391067580867555328
391067241338241024
391067070336475137
391067003865165824
391066329567854592
391066015779393536
391065332934119424
391064465179181056
391064362619637761
391064271309656064
391061531032424448
391060575272181762
391060131481284609
391058441826885633
391058378887159808
391058356682498048
391057949256187904
391045990230134787
391045846659104769
391045740077674496
391045495847919616
391043449756975106
391022151257440256
391005467817676801
391004734276263936
391004674385801216
391004524653338624
391004144737087488
391003770748174336
391003544415117313
391003448579473408
391003257210155008
391002871728046080
391001925593726976
391001765577261056
391001679975682048
391001488786325505
391001414744276992
391001231079915520
391001052251574273
391000732763058177
391000205815840768
390997433175375872
390997311611863040
390996843573673984
390994284037419008
390994021310418944
390993641654607872
390993186606567424
390989467869118464
390974184610070529
390974071082848256
390970307198332928
390968881558605824
390966969383804928
390966522891743232
390966359448100864
390964324858343424
390960480724193280
390955913789861889
390945882222657536
390941652174782465
390928695508348928
390927911785873408
390927502014967809
390927282833207296
390927173236039680
390926780863086592
390926434115788803
390926216955711488
390925668269432832
390925624912912384
390925308045840384
390925040939962368
390924720868450304
390924620280635392
390922270459580416
390922159033704448
390920764264030208
390920695641034752
390920646026596353
390920172003131392
390919926606987264
390919859506515968
390919524977225728
390919467901124608
390919285151113216
390919192058531840
390918573620994048
390918367710027776
390918286311165955
390918239032979457
390918028118208512
390917986414260224
390917903564177408
390917793702752256
390917742058287105
390917733275410432
390917680712409088
390917546498854912
390917324955729920
390916722875957248
390915924473438208
390915884661080064
390915458633043968
390915397354270721
390915212809093120
390910208945700864
390908911022538752
390908809285476352
390908067438952448
390906946922233857
390906849572433921
390906719364464641
390906495514460160
390905702270910464
390905441188061184
390904311406137344
390904051233476608
390903266726662144
390903018339983360
390902839276740608
390902243073196032
390902082624311296
390901781620072448
390901349153775616
390901094400163840
390900096726224896
390899940626796544
390898738195341312
390898493331881984
390898123113254913
390897984147578880
390897898265014272
390897766731624449
390897165838852097
390897057227374592
390896904311410688
390896435480109056
390894965775405056
390894752134356992
390894637629841408
390894331043012608
390893439489159171
390893298191437824
390893270035099648
390893259956174848
390893220475195392
390893016468430850
390892984214233089
390892871148384256
390892584778080256
390892328141225984
390891621778460672
390891407109812224
390891328986705920
390891316936470528
390891062228959232
390890905517195264
390890861229506560
390888230989889536
390888187767562240
390887347732373504
390887285572788224
390887190785708032
390886124807548928
390885635953025024
390885426984411136
390884343218184192
390884043866537986
390883803348353024
390883629804814336
390883325025746944
390882940630339585
390882795465490432
390882295462526977
390881972106838016
390881724999401472
390881355409948672
390881287038578688
390881249877045248
390880826545958912
390880810167181312
390880710665719808
390880656852779008
390880276035166209
390880229562253313
390880072842117120
390879947956682752
390879908349894656
390879612106178561
390879565868204032
390879241015136256
390878957425668096
390878526863593472
390878309552492544
390878266737049600
390878109970755584
390877842164445185
390877741392084992
390877532796776448
390877471970959360
390877344338288641
390877072094396417
390877021720838144
390876985909862400
390876492965883904
390876187675095040
390875939233882112
390875560223969280
390875399330476032
390875172791926784
390874782092509184
390874453405868033
390874395209891841
390874157531275264
390874119929344000
390873878832361473
390873576607604736
390873539898658816
390873417500872704
390873253759041536
390873096821178368
390872930428944384
390872639889494017
390872345902350336
390872290684321792
390871962438094848
390871916632080385
390871857370791936
390871816270782464
390871643637415936
390871450355507200
390871431296593920
390871362874929152
390871340410220544
390871314447478784
390871152312475648
390871108255490048
390870930689626112
390870914268938240
390870077178122240
390869886572183552
390868938718212096
390868516465045506
390868269881896960
390866712801050624
390865051059773440
390864940300783617
390863596689039360
390863384172036096
390863085130764289
390861671545458688
390861253167828992
390861222557794304
390860384166768641
390857351575912448
390856958838059008
390856824926535680
390856136406368256
390854976966496256
390853927279001602
390853064053497856
390852002932330496
390851557325303808
390851203196006400
390685913720045568
390681463840313344
390680410931617792
390673040172146688
390672206281572354
390671205097046016
390670095758159872
390669339999084544
390666425435570176
390665890360225792
390665081983614976
390663211101724672
390660369649500160
390652886423990273
390651726703116288
390651587695497217
390651315942346753
390651060253380608
390650280419016706
390650253265092608
390650037338116096
390649533686116352
390649237744390144
390648973910081536
390647695154880512
390647168417021953
390646906076266497
390645548023173120
390644288838967296
390643850555166720
390643755952635905
390643497688395776
390642551671521281
390641853722533888
390594454450876416
390593891336204288
390592626967457792
390591743009497089
390585463054295041
390585432230330368
390585120073457664
390584896198279168
390584860253126656
390583542037884928
390579640458555392
390579042858332161
390576896268046336
390574776454234112
390574553090752512
390571489889910784
390571259249295361
390570330148069376
390568590044581888
390565819438354432
390564279214411777
390563188615700480
390561966760402946
390560878925737984
390560593327161345
390557285661290496
390557160255799296
390553915240235008
390553729168314369
390553468869804032
390549437673897984
390548832444248064
390548803344150528
390546690958442496
390546382958104577
390545704185528320
390517820393799680
390456602853388288
390455274693066753
390455132191993856
390453184525000704
390436457103368192
390434489866145792
390432724630003712
390432167265714177
390431136410644480
390429897606561792
390345997324668928
390311054397681664
390305831394095104
390305418787815424
390302485371297792
390275201646067712
390275101473513473
390268852379979776
390268516059713536
390268370462863360
390260837522636800
390260532462505984
390260314878787584
390258948898848768
390257655660691456
390257567345442816
390255005590364160
390251441170178048
390251197921521664
390251091495243776
390250723570900992
390236950151856128
390234841129963520
390233895159230464
390232373948076032
390228890511507457
390222152567627776
390214671837696001
390214532368699392
390214373291335680
390204664194822144
390203871710429184
390203345606307840
390203098477899776
390200457555369984
390200313871097856
390199925054910464
390197820692918272
390197310183194625
390197161679659008
390195512026337281
390195409446268929
390195246736625664
390190898908508160
390190602752901120
390190427590373376
390185388490620928
390182300765683712
390178689562202114
390175280020877312
390175168339132416
390174823298891777
390174289141698560
390174013362044928
390173409298362368
390173153450000385
390172842488496128
390172412215820288
390172266488938496
390171755098419200
390170313939755008
390169715450314752
390163391538810880
390140329959383040
390140204428050433
390136661981802496
390136071134400512
390133554963046400
390132748243206144
390132651082121216
390112605777321984
390112397102313473
390112024027353088
390110762363936768
390108959316508672
390108026293612544
390107446611427328
390107436729638913
390107301882761216
390106744380067840
390106046909267968
390103652850860032
390103155507089410
390101669851062275
390101216325160962
390099774025637888
390099478545309696
390094002751414272
390091568884875265
390090015843180544
390089301096005632
389975239934767104
389962392521555968
389956396940161024
389954332465967104
389952717088509952
389952611249438722
389952454231482368
389952284399923201
389951620127027200
389948446708224000
389947841814097921
389947385893228544
389947335838425088
389947236890591232
389946932757422080
389946708387315713
389945850362740736
389945576931864576
389945316545282048
389945309276557312
389944747290161152
389911099182575616
389910981951770624
389906871340920832
389906088289509376
389904939306065921
389904826097610752
389904700297867264
389903276323258368
389902985053995008
389856394167746560
389852846168231938
389849088805851136
389848765747953665
389846949677260800
389823573122351105
389790069906620416
389775875593367552
389772660088922112
389772021057347584
389765520280395776
389765397265666048
389764824009146368
389763670944657409
389763527151337472
389758906487930881
389758819997216768
389758249798365184
389757633076277249
389757468458225664
389757370387005441
389757293794820096
389756952344948736
389756807721140224
389756729019207680
389755330227212290
389753993439621120
389753975714496513
389735665799135233
389735162851778560
389730760380276736
389592938553962496
389587072752701440
389585597154607105
389584947314307072
389583076918972416
389518279649136642
389517576348258304
389512000532783104
389511901085855744
389510030224936960
389507431987818496
389507088470130688
389490350705737728
389489923457163265
389485682168561664
389480376042659840
389460865759866881
389460472514486273
389419526728601601
389419322700861440
389416869993517056
389414617761345536
389411033380433920
389410330020823040
389410077146226688
389409343470182401
389399862434738177
389399629659262976
389398870297296896
389397626040238080
389397291594813440
389396238325403648
389395768877936641
389395074406031360
389394915047649280
389391457842233344
389391315449815040
389251457863540737
389251152287522816
389250465931603971
389239528730263552
389238165514362880
389237916825686016
389233526849011712
389233401498046464
389230143144620032
389191016294539264
389189227063152640
389189132892651520
389189025438777344
389188456468840448
389186893226577921
389186779313496064
389186535691517952
389186190168969217
389186078613073920
389185764816191488
389185281712078848
389185068549160961
389179159840190464
389176672995397632
389140345021554688
389125209942675456
389115579732594688
389110386311839744
389109829673181184
389098346641510400
389069378404089856
389068762118238208
389068016962396160
389067451561803777
389067355109593088
389066914497953792
389066343422513153
389065492729573377
389064392760770560
389063324505104384
389063232456900608
389062706914791424
389061262723674112
389060199585042432
389060002041716736
389059156323217411
389058808531521536
389058658169937921
389058508361961474
389057810484314113
389057111474188288
389056371481530368
388882901296623617
388881897213812736
388875339138486273
388872405461917696
388842785740038144
388842181378588672
388841395101790208
388836936544026624
388836199957159936
388834089790230528
388833772000395264
388830544303099904
388830071005270016
388828840467759104
388828168762572800
388826644468617216
388824196752486400
388823599752028160
388821078195195905
388816925792276480
388813656848232449
388813342459969536
388812869153730561
388809080115961856
388808122321469440
388807336757698560
388807208294572032
388778645688705024
388773236181577728
388772397958332416
388770154504785920
388769876405665793
388769428416241664
388761079742201857
388760865799172096
388755773893124096
388753681510055936
388753459673305088
388753046211411968
388686810916061184
388677416392355840
388676775787917312
388676137821700098
388669673677811712
388649625189900288
388648797712420864
388647746951213056
388644723277438976
388643138350620672
388642495573557248
388517616655945728
388479696536494080
388479331581693952
388475973332516864
388475868076457984
388473825496547328
388472150610288641
388434785510506496
388434070318755840
388434009501360130
388423503642640384
388419538905464832
388412545905999872
388411868593008640
388411307466428416
388406612052148224
388406135818301440
388402334168281088
388387929732968448
388387791086047232
388387765932789760
388385712246362113
388360043323994112
388355489677209600
388354032886378496
388353227697446912
388351040581824512
388348566395424768
388347162696114176
388345810859352064
388345446101692416
388342293167874048
388341949163642880
388340036712009728
388339423584456704
388339074249281536
388338801929883648
388338379227926529
388295490913042432
388294902926163968
388289041549893632
388286067297640448
388282507176595457
388282037720735745
388128285902643200
388127971245957121
388126891619516416
388126624861782016
388110400312451072
388110084892393472
388099593059053568
388099234357993472
388098903209287680
388098697055068160
388097976389746688
388097783510495233
388097501749735424
388097252645801984
388095525204926464
388094961075228672
388093622542811136
388091689186754560
388091581988753408
388082067822497792
388081966370672640
388072262555168768
388045716981288960
388044806305632256
388041776550125568
388041306531827712
388040631832285184
388039947573547008
388037306671984640
388037086131286016
388036425012490241
388036333236932608
387961681286299648
387961585211572225
387960463688212480
387959751273107456
387881262826127360
387764306638827520
387762769149591554
387762346657337344
387762230185701376
387761094703730688
387760712149647360
387744086351822848
387743244886368256
387682250818871296
387675528431296512
387671640617656321
387671053905842176
387670539801591808
387670227984474113
387667060504809472
387666895081459712
387666618467106816
387666432076435456
387664971594596352
387664944566517760
387664086994935808
387663655367475200
387661775014866944
387661634140766208
387659577270874112
387659008250634240
387658026867388416
387657684884791296
387656727123873792
387656036036792320
387654438329933824
387654209719377920
387653293276549121
387652921124352000
387652834134478848
387607976481398784
387607154003554304
387574998522920960
387573870288707584
387393503631659008
387362852966637568
387360173385211904
387359688074862593
387323161613991936
387322000211197952
387320961877676032
387320818046607360
387315177882152960
387295935497527297
387295640721821696
387235735759486976
387235112334921728
387234899746643968
387234160446025728
387231251461308416
387225642326319104
387224164761083904
387222848508809216
387222837410689024
387222757047808000
387221650552680448
387220288087527424
387200741343256576
387199645904306176
387198089834278912
387195684262522880
387177524637089792
387177213520388096
387177160206581760
387052965720121344
387051697849122816
387051437819039744
387040391435784192
387039642765103105
387037921812819968
387036093758992384
387018096780668929
387013879831605249
387013596623814656
387013080686678016
387012518821908481
387012341004394496
387012128927801344
387011802564808705
386962279033364480
386961476138708992
386961375198597120
386947079114743809
386946334869049345
386945404358508545
386945281385693184
386922888588427264
386888901756874752
386881284393279489
386880124156518404
386879273748815874
386878196177580032
386875783236435968
386875111053090816
386873251269320704
386872533187710976
386673350950387712
386671485198168064
386671327202906112
386641966726791168
386641810719649792
386641725931810818
386641517575544833
386641418980036608
386641227715584000
386641143594639361
386635693327282176
386635646770483200
386632449062473728
386631984656568321
386630802399707136
386630399952044032
386570989103894528
386560648387100672
386560215190999040
386559528629571584
386558462173249536
386558206505279488
386558107251261440
386555966931492865
386554699714789377
386554293987209216
386552827771777024
386552592609722368
386551641127677952
386551612170194945
386551386554384384
386551071780253697
386550743559204864
386550645651554304
386550585794646017
386549725941342208
386528914727632898
386528838064164864
386510090150227968
386505285772120065
386503637964304384
386497750201667584
386496837089116160
386496647435264000
386350142128807936
386347160637149184
386340465521348608
386340193654939648
386339692100067328
386339493273284608
386338953504100352
386334885159251968
386334319972610048
386330607858360320
386330565613322240
386330504393269248
386328465001050113
386328302408847361
386328141712478208
386327978046529538
386322593239670784
386322506040102913
386322136647733248
386321999942799360
386321779418865665
386321330368299009
386319764089348096
386317464725774336
386314898755436544
386312944956354560
386311221361643520
386310241685475328
386307980922077184
386307891470155777
386306695959306240
386306620558290944
386306025386561536
386305932512075776
386305216556957696
386297205167886336
386294256748351488
386291454722576384
386285301527638016
386284820927479808
386284691197661184
386274254603288576
386273886364368896
386273638220955648
386212844393746432
386202851422531584
386202626679111680
386196933632872448
386193698524250112
386193312916705280
386191351064571904
386190628998365184
386189446389194752
386176047127232512
386173600962998272
386173420066832384
386171725811310592
386171197387722752
386169219744034816
386166376307896320
386166199673184256
386165520678285312
386165368710258688
386159402212143104
386158928784281600
386135042235170817
386133238265036800
386133164394958849
386132523593392130
386131833022189568
386131072334839808
386128652494045185
386128158551834624
386127863528710144
386127437022498816
386125530933641216
386124707109408768
386124271178616832
385979297652953088
385979075916857344
385978731564503040
385974945693442048
385974526380478464
385972630529921024
385972310127022080
385971590279618560
385970178942459905
385968990951972865
385966499938054144
385965853465796609
385962613705699328
385951503296372737
385943667208228864
385942930000596993
385942794704932864
385922022686994432
385914405692518400
385907296015880192
385907110476664832
385906823980519424
385906629117366272
385891151406178304
385865265097224192
385864649901895680
385863921191903232
385862978798907393
385848844317372416
385847956043497472
385847812573134849
385846233434423297
385841072787947520
385839012373864448
385838624425910273
385832666861699073
385831402698457088
385802811210215424
385793404455878657
385789307409416192
385785638769147904
385783810727874561
385783456485355520
385753230828773377
385752308694269954
385750896010752000
385748905767358464
385747565733367808
385746287959617536
385744192451788800
385629630461267968
385610464735948801
385609251374116865
385609061967745024
385596007993446400
385595836186386433
385595011976282112
385594705792077824
385589526329978880
385584911458914305
385580345443110912
385579501070999553
385578822000586752
385577338961809408
385576222144466944
385562204851814400
385560608545845248
385560509086302208
385559889415655425
385559712550236160
385559255769571328
385557114682212353
385502998761603072
385495162740547584
385495071833223168
385490916490092545
385490204125306880
385484771453063168
385484303238717440
385477202802147328
385476110919958529
385472841631936512
385467872245727233
385463006089719808
385455552257880065
385440739561181184
385439672488325120
385439172070084612
385438980197466113
385432205494738945
385431412892917760
385408487888412672
385407949260075008
385403960514707456
385402191978065922
385402113016098816
385401653752381440
385401423879340032
385401056965836800
385398297130590209
385396813785612288
385395583617208321
385394067057569792
385392519082557440
385388565187670016
385229246827737088
385228861958402048
385228325041369088
385226698116984832
385222257955442688
385219800353357824
385218567370571776
385213585418223616
385212903487315968
385211295647019008
385200890799349760
385187501595316224
385186863905898496
385184387542704128
385184282387296257
385183978740674560
385183853582614528
385140957588766720
385140794862362624
385140572992049153
385140201104080896
385139158924402688
385138549152296960
385138504436826113
385133606861303808
385126039250558976
385125779346321408
385120687801008128
385120636819230720
385120384699625472
385120211734900738
385120194248859648
385104155293265920
385101582037430273
385101040372436993
385100849544171520
385091409210249216
385090937405603840
385090889217224704
385090125040201728
385048489358807040
385048252137369600
385043078056538112
385042074384756736
385041556228804608
384887009350660096
384867724389662720
384864325791260672
384863920386621440
384860317714358272
384856912027602944
384856821229297664
384855749949521921
384855583309852672
384854958572453889
384854945637208064
384854935533137921
384854272917008384
384852711205650432
384852405294100480
384841899976040448
384841780975251456
384840567428898816
384839053725556736
384809592246763520
384806527963762689
384804748479959040
384801960677105664
384800843809443841
384798364816404480
384797895041765377
384796027855052802
384795802302185472
384793123718975489
384792679961604096
384791376107700224
384789094003662848
384757400747917312
384756970248744960
384752901039874048
384752875551076352
384752145855418368
384731047138971648
384731017514594305
384724468481798144
384724108833210368
384720681868750848
384719244191354880
384704653658947584
384697999865425920
384669308288110592
384664310242226176
384661307154128896
384513498522193921
384512651117600768
384512584541417473
384502931124277248
384501648237686784
384501533959680000
384499494273822720
384490324912926720
384489690516049920
384489607263309824
384485060620984320
384484913216356352
384484579064553473
384482845193801728
384477368800137216
384470593409536002
384465661826584576
384421164686135296
384392800206196736
384392516344500226
384328073367539712
384327935387504640
384327478116106242
384327160116576256
383988944087830528
383702552745091072
383702313539756033
383702087965876224
383701301714247680
383698360064311296
383698083697405952
383628733552148481
383394394549653505
383333893254164480
383333573191020544
383316676831633408
383312522155397120
383309970617667585
383309517003710464
383309318285963264
383309033647902721
383307169430798336
383307062505394177
383306659378237440
383306389365727232
383306283178524672
383306032673722370
383305777089622016
383305681048457216
383304716094291968
383304461122551808
383302853169016832
383301838487191552
383301489357504512
383266397465608192
383265400676712448
383264785791729664
383264082939637761
383264042783375360
383263678927499264
383260871981821953
383260798728273920
383259049103736832
383258926239985664
383256675622584321
383255482158571521
383255232958189568
383254411943755776
383252810848305152
383252305803751424
383251747676102657
383224514865164288
383224194445475840
383222382430654464
383222293482070016
383221906964377601
383213426060693504
383211393219956737
383211214425182210
383066882481213442
383066759944622080
383037426978938880
383035537092657152
383035154798612480
383034501351227393
383034438931603456
383030680709394432
383029714023383040
383029540970196992
383028256926359552
383027268320497664
383021938442252289
383020056000868352
383019064790351872
383018714737942529
383018021381746688
382985290652348416
382980853669711872
382973916735897600
382973317730533376
382972519583854594
382969400577753089
382968852080230400
382968735591837696
382967035065798656
382964655863631872
382963037411762176
382961830970548224
382961612795424768
382959254916710400
382957913888677888
382956426382942208
382955636327473153
382955465644052480
382955003482488832
382953822941102080
382953268177305600
382952613773598720
382952401504055296
382951948045266944
382951189853511680
382950344407666688
382949388064391168
382942381240483840
382942146166546432
382911915095511040
382911789471899649
382911367847886849
382911332615741440
382911182489010177
382878148527792128
382863600563400704
382863183934783488
382863120919576576
382862878002253824
382862518533627904
382862052164767744
382861960947052546
382861839110905857
382861430615068672
382860678131773440
382859705623666690
382859352853331968
382859274155606017
382857910851612673
382857223635890176
382856341468893185
382855757441409025
382855308080463872
382854717094633472
382853995431079936
382852684799148033
382851595135754240
382850855495417856
382850315151613953
382850132611317760
382848785740603393
382847433232764928
382846395163496448
382664621762441217
382661929061203968
382661828792160256
382655863418126336
382655534815379456
382605330821033984
382600701685141504
382579371426738176
382577320227532800
382576636421734400
382575870227259392
382575827793510400
382573013340028928
382572736276856832
382572329546833920
382571620784947200
382571566078636033
382569231780675584
382567556042985472
382566878667087872
382566193342980096
382546487101898752
382496739095105537
382496546568155137
382496379383205888
382496040554737664
382493837001641984
382493194773995520
382491250097549312
382490692221542400
382490167598014465
382489311079178240
382489160180695040
382487973259771904
382479520457953280
382478410045329408
382477847794696192
382477562431033345
382475906800828417
382473899037831168
382473850761392128
382473715897749504
382473180767477762
382472658899574785
382360983819149312
382346468863922177
382345390516731904
382344468709380097
382343577231032320
382343133649838080
382342908164055041
382342392449232897
382341695586594817
382340977802756097
382340819857854465
382339376077737985
382338575741632513
382337981358407680
382337824801837056
382337290845966336
382336757183688704
382336398629421056
382335534212730880
382317289405562880
382315163937816577
382313922562244608
382313384206557184
382311906142216193
382311109740355584
382310839857856512
382310757313953794
382310674812006400
382308772653199361
382307567164092417
382307366403702785
382306732266889219
382303738536280065
382302553150464000
382299973259251713
382298864176218112
382298388659597312
382298262805295104
382298002259320832
382297817550581760
382292869081346048
382292109849395200
382291423728386050
382290653780004865
382290521332260864
382290120088379392
382289588330307584
382289046287822848
382288740636319744
382270331102048257
382260479697379328
382259460653461505
382259071535300608
382257910845566976
382257312842670080
382256978309156864
382256740164964352
382256686800842753
382255049306800129
382254638176935937
382254351617908736
382253930140663808
382253551155953665
382252794365095936
382252153563512832
382251604915023872
382251254673858560
382250973730967552
382247907388571648
382247347335737344
382246138336006144
382245972937805824
382245796634431488
382245211101200384
382244917428617216
382244410563760128
382244274768973825
382239489382699008
382239252576501760
382237634082648064
382236941946982400
382236434629156864
382236353351909376
382234933278015488
382234551780917248
382234232506298369
382233606456111104
382233089407459328
382232360684904448
382231834249408512
382230217986957312
382218881026506752
382216307888119808
382216012323901440
382213861077958656
382213084741644288
382208337955545088
382207922564239360
382206791905718272
382205666439729152
382203815430455296
382202600831320065
382202055399854080
382201878303764480
382201649185705984
382199474275504128
382199384949391360
382199247191683072
382198559292293120
382173334751809536
382172215896051712
382172031715790848
382168435049771009
382168260130504704
382167886808117249
382167391469182976
382167148337979392
382166670371872769
382165607065456642
382165461737037824
382164780452040705
382164602361876480
382163845139005440
382163020731793408
382162610952474624
382161795659493377
382161723802660865
382161421150085120
382161105864253440
382159912383442944
382159437344952321
382159142351155202
382158465008803840
382157831157194752
382157490860732416
382155001490976770
382154774830804992
382154266149801984
382153801865498624
382140956822089728
382140680220315648
382140209099313152
382139436823101440
382138539237863424
382138201420214274
382138177105842176
382137989842735105
382137405748166657
382137224910733312
382136597421903872
382136115504754688
382134620419944448
382134458419130368
382134160850030592
382133683018166272
382133030854221824
382132790755483650
382131563674083328
382129323139817472
382116084532252672
381948648214392832
381946940058923009
381945426976321536
381945313050644480
381945165272719360
381945097329197056
381944471882956800
381944383064375296
381943216984965121
381852445988515840
381852261996961793
381837016389779457
381598669629169665
381597585888137216
381596783106719744
381594938615398400
381594789830877184
381594639335047168
381593807969464320
381592811943886848
381592369264459777
381592336142041089
381591805063491585
381590184925491201
381587855341928448
381582410917240832
381580477234024448
381573729450352643
381573561527197696
381569772615258112
381569030789668864
381535274565529601
381534866535239680
381448265922658304
381447535761444864
381447181409857536
381438566095540224
381437121686274049
381434489643081728
381415765720592384
381410802105733120
381410269848547328
381409494590177280
381405864889810945
381403637601169409
381402631727353856
381254426993754113
381252195309465600
381251829897515008
381241757460987904
381241419202953217
381214848299724801
381200362226462720
381200281871974400
381199423998398464
381199078211588096
381199016077168640
381198939887656961
381198408712593408
381198119267868672
381191238742843392
381190314284703744
381190173490294785
381189756651974657
381189481824411648
381188928952225792
381188413161865216
381187613513641984
381186105548103680
381183654019338240
381181091383496704
381095673204334592
381088870408151040
381043285285806080
381042388065452034
381038971418996736
381038587862470656
380873799563874305
380848418567909377
380848026345943041
380817958982795264
380817917996052480
380817894612799488
380803402331979777
380797750591225856
380797606755958784
380758530862891008
380756604993679360
380756110413950976
380731755671879681
380730506234826752
380727022114590720
380724823091339264
380724638831345664
380724619441111041
380722416164814848
380694060727418880
380693576717320192
380693526851235840
380682370174562304
380660555075158017
380658828481552384
380657199829102592
380525369406664704
380524388438654977
380516800514883584
380504536260956161
380502847768383488
380500517748604928
380499584427896833
380499397160611841
380490967276482560
380490908321325056
380490229339013120
380458244683997185
380458011702988801
380457868236820480
380432036688715776
380431183961522177
380431013622448128
380430727164071936
380428939144863745
380415041419214848
380412674011447297
380412072716038145
380411943007182849
380411670259974144
380411135586881536
380410453102309377
380363024949051392
380345629232623616
380149770200698880
380143441532813312
380142211909689345
380141548567920640
380139619590762497
380139340711481344
380139279168466944
380139243592359936
380097554241036288
380091581879300096
380082509394243584
380048109260124161
380030142900228096
380026869367590912
380026383545556993
380025336286560256
380025212974026752
380025170846433280
380024624781987840
380023954376622081
380022938440720384
380022653416783872
380022257172488192
380020394494676992
380020117846753280
380019774601715712
380019521433522176
380018791729467392
380018135140532224
380017598500335617
380016995493634048
380016488410660864
380013988521582593
380013325980938240
379956648732684289
379955834366619648
379955570368716800
379954846649942016
379952340901457920
379950489304977409
379950174010753026
379949490544721921
379949011349667840
379948247717924864
379947643348078594
379940286085865472
379938645014110208
379937969039101952
379937117247258625
379762518937174016
379756888734171136
379756232891830272
379754884028846080
379752918871576577
379752445246586880
379699551042822144
379695605914042370
379692247543214080
379665012207669248
379664774684246016
379664023589228544
379658085255901186
379657849024315392
379657339676426240
379655379707506689
379655291316744192
379653884282953729
379650460606414848
379649312147255296
379647670203060224
379647298579361794
379644498726227968
379615594590384128
379615416089206784
379614607477702656
379612745240285186
379611715257655298
379589137579253760
379585781058117633
379580348759166976
379579142783500288
379395848859185153
379393484870148096
379389264703672321
379389153399414784
379389058595577856
379367428251062273
379367337709039616
379367218817273856
379365107462971392
379365040018554880
379364977330503680
379364784480604161
379364722350374912
379364637008855042
379364594256338944
379364488446615552
379364401419005954
379364355805949952
379349256240660480
379346646813118464
379345122363969536
379340632659357696
379335244060844032
379332041344823296
379331920628551680
379331562137198592
379204084172992512
379204032465629186
379076613133959168
379075233862254595
379060201388662785
379016384664981504
379016015511699456
378961682275389440
378958947912515584
378958350836596736
378839471149424640
378839069549027328
378694218371186688
378693703549726721
378693072617361408
378691896492576768
378691606179610624
378685000561856512
378683610431098880
378683061023424513
378682965481365504
378682925375451136
378609753016262656
378538452079624192
378537329126047744
378536968638193665
378536358190780416
378533719667384320
378531697752801280
378531564784996352
378529060122796032
378522426117611520
378522279698632706
378522122437414912
378521782715559937
378521287062085634
378521074519920641
378520869611794432
378520147650019328
378519636318228480
378519598686941184
378519109933101056
378518931712917504
378518701525315585
378518441931456513
378518408981012482
378515671392337922
378515518031810560
378515331032940545
378515218663370752
378515159297175552
378515034000740352
378508577331093506
378507960592257026
378504316698390528
378502818610429952
378502617602588673
378500064110321664
378499026997374976
378498030564933633
378496556984311808
378491597962223616
378490746245885952
378488869785595904
378487792268886016
378339633051881472
378339330676101120
378338339822129152
378335209206214656
378333680193662978
378331562682499072
378331507359617024
378329657981943808
378309182728179712
378305436946280448
378261105401135104
378258723833405440
378253866967769088
378253292000014336
378252712997314560
378250923254235136
378250644962148352
378249887248547840
378249424319049729
378248760570417153
378207278270124032
378206763213803520
378202699147116544
378202207817957376
378197528555958272
378197251127918592
378197034299179008
378196739028561920
378196495578566656
378182405527310337
378182001196412929
378181096275718144
378179034120597504
378178638333476866
378170715091894272
378170434924978177
378168998686240768
378168812295569408
378168560649924608
378168052577075201
378167425872580608
378166776170704896
378166159712849920
378165758972264448
378165402922012672
378164421526163456
378164063047401472
378163951969640448
378162579811491840
378161847259500544
378161613074755586
378161491079200768
378161332551303170
378160066882314241
378159970916646912
378157020026642432
378153235178999808
378150825538772993
378150667400904705
378147363912548352
378144357989113856
378143938713899008
378143670274248704
378142493444804609
378141945433825281
378141772402028544
378139977462210561
378139248576049152
378139070100025344
378138433836687361
378137375127244800
378137019538358272
378136413029425154
378136267856154624
378133388126732288
378131206207832065
378130241941561346
378128990428356608
377972062209339392
377972007456878592
377971641512255489
377971223449198592
377966903978778624
377966599044493313
377887263117832192
377887086277566464
377882615677997056
377844140475969536
377843998049959936
377841090826887168
377840966369280000
377838491650248705
377837163804913664
377827375419228160
377826875093315585
377826587930288129
377826474214318080
377783868239392768
377782844829216768
377776345239257088
377774992219734016
377773626030051330
377772075827855360
377771938120474626
377769849331941377
377769692456574976
377769243536011264
377768208406937600
377606498475466752
377602517867065344
377602484836896768
377602164652519424
377479901420716032
377476132586926080
377259429319544832
377259222510993408
377245614947315713
377237258270560256
377233267558060032
377233136741916673
377232940859523072
377232635581313025
377232553972727809
377190740021219329
377189113025138688
377188436278775808
377188364250013696
377188039933829120
377187778737766400
377187291925839872
377187234338074624
377186181139943424
377186031625572352
377182617181118464
377159132740341760
377129438116589568
377109333500510208
377105490842767360
377099716431212544
377099181686804480
377098353412411393
377094876053389312
377094717626126336
377063277575958528
377062990228377600
377061479247122432
377055744043913217
377055702398668800
377055636397117440
377030087180165120
376866552282247168
376842692355182592
376826689613205504
376825243882754048
376822079959486465
376802695623213056
376802567059406848
376745734173118464
376684837144629248
376680795525496833
376680592693149696
376501887031193600
376497203465834496
376496841258332160
376490932759040001
376482064524009472
376481958357790720
376481857136631808
376481114740637697
376480454712360960
376440896101023744
376440367597752320
376439721029038080
376332825785425920
376332245256003586
376332091949989889
376292055401910272
376155180967792641
376155050390724608
376154834354716672
376152759482847232
376101727675883520
376083454754324480
376012240715251712
376011496813506560
375994271566147584
375993639958482944
375992915031769088
375992814494318592
375992655689576448
375992256345694208
375986186416041984
375985945113554944
375975116997685248
375974917101355008
375947132118642688
375946718073741312
375946425579737089
375945313090953217
375944538822410241
375942640820178944
375941969475694592
375792259918082048
375784139049271296
375704098995453952
375693533229121536
375676280458723328
375676139920183296
375675450103959552
375675139939368961
375674790860062720
375648907378049024
375648254597144576
375638044054794240
375633354722263040
375626993892474880
375626930193575940
375626870886117376
375620575843995648
375443011481526272
375442776692752385
375442703376347136
375423599659597825
375404728709943296
375403791710834689
375403719610748928
375403660630433792
375400330269175808
375400283834044416
375400245078654976
375400036902793217
375381533307465728
375380941537300480
375330251322449920
375298203207204866
375242992119848960
375242612011057152
375242105632722945
375105759215767553
375072579116998656
375072260672876545
375072059677622272
375071993336315904
375057029888372736
375056002632003584
375055923468718080
375055000671514624
375045405496471553
375042928554414081
375042485505908736
375041818259226624
375041509029978112
375041185477181442
375041118313795584
375040607418195969
375040501352640512
375040333739851776
374999354245140480
374999211999514624
374975695774294016
374975318152728576
374975141438304256
374943056384245760
374942451930509313
374941592190459904
