398181661688733697
398181447678562304
398181248356859904
398175928238354432
398174709067808768
398173836786425856
398173673313402880
398171804943937536
398170957128663040
398167818446721024
398163867265536000
398163775108304896
398149746805575680
398147767630958592
398136027681808384
398125532099133440
398021924401737728
398014074052943872
397828184537694210
397802257577938944
397801972222660608
397801563827470336
397690376514830336
397407921862377472
397159354727555072
397158254658080768
397154715836112896
397153388749914112
397054587967795200
397051007760207874
397042335965384704
397039909317271552
397039421586821120
397038593551519744
397036984343879680
397036028260663297
397035036538462208
397019372587597824
397019148024549377
396942623203524608
396942369150365697
396707606053388288
396707502714146816
396707013612158976
396701101874872320
396699723123286017
396627848183963648
396550310279532545
396373211732250624
396373088453263360
396372921041829888
396359413889396737
396356805644664832
396354600732610560
396353547626762242
396353443259899904
396332434049859584
396328616469860352
396327671711297536
396325526949744640
396323648794927104
396323549838712832
396062185551855616
396057711550660608
396039781320507392
396038816542498816
395989673572433922
395960506025914368
395953617439453184
395948032274874368
395921429579194368
395921317104734208
395857201807777793
395828221314215936
395825507738349568
395670149979975680
395646623029923841
395646357547274240
395645188842205184
395645110245158913
395643339468709888
395643281612492800
395639244602875904
395636058542444545
395633258248957952
395632334277341184
395622912759435264
395614581361356801
395611801162756096
395503527683821568
395499363520487424
395467300201332736
395338263206309888
395324122802446336
394587803650363392
394587193077145600
394534831339896832
394526397495914496
394525733248565248
394522399502508032
394491253418496000
394488050946162689
394487720132628480
394486599561388033
394485837980639232
394469572817874944
394466171220942848
394458276043059200
394452809397329920
394223287171317760
394172242151882753
394171451097743360
394171223686787072
394170779325431808
394170200377286656
394170088045428736
394169513035718657
394168419513544705
394168271907614720
394167710986563584
394165296560222209
394165249181376512
394164756530999296
394164577832689664
394163784404594688
394162395121057792
394161465575227392
394158227148914689
394137638145654784
394123143423328256
394122162073653248
394121366414163971
394121292804128768
394119716941205504
394096768339959808
394093564285947904
394066569443430400
394060052169891840
394059764222541824
394059593287884800
394058732075642881
394058298866929664
394057810742239232
394056750866776065
394056575544868864
394055720750305280
394055300363194368
394054849119014913
394054531358527488
394052860507598848
393888000549339136
393887887550590976
393870675582386176
393870394173972480
393869944422948864
393813524499427328
393813433629806592
393776500270305280
393775747459854337
393775595974176769
393771658340626433
393764620713750528
393762482314956800
393761317418717184
393761294727544832
393745900679335936
393744631550058496
393687449274032128
393518221166653440
393517161840644096
393515724582690816
393509225273360385
393508539383025664
393508374001639424
393505775772905472
393504498909343744
393503445920923649
393501475441102848
393500385928679424
393499772138434560
393499336488656896
393497873033089024
393497407066877953
393496917696466944
393496240232493056
393494723945447425
393494656794632192
393492205853495296
393473758880886784
393374250620690432
393137943680131072
393135750889627649
393083441228840960
393080580268515328
393065923826810880
393064264178495488
393049266718916608
393049123961573376
393048577229873153
393047855218163712
393047482998857728
393046370405195778
393033736700194816
393017010986049538
392989532024356864
392988725686194177
392988149669842944
392983472316243968
392738826567024640
392037840994856961
392034939782197248
392034668238761984
391992862487105539
391774511936188417
391710846839046144
391310546852536320
391310356892499968
391277718127775744
391270784812851200
391270725610266624
391270279713796096
391270030270558209
391269772664381440
391269203237277696
391268921325527040
391268824424538112
391264931980382208
391264141735763968
391257745015316480
391255681505832961
391255020491915264
391254788744019968
391254633429368832
391254371465318400
391250763231395840
391249404184649728
391243092306579456
391242408434077696
391185097049010176
391160927934246912
391117070630649856
390987953214070786
390921681487015936
390920741056958464
390916795621994496
390911988974379008
390907205379452929
390906750288670720
390900766031896576
390899374831992832
390889448784674816
390889388592209920
390888997016195072
390887839954526208
390887521900441600
390887310704652289
390828424631025664
390827914490429440
390818305873018881
390556144529596417
390555791071387648
390503605180321792
390480950435389440
390085670883975169
389875051215847424
389483255227219968
389482156105687041
389475684893999104
389475515985170432
389475315598118912
389474275725307904
389473879866892288
389458092322463744
389457980552675328
389457959895707648
389457930925641728
389451372867121152
389451311403782144
389451178494672896
389449815664640000
389445054936264706
389444901307289602
389442413023883265
389441784159293440
389426105142493185
389421619665305600
389414573284937729
389409424218923008
389401379032141825
389389476738650112
389386787132424192
389091921752518656
389089558421192704
389088871176085504
389088017073176576
389081128432193538
389076758273593344
389074970321510400
389073382253154305
389072923878645760
389072015044251648
389071393867845632
389071262254764032
389071123461058560
389070938727133184
389069298888478720
389069007589871616
389068792891842560
389068203684409344
389067824259276800
389067439419293696
389066275827490816
389066001947443202
389064995578732544
389064583127646208
389064292542062592
389061261033345024
389053883797872640
389052984929169408
389049287331414016
389047615234404353
388957099570757632
388936795573846016
388936622537834496
388935480428879873
388770471011160064
388769354676178944
388755859062263808
388735102265880576
388735020891770880
388731986493579264
388731353555947520
388720780336300032
388714714726801409
388713487498608640
388713387401564161
388712515095363584
388712179907575808
388676338808156160
388675693863002113
388622548675477504
388602143252299776
388556075211182080
388272221300731904
388270927223730176
388269578125869056
388269259014811648
388268885436530688
388268431872897024
388268209012756481
388268123516051456
388209646181552128
388207435275853824
388203884185124864
388203350178938880
388203096280936448
388202456733462528
388022239029121024
388020700566806528
387832263981166592
387660374025449473
387499244610793472
387499167397842944
387484256978477056
387371372655435776
387365346270662657
387361565965418496
387261188905525248
387261112330096640
387260784226471936
387260364288561152
387260097002356736
387259913728040961
387259786808406016
387259327905406976
387258880868102144
387258706385051648
387258427098943488
387258216351944704
387258013536354304
387257127523209217
387256837185077248
387256526865305601
387256333457555457
387255964325249024
387255736205447168
387254833549283328
387254288784707584
387254136590188545
387201307179630593
387148731788697600
386914360062263296
386912832958132224
386912548395573248
386905633494024192
386905328727511040
386884979633844224
386879722225152000
386877203792674816
386876776267276288
386875824470622210
386875580701872129
386875301721944069
386874517345546240
386873300741521408
386873153659879424
386872462849605632
386871944966311936
386558982183481344
386556394721538048
386556173220327424
386555748995858432
386555384229822464
386552416557998080
386552173913309184
386550611019177984
386535505187205120
386535293148336128
386461934297841665
386436814044954624
386203109351251968
386202884050001920
386202300676866048
386197031326216192
386196630610796544
386196287931940864
386195815309398016
386195403021881345
386194815513153536
386191061170655232
386181792249565184
386175100417896448
386166216760365056
386165554639167488
386164329357127681
386162253503791104
386161999941361666
386161497375662080
386148867973984257
386104554783125505
386057593199669248
385879145957560321
385879006312407040
385878535057207296
385877310484021248
385870108767584256
385828981737398274
385815694018764800
385733671656751105
385453159524884480
385381839868657664
385379578400608256
385378883257651201
385299126419988480
385095777380347904
384729045541597184
384699321289281536
384694567137579008
384694328469114880
384458579501400064
384381888066232320
384380041645150208
384331076841115649
384048553615982592
384023753182949376
384021582060204032
384019689040781312
384015954968981504
384015720163463168
384014487776292864
384008213663727616
383991383859556352
383991040178262018
383982043987595264
383981348970459136
383981155600453632
383978944023654400
383978459468279808
383976034564980738
383975781518430208
383975218047225856
383877796734701568
383703943706345472
383664873739005952
383661607881945089
383660251167199232
383659683388485632
383659153261985792
383655220049240065
383654147863490560
383653963582550019
383653778072694785
383653645884997632
383648576858902529
383646820166930433
383646544244641792
383646252149112832
383645847239421952
383645640170803200
383645504912912384
383621884866068481
383621384615649280
383621150346977282
383613158629208064
383514696567259136
383506581478211584
382636991525179392
382577686725394432
382546449323413504
382519012141182976
382511183149801473
382510038092242944
382508515526336513
382504421294211072
382497975605280768
382461029524836352
382400081065832448
382203133486960640
381887865040281602
381887663311056897
381886830875906048
381568405163081728
381529209648082944
381173955065024512
381150856802205696
381147906038042625
381131417641832448
381123903969443840
381122261471596545
381120893960732672
381116940783058944
381063303780237314
381050296799354880
381039675114131456
381038789872742400
380991832823713792
380810548663046144
380810251244953600
380809281614127105
380744523292622848
380742762175692801
380366471299203072
380334406134550529
380333525070651392
380062552224694272
379954890317262848
379370484372365312
379369891440361473
379368259474440192
379326310918942720
379324911929806848
378883822450114560
378637181222666240
378545730937696256
378545168276013056
378489409982955520
378440110053675008
378161874195726336
378143796409925632
378132151239475200
377556486274424832
377529192457699328
377503538726723584
377503190570115072
377494480615510016
377494327359860736
377208621639426048
376810211362623488
376781182660141057
376778615330844673
376777369366720512
376775940111478784
376734233533751296
376727220389027842
376406000040820737
376404503882252288
376403875495813121
376398097451978753
376397531053191168
376396654045192192
376392022300438528
376378050054610944
376377131623657472
376066737437147136
376014656793354240
376013966020849664
376011822375006209
376001132742463488
375995363401818112
375995197659676673
375994144335728640
375994030271627264
375993690512056320
375993382440407041
375720232255750144
375672037454270465
375665386500284418
375660209978351616
375659566148513792
375516440763576320
375329224074088448
375320722895147008
375231572900732928
374999609590173696
374998251906560000
374970850044162048
374967181634588674
374239519807004674
374216782229159937
374122481126494208
374117297306476544
374116381576679425
374115941254447104
374115805736468480
374115159775920128
374112630753214464
373883831193202688
373874608941719552
373872002169188352
373855768358813696
373854324620685312
373854061902036992
373853652173078529
373853360941588480
373852700909137920
373852216659939329
373851744922398720
373850761286803457
373842838166831104
373841036071555072
373830712807260160
373560912843919360
373536673759756288
373214729780887552
373211099233267712
373208261119709184
372481035881418752
372478968873897984
372471639558348800
372467750012473344
372308984075923456
369913670207545344
369392405037862912
369391920646062082
368687730022023168
368648768410775552
368403968818311168
368402851086602240
368402689501057024
368376611218784256
368376499516084225
368376164890320896
368375857649184768
368375845049470976
368375833737428993
368335944619134976
368326423335157760
368290173978550272
368125326548680705
368125127025639424
368124922796580867
368124611554054145
368091009378684928
368012018877349888
367959415741485056
367945262704390144
367931179686952960
367924979054415872
367737630030839808
367719099440177152
367671065948221440
367634408561311746
367633323561975808
367632377826136065
367631964766867456
367571565707141120
367427100917383169
367398056029061120
367397915725426688
367393958151725056
367393535701430272
367393041943777280
367392232673800192
367389670252224512
367388668514009088
367379682603175936
367379615011983360
367379378188980225
367379276313546752
367379213935837184
367379119903748096
367379043403853824
367378949476605952
367378354774609921
367378207026061313
367347504758525952
367346917539192832
367324775833550848
367323068479193088
367321503898931201
367317142594519040
367316954983301122
367301004737257473
367271262277472257
367257222343966721
367256955988873216
367242701344747521
367241572368130050
367239900522758144
367239326616133632
367038646995529728
367036671147380737
367036561256615936
367013844234665984
367013648457142272
367013365068996608
366991977490817024
366982234172948480
366981996460769280
366969914495483904
366964558499299328
366963921556475905
366956925453209601
366956545021452289
366955956996800512
366952279506563074
366872240886784000
366688328877215747
365904212510523392
365900740859936768
365900720211369984
365889873586032640
365883285987000320
365552780955500545
365536358137200640
365534566582206466
365514533013434368
365514075427442688
365513542247514112
365188519146176514
365185367487426560
365177385500409856
365174747446788097
365152290434326529
365145829587156993
365144162565242880
365144068059185152
365143996240113664
365139306458779649
365138415685091328
365138230296846336
365137857578405892
365137739387109377
365137373547343875
365136999587397634
365136804027969538
365136085036187648
365135674904543233
365135554733551622
365134881245765632
365134460141830146
365134026283024386
365133585914658816
365064947413172224
364804441418891265
364804201831870466
364517368652759040
364514846437408769
364512375338057728
364512222971572224
364511734964293632
364511548737200129
364511416755044352
364511246684389376
364501535801487360
364498664490024960
364498565672218624
364498261585182720
364472259010134016
364442899322126337
364368380439953410
364367511245963265
364346895826550785
364123701849382912
364120815140212736
364085389973540864
364085082488705024
364084783636160513
364084670100549632
364084263752183809
364084072412225536
364083955860901888
364083798742269952
364083560983969792
364083284596105216
364083031910264832
364082773666963456
364081412917305344
364077139366133760
364076947493486593
364076507376779265
364072459701469185
364065408006897665
364064646145118208
364064568210751488
364063282375565313
364062788336877568
364062558455476224
364062393782910976
364061272813223937
364061073818664960
364056667391934464
364050136587964416
364038836508061696
363996818880733185
363996720201748480
363907390510354432
363899768423972864
363884439945744385
363785353615773696
363783631648456704
363781696354660352
363781158586171393
363780842448883713
363780064015433728
363775918407294977
363703455749124096
363388210002800640
363370982204907520
363370732220194816
363367017698435073
363366884617371649
363365689966338049
363364218231205889
363347521646493696
363347377219837954
363337427043102720
363334767820808193
363334014448304128
363330471343562752
363323759731556352
363306373427101697
362988433553108994
362984965383790594
362984138518695936
362977901408305154
362934540748070914
362932387086217216
362888197522456576
362340723791642626
362326776279601152
362318885506134017
362318781386731520
362311570937741313
362311445221867520
362308584106758144
362286574697844737
362286092436774913
362273843546566656
362269653789196288
362266279085735936
362263580076294144
362262831749533697
362260096945889282
362255029593309187
362253311514116096
362244714382114818
362243537741426688
362209457637294082
362209245489405954
362208600619364352
362182604964904961
361917262162173954
361914442805547009
361892885446135808
361887275015077890
361884194848256000
361740006626295808
361466064116269056
361194370524909570
360834003747606528
360675535392743425
360675381247885312
360673805804388352
360672997574582273
359742250315550720
359609188088950784
359352980694237184
359329306251902976
357262422366633984
356415581991337987
356402613421486080
356402002206527490
356376991215267841
356376034238672896
356375314529656832
356119541622915073
356092001424379905
356071344951144448
356058821334024193
356056004657549314
356049103874048000
356036283035942912
356035045821128704
355991301952503808
355805367155957763
355753776382095361
355749267140378625
355734050822041603
355733559002136576
355728274770493441
355645968407986177
355645780461232129
355443355653644289
355443049368784899
355406152923746306
355403459954081792
354692423781318657
354553920594522112
354367429637443585
354366205190090752
354316882330910720
354316803805163520
354316614281334785
354316464565649408
354315389347442688
354304052236009472
354302123552415744
354300687942815746
354272381252022273
354272189593300992
353941195342360576
353914755125227522
353912251524190208
353906304290533377
353904439012229122
353877914921598976
353852818840485888
353848232700428289
353847708957679617
353847197521022976
353576464626614273
353568972366557185
353277736896299009
353232769616314369
353177682021842948
353176406915682304
352887176574402560
352877317078532096
352876283979513857
352875572701040641
352875553952509953
352864641354964992
352860925876912128
352857325830295552
352792992479846404
352791388603162625
352771539650887681
352745706362126336
352737338813714432
352736860533047296
352736312241033217
352735985387315200
352730693589139456
352730423035568129
352526243092103168
352512257051222016
352507060694429696
352506725724717057
352501673291284480
352479212503969794
352451639321444353
352431948800589824
352417494239166464
352417219856179201
352383588337057795
352299484283289600
352294785903636483
352289906581704705
352174680368611329
351827433755906050
351822657647411201
351822465590239232
351821915477905408
351817023233331200
351815111909969921
351814870934630402
351811546021765120
351811132312403968
351353765368053760
351261906138435584
351096803413852163
350943360099426306
350745236160524289
350744598894751745
350670713616728065
350379969278521345
350323121494048768
350321722462973952
350321402546622464
350303277189042176
350294532119736320
350263015955894272
349991371928641536
349991298557685761
349958003065241600
349944328287813635
349894630206210053
349893879404826624
349892039422394369
349886402437189632
349886326033743872
349851568025243648
349851263925624832
349822076502282240
349255661252640768
349254674861404161
349254191954399233
348920332888965120
348902753772371968
348841170333478912
348837370667339776
348829528698785792
348593243191123968
348592940643393536
348589231595196416
348584917921304576
348584406379810818
348542567002017792
348536973629206528
348536215714271232
348464750541291522
348462564881084416
348436346249043968
348435696945606659
348431778853314560
348406750103339008
348395808061800448
348224186403155968
348147722232139776
348145087986950144
348144413798699008
348144251533660160
348141153436184576
348140698224173057
348139630736048129
348094584586383360
348086612921552897
348086339448750080
348074175048585216
348063844947599360
348055317923368960
348050306996768769
348049321356304385
347780640051167236
347703628280250372
347700271612313602
347694547020701697
347664804380565504
347663301393657856
347662511669116928
347661938282610688
347660329234362368
347655267888005120
347655045543784449
347654475357487105
347627629416939520
347627003941367808
347616351772372992
347609526276616192
346667821356437504
346667484029530113
346582505371095040
346580495682920448
346574222849634304
346569457373696001
346568202010112000
346351898015698945
346306941020155904
346303690551988224
346021887991750656
346016499825270784
346016365297139712
345974404674641920
345950214638694400
345950079573704704
345945479340781568
345945099529773056
345943998961160193
345943876156149760
345943434504327168
345940709326606336
345297090517270529
345290424409268224
345220260602974208
345201553432510465
344938446265135104
344934520585334784
344934467552550912
344873061587247104
344841307874803712
344581812212887552
344505740779745280
344490891962093568
344186449341587456
344162476335710208
344090216119808000
344077601486278656
344067416361422848
344062002135711744
344060880847265795
343808968323391488
343808483524755456
343804715760500737
343771543370874881
343770070989824001
343679348945072128
343427410592673794
343405858945900544
343405629064482818
343402600466628608
343087488547581952
343078601912115200
343077059960115200
343073474568413184
343058309391196160
343043164120166400
343042903934894081
343040128857563137
343039296585994240
343036241891168257
343033617657782274
343031132431990785
343014854409465856
343005362028441600
343001131816976385
342999944589897728
342716982644330496
342715107203223555
342714256921329664
342710294935662592
342707666935742465
342706613481791488
342688499528511488
342522716194230272
342386122334298112
342253225375854592
342216344651038720
342198549326471168
342029195653824513
342027103539195904
342023808221327362
342007166187757569
341999323988496384
341997521238900736
341991271449108480
341990977118031872
341888596233555970
341561421143871489
341467344608047104
341465335934902273
341465183815888896
341457128206241792
341456163218550785
341219644528525313
341212291267710976
341156826584338432
341080459675062272
341072782165164032
341072626216742912
341068397116813312
341068171698110464
340882319789395968
340882193452781568
340869843211395073
340869447726297088
340868412047773696
340864297100013568
340844545749180416
340792068781772800
340784963790176256
340770092348481537
340769308219162624
340706108169658368
340705988241915904
340556804582932480
340556721917394944
340528955100635136
340527897800474624
340485683464511490
340453671936589825
340453335322738689
340397253502042112
340396586637078528
340366796743921664
340364765568331776
340173278297591808
340173125411033088
340171955078565888
340168026018177024
340167487758938112
340167247609856000
340162295441268737
340125601115557888
340027046505873408
340016577330171904
340013911921278976
340006838475055104
340006544714391552
340006315151724545
340006202194931712
340002333599612928
339981869774942208
339877114641797121
339837442431516672
339795754619129857
339785616646623232
339753286733287424
339745896470282240
339745801439936512
339738703872270337
339714361453080576
339712092032606208
339711474991759364
339710940771667968
339625433081466880
339521557862944768
339493047882616833
339457623722168320
339446623694368769
339411180806369280
339406372003250177
339381149208047616
339380616774701056
339119214302466049
339097249495785472
339090900636545024
339090699599360000
339082826521645057
339082077217636352
339079810364080129
339078304755752960
339077616747294720
339075834579132416
339075357057622016
339073613963591681
339073488142880768
339064770315554817
339056940174938112
339046188126978050
339040034684547073
339039017876221952
338706889128951810
338591078406057984
338590976060817409
338549974671441920
338426401600458753
338390385812447232
338376600020193280
338338177058226177
338337120420761601
338021616699191297
338012622790217729
338009259210063872
338006504152133632
338005935870058496
338005611864260608
338005250290118657
338004920257105920
338004709514301440
338002734697549824
338001637123690498
338000818643009536
338000054524735488
337995840486526976
337993428900130817
337977162428723201
337918488167477248
337873729252102144
337868391878627328
337684423896100864
337629169598996480
337588355900518401
337326861317197825
337321787819970560
337315580044537857
337315078812618752
337313884849446912
337289751516291072
337256140905791488
337255970520588289
337253033681494017
337248957531029504
337248817349021696
337247323270811648
337155474560540674
337151362561355776
337151003533115392
337149404710592513
337147675759751168
337146863444688896
337087242822619136
337087190347698176
337086597180833794
336946426632347648
336912425548914688
336896109614075905
336861920562917377
336857338306781184
336782187091345408
336604996592361472
336604124525244416
336587384118460417
336551654910472192
336551454489858048
336468863321526273
336238612029001728
336233439495852033
336225884774223872
336221914852904960
336216236692209664
336215883531841536
336213686995787777
336179777159438338
336178167104536576
336177837830725632
336177608679108608
336177453712154624
336170444564602880
336170378898595841
336169660171034624
336113529960689664
336056388201631744
335897038908706816
335872386555576321
335813855433355264
335805836964278272
335805649432768514
335804016279842819
335803270922661888
335803085060444160
335802341087404032
335802135084150785
335801652487536640
335800253729079296
335799974128402432
335792251403923456
335787997968601088
335760622736244736
335760441118711808
335753205097041920
335752567592210432
335751001611059200
335746699861581824
335745882236530688
335740998971969536
335740847662436353
335739304439599106
335738725910851584
335697250539945984
335503658785591296
335502040828616704
335494439122386945
335489029707530240
335470570361737217
335470197332905985
335470049747943424
335460577667346432
335458139975606272
335437449398460417
335436250389561345
335431909091975168
335431882634305536
335430606701871104
335430531959377920
335418215062704128
335417264947986433
335378435541176321
335377330543411200
335363738658037760
335137609078693888
335137082538348547
335136367543734272
335134137906253824
335133794136907776
335130368472670208
335102587642720256
335096470455873536
335095813845962752
335095180824805376
335088173812174848
335047641853464579
335047475436068865
335030430942257152
335027887218511872
335026961346875395
335002666344255488
334990098384949248
334780595529981952
334729120858648577
334721209143009280
334702052783554560
334693136821518336
334671078083399680
334668835951112192
334594308030214144
334578509097877504
334075353465229312
334071685793849347
334071502154657794
334069198282178560
334068718999068672
334068248268120065
334068066562502657
334067544191283200
334066402904387585
334065887827066881
333964089011351552
333698399360675841
333658329043845121
333651044661858304
333650240454393857
333646913901563904
333644058075484160
333616250305536000
333615202069266432
333292356201771009
333292290623811584
333287749014650880
333287286575874048
333277380447707136
333254720871346176
333111470374137856
333110964578840576
332929650525356032
332924426326773760
332921527269990400
332920052460449792
332904339402268672
332892042239811584
332875492338302978
331855299436752896
331855254519947264
331839669681659905
331834998011346945
331832926574608384
331828337347543040
331828195999506433
331814482072465409
331814058015739904
331530811155300352
331529328502382593
331443235622883329
331162835138793472
331162680901660674
331094189943164928
331093026745249792
331090394282606594
331081117170028544
331077634786209792
331061937171492865
331060973731467265
331015564166299649
331015444137910272
330674376947146753
330656313153552385
330649209340567552
330626973602816001
330442802901172224
330442397135798274
330407201862713344
330374141523935232
330350728273068034
330343592377860097
330342916985860096
330093284171059200
330085287269134337
330002467351834624
330001463550025728
329917652896186369
329915290391543808
329717511299928064
329716831021576192
329716560002437120
329715726753607681
329715328944840704
329714771454730240
329713909273612289
329712220164485120
329640003074408451
329623624602501120
329265808855420928
328603784337047555
328537335836852225
328203203248271362
328202314341023745
328202134208278528
328201650080727040
328189077482524674
327852293041053696
327835431485968384
327701931046879232
327696187962576897
327695903089643521
327695251559030785
327695164611125249
327694916429950977
327694193235484674
327693675985514496
327693578983833602
327693477594923008
327520915522998272
327520148921667584
327519215395414018
327518152344875008
327517990834810880
327517483235934209
327510016070397953
327509362111303680
327505347562582017
327493579964571648
327492924986245120
327492446277758978
327491154033664000
327484274737549312
327480293877506048
327480205318950915
327478202589122560
327468278618419200
327453343532343296
327453320652410881
326944023866646528
326941541891461120
326941184687759360
326806311201296384
326805736644571136
326769898967674882
326746556655083520
326746262072328193
326745107367874562
326744598254845953
326744422232514560
326743790071209984
326673161158549504
326672971882176513
326669752309268482
326615516401790976
326611524196110336
326611496018771970
326611464439857152
326611437361442816
326312746142552064
326026522089631746
326026305227337728
325994922073280512
325973340814729216
325966629764743168
325871398847410176
325846709127241728
325844709987713025
325833879355281408
325828914289205249
325662046282735617
325651342242766848
325645286733148161
325645187055484929
325642167777390594
325518757525061632
325339518075035648
325339448038547457
325273391407955969
325271447067045888
325197426484998144
325163153161871360
325112555024560128
324832347117715456
323876863107817472
323804829518532611
323792931813203968
323170445119598592
323161272856215552
323159450649231360
323152897703559168
323152582568722434
323151521648898049
323150742372364290
323149274097541120
322809207424417792
322808627687743488
322807659877257216
322806449774407681
322414039743467520
322387914459869184
321287460258717697
321279417802448896
321278101638242304
320525454006185984
320525395181072385
320522684549189632
320521058572697603
320520973403164673
320520869711601665
320435930982920193
320193104634331136
320154418534305792
320153340241649664
320152881279930369
320110224100958208
320080223842471937
320079899006218241
319949809672937472
319944612544405504
319943353699557377
319941663168540672
319941369483362304
319940854708068353
319940416290058240
319939894329880577
319939431488430080
319939073554915328
319938029601054720
319937108750004224
319935186752122882
319934974386122753
319933951336656896
319933662370082816
319933313810849792
319932853431439361
319932657624576000
319929210426777600
319929174448021504
319929074418077697
319927874800979970
319927264877879296
319924358044848129
319924125277753344
319924100007088128
319924031010787328
319921988477001728
319921893337612288
319921818943238144
319921616924594176
319921053004603392
319920466645090305
319919906680348672
319919619915792384
319919506279514114
319915750469029888
319915291729620992
319913388744531969
319881324422909952
319881271989923840
319881148635422720
319878108469686273
319826691289657347
319699553337098240
319569777817436160
319568931188772864
319561412693336064
319558651482370048
319553753801969664
319552662838312960
319552233236733952
319544964197527552
319544522398920704
319543798273302529
319543270000713730
319491500197150720
319490289800728576
319488602369323008
319488305098006528
319488203470032897
319487685309919232
319487600551407616
319486996705865728
319486657269202945
319486380961050624
319485632676245504
319478041250258946
319440126973468672
319403444823814144
319172506399436800
319148201800249345
319148054940884992
319129819000492033
319122895152508928
319113094548832258
319107252520902657
319105966832500736
319104124006326272
319102550194417664
319100498718371840
319098857873088512
319097923587678208
319096521645780992
319093096342224898
319062502849777664
318790834327805952
318785902342176768
318633958311084032
318510976720855041
318500142338699264
318498390730219521
318355749371781120
318343742560022528
318100176344596480
318097246837166081
318084226861920257
318084017402572802
318075870495518721
318035958131998720
318034923258781697
318019677823590400
318001845920468992
318001714458394626
317990810564034560
317732747877683201
317731569328599040
317725964283019264
317722788876148736
317719711397867522
317719069484785664
317718877519880193
317693674806992898
317693165551370240
317683382635094016
317676304122126337
317672856479748096
317596388525486080
317415394740670465
317412207690403840
317405348308852736
317402673332752385
317363180521283584
317361104558886912
317345191335981056
317344968148668416
317341492945514497
317198419951226880
317036223992573953
317036171664453632
316990002418565122
316924256862748673
316923313836421120
316881310717186048
316874890475077632
316874350580088833
316831613357002752
316632357643902976
316631965082202112
316610783414980609
316539504674615297
316269743873077248
316269598574010369
315921492900716544
315804652639764480
315803650289197057
315782245837312000
315611666278662144
315611478264799233
315610284939157504
315553134904737793
315521459625803776
315512122404642816
315512074128211970
315511880661749760
315394140756115456
315391878642167808
315196627352686593
315194248146341888
315189077228015616
315180589877690368
315179899377823745
315179506400907264
314877698445025281
314835839395979264
314832378684116993
314831685541851139
314830069283577856
314826925153587200
314825789533204481
314815742426091520
314814881394208768
314808552315301888
314766475112091648
314661145556422656
314659550009643008
314659039747403776
314657775449931776
314655149614313472
314527947853795328
314520586867068928
314323037518458881
314322533417631744
314313895898648577
314313776998531072
314312909377396736
314311281484115968
314311201481949184
314310842453741568
314310772480163840
314309613912735744
314308698346504192
314308658643226624
314308094668713985
314304871673253888
314304711480209409
314301755594792961
314301056412688385
314299990728126464
314299521968517120
314299200798089218
314297363667767296
314170334146330624
314170204911448064
314166365441380353
314164852484624386
314163586631081984
314162244273455104
314161463747031040
314160027353112576
314146463334686720
314145302808514560
314144934598942721
314141453855100929
314141316869156864
314138690697969664
313782722776690689
313782641172283394
313777894977576961
313777791286009856
313777680749309952
313776133701259265
313775764342439936
313718913995264000
313400616753963008
313363350216118273
313349649899614210
313339948801597440
313328565137600512
313318724990009344
313317167921758209
313306560363376640
313305169137893377
313260053509574657
313234794622357504
313234244065431553
313234059218280448
313224063344582656
313221104242139136
313082168438054912
313002084465258496
312998224808009728
312998097464750080
312997578021171200
312997454142386176
312997337939210241
312988006757830656
312987859424514048
312987252575850496
312985706307936257
312985128404152320
312984882257227776
312900122172342273
312870065152335873
312707611806027776
312706824870719489
312669744924876801
312669591606276096
312669521162932225
312669498991837184
312668380438085632
312648626897825792
312648524682645505
312648274932813825
312648142371827712
312644399068762112
312638508433043456
312613894189379584
312609552828858368
312607752583270401
312601338389344256
312593414581542912
312592496356118529
312591212945227776
312588262365605888
312587974300811264
312586425843462144
312585577771970561
312585035230367744
312584592949387264
312583381730873345
312583077304094720
312582990528122880
312582601141526528
312507284100096000
312506557273350144
312329141712195584
312215054583988225
312194196930973696
312194145710137344
312187841474084864
312170721667330049
312167102884765696
312166842972127232
311925117531856896
311925012229681153
311923898142826496
311923540238688256
311923230749380609
311923160343789568
311922674454630400
311922067366895616
311920900230496256
311918197068677120
311917503259492352
311916469506146304
311916328908886016
311916075371597824
311914509797298176
311913257403293698
311911068609966080
311910920559407106
311909892128641025
311867020503302144
311863617148567556
311844236532269059
311617602608852994
311576886230786049
311555272768372737
311553962249682945
311553428310589441
311514904584667137
311434349696405504
311431782258061313
311431108417966080
311430172471615488
311418803571523584
311192602970030080
311191613370163201
311191121936134145
311189194120777728
311185107094491136
311177218204254209
311172727501361152
311167951988469761
311167389427441664
311166592757145600
311166031290830848
311162056353132544
311160970133245953
311160193289445377
311159877026332672
311159625749766144
311158116802781184
311153450551476226
311151825959149568
311150612047872000
311150173512409088
311149856561446912
311149445733556225
311149187280564224
311148632508354561
311148165778780161
311147767869349888
311147182881378304
311146823924469760
311146697919184898
311146468339744769
311146361829617664
311145534087905281
311144367240904705
311143625260150784
311030601476096000
310905020428218369
310904448765534208
310902471688081408
310899325003788288
310895292495056897
310891665508429824
310889633984688129
310869672146903041
310859505602801665
310851837173579776
310797049060810752
310692956279545857
310534929492623360
310534856855666690
310514456260124672
310497954224041984
310486616470851585
310486514989674498
310463045447069696
310461697330663425
310200058312282112
310199162710937600
310115858787741696
310115246914285569
310114050195464194
310113511311278080
310112351116480512
310069917661675523
310059158361763841
309964208085282816
309953112251199488
309773952077684737
309728892770467840
309717314079694849
309717160375230464
309713330640130048
309710131145363458
309707597232099328
309706889158066177
309706268719853568
309705246706380802
309704619628580865
309704433145630720
309702216644702208
309700848068472832
309699902710104065
309695639443345408
309662072260657153
309613340848701441
309441406949289984
309420401639956480
309419381438431232
309390733847166976
309380139119165440
309367597265211394
309325440403787776
308705636466692096
308642168598302720
308634379209543680
308606738020577280
308579288091877377
308289611803815936
308284886035357696
308269204941963265
308255457485651968
308245380024393730
308245312865189888
308244947587457024
308244095745269760
308243906707988480
308243024738152448
308242622043017216
308242391356305409
307922138441064448
307918655444881408
307620468763017217
307594944720297986
307594222834425856
307593627641724928
307577792890023936
307576523483922432
307576213264822272
307575515210973184
307574391175262208
307574170831691778
307573205739122688
307571618962608129
307501936532393984
307501386818535426
307412999499550720
307412193421447169
307411252764868608
307410864422649856
307410137960816640
307213886925459456
307213503326978048
307210669705527297
307210657701437440
307210646263586816
307208327140630528
307207866161446912
307207613488177152
307204960871936000
307182415007326209
307180046211223552
307170088832868352
307167391496929280
307154500303601664
307101188602621952
307100366720352256
306907217205006336
306903581074792449
306903331639545856
306850995852427264
306847652279091201
306842806771666944
306817289150418944
306817119549546496
306813195979481088
306811242423676928
306809426608791552
306807479466090496
306804785464627200
306802237613682689
306773500306264065
306745813793644544
306734185719160832
306733301408870402
306732954414108672
306717208065761281
306403402219388929
306403248544309249
306402947011596288
306402344189435904
306319557960818688
306185433014996993
306174721534357504
306174489459322881
306174392537325568
306174018086637569
306117809908375552
306007641220595713
306004796131901440
305832640932630529
305812757280854016
305812082253787136
305811517289422849
305764893112549378
305764623280373760
305764328651517954
305741001228689408
305740386591182850
305064515756777472
304960211863625729
304959751056392192
304682599899615232
304682385033797632
304681817443815424
304681367621476353
304422541269811202
304366473344872448
304364026673131521
304359865592213504
304359448288317441
304357770168266753
304355387111514114
304348291821350912
304345655831310336
304311630936809473
304307560066990080
304306979554336769
304305957322776576
304305775948492800
304305447299608577
304304869328687104
304168530218209280
303976936886108160
303969839456862208
303969654152495104
303937275627180032
303934397411893248
303932769556393984
303932640153714688
303931016609927168
303927628920934400
303926202882732034
303559976255897601
303539564033736704
303538095553400832
303536817347645440
303524294238015488
303460763123732482
303286164603940865
303213603920678913
303208366287761409
303186453863739392
303181638790168576
303177824330727424
303097404528406528
303096885693009921
303078656664801280
302852274093436928
302839510612471808
302839150799888384
302832358955044864
302831645189357569
302829232344682496
302827257360171008
302799149139640320
302795701925068800
302747986805542912
302554913039323138
302550710128635904
302549812916654080
302549206596481024
302547342886842368
302545466015485952
302545199706558464
302542230760087552
302534008292638720
302533232036040706
302530938708054016
302529688641892352
302501650357174273
302501020896985088
302498454565961728
302498034422530048
302497904680108032
302496924370608128
302494680589950976
302490203380146177
302488944900190208
302487326049845248
302479606429151232
302478450625757185
302418636780490752
302417437255692288
302416486209839105
302416318408323072
301975191507066880
301332242523889664
301318553171283968
301317937128673280
301252446980800512
301245596415717376
300735433799786497
300640837895852033
300541857212018689
300330898648338432
300319004709511168
300318107136835584
300317565970952193
300317433552588800
300315699472117760
300308700000837632
300308426406375424
300306606644682752
300306419599679490
300293503219552256
300291444789358592
300282705650786305
300258454063439872
300251720624263168
300251516659433472
300251197414195201
299977940010151937
299971211985825792
299967011616849920
299962064082980864
299956750256328704
299952029378424832
299949684649259008
299945439665471489
299944237930262528
299944067238854656
299939117658173441
299605870801719296
299602012939640832
299601683267334144
299597028596518912
299594253238149121
299592845524865024
299473409786642433
299461404967202816
299299613331030016
299240932547641346
299232665155018754
299165512938688513
299165171094523904
299090320476491778
299089550809133056
298950315246510080
298909782411194369
298909694523748352
298905763265519617
298859359046340608
298714353652363265
298582601025859584
298528721227354112
298528581565435904
298432397530238976
298429957309362176
298429926552514560
298426765032947712
298389164318134274
298387593555501056
298158952313671680
298139527741071360
298138967713411074
298131557451976706
298131314803097603
298107933416374274
298106623421984768
298106382857674752
298105261044924416
297802915115061248
297793395106144256
297793103149015040
297792506140168192
297789347099463680
297780461558697984
297776554384175105
297769943804547072
297736475418697728
297735070360412160
297453470175330304
297444323308490752
297443906176577536
297426025539829760
297413985949597696
297364711861780482
297067539958210561
297058486704033793
297041039598948352
297039770918469632
297039365203447808
297036199988690945
297030384921767937
297028246229381120
297014234368323585
297013240934834176
297011725625073664
297011485132091392
297011176578105345
297003941772804096
296972028387405826
296958263587659776
296235621876371456
296235425570373632
295919668898705408
295918625657876480
295657595463692291
295610127388651522
295589514649423872
295580092095156224
295564482653061120
295564416840237056
295557528085991424
295261467295494144
295237494973267968
295237224407113728
295230496454107136
295220373618835457
295220210934349824
295219282592288768
295218418972491777
295210303069761536
295204200688795648
294896385050959872
294886060729716736
294872680354680832
294864599763800064
294859205981138944
294599252695453696
294588259105914880
294574568805371905
294531866021736448
294407993775235072
294227174720958465
294225014847315969
294223520500678657
294215967200907265
294215304299556864
294214996269871105
294121357615181824
293779927789101056
293779819362136064
293664545879252992
293512057855283200
293069979102900224
293067468212154369
293065125764685824
293063374210740224
293047562729033729
293038297075286016
293037545577664512
293026457440104449
293026412787560448
293019616928743425
293007019819024386
292663651385626626
292395162703900673
292297932558987265
292286995542179840
292286808912457730
292286719380824064
292286379302453248
292015688669884416
291562574581993473
291542110916714496
291541934281990145
291265910822563844
291265730203222016
291263130741387265
291259538525519873
291253513873408000
291249495025541121
291249327702155266
291244652886122497
291244486816825345
291244143236243456
291224039857471488
291214880437055488
290960861948940288
290959316763152384
290959275533168640
290949564242984962
290921129042931713
290902347314511873
290897433037271040
290892389827108864
290891674496954368
290890281686028288
290851364794421248
290833759798960128
290794881729835008
290594981436063745
290591660713316352
290589397739520000
290437658231046144
290183177266397184
290116148798816258
290114694415519744
290114594142314497
290114422922432513
290113885103603713
290113561538199552
290113331929427968
290113117436903424
290112798313283585
290111979480305667
290111275713830912
290110023835742208
290015742877913089
290015445854072832
289847467153948672
289836459228278784
289835766736121856
289835764429250560
289821421096534017
289810265707532288
289807797519015937
289805609296072706
289802308089417728
289801892589101056
289792159375310848
289789742537658369
289787567942029313
289786732390531072
289786214700158976
289781914217365504
289774452730896385
289772287757004800
289772174049423360
289768723198406656
289766722897051648
289763534496231425
289762916813639680
289762147410518016
289748775902261248
289747344168206336
289746405407481856
289735511122272256
289708040972812288
289707734616662017
289705026815918080
289703410431836160
289703239312629760
289699853817245696
289696460411396096
289695480483565569
289688397675646976
289687756987326465
289687657771053057
289687487205486592
289686487988068352
289685440984924161
289644062657638400
289518802159411201
289518315297206273
289516992837337088
289516780920131584
289516071906578434
289515522364686336
289514371099553793
289512069248733186
289511711160016896
289511645070364672
289509848570265600
289508869061894144
289508688597753856
289508349911904257
289506572848226305
289506469806751745
289505677041352704
289505422468079617
289504785000984576
289504005586055169
289502782669590529
289502692563361794
289496317045137408
289495693415022592
289495552545153025
289495365437239298
289494366484066305
289494057397391360
289493035073552384
289492235676942337
289450636624416768
289450090236620800
289447713907539968
289447643262902273
289439475287871488
289437809180307456
289437527499218944
289434878464901120
289434569206267905
289433791146119169
289401368102445056
289393774206021632
289386118468743168
289381378208972801
289381275716943872
289349587876057088
289349330433867776
289349106550325248
289348254599102465
289132700261044225
289020218880172032
289018954100383744
289017622291443712
289006121014923266
288915045608468480
288912863781859328
288912653739495424
288912541206339584
288911858612711424
288911672335294465
288775949493870592
288725436740026368
288708105624244224
288605538806280192
288407750050992129
288372765176766464
288303091319705600
288298645290360832
288287181452222464
288287008051302400
288280434184441856
288279166506377216
288279070767210496
288273033536356352
288269713560186881
288258705454137344
288255923774967810
288255764651446272
288255471784194049
288255178434543617
288247040658526208
288039260454526976
288039051070668800
287987479649320960
287976487498428416
287919327628365824
287662501179580416
287627724871303168
287627355881603074
287621870835097602
287621683047710723
287286508753416193
287272923176259584
287271915125608448
287248123070390272
286912297581027328
286907010849599489
286832014991167488
286744804023488513
286734661244293120
286480299196563456
286441152029274113
286064082719744001
285735765932130305
285709118449266688
285700226491224064
285606624855474176
284242922579324928
284239325535825920
284234662807744512
284233872537964544
284233730833403904
284232782421561344
283510310202134529
283502811067596800
283498041728708608
283121028182470656
282254489484947456
282116880846688257
282115198360367106
282114885662429184
282114778648956928
282113926974566401
282113082988298241
282046497833496576
282016857278537728
282013604562219009
282013442536243200
282013316707135488
281720420971999232
281712175653994498
281366872283299840
281339149796139008
281332242213658624
281331881654484992
281330645945442304
281324402010894336
281142087817256961
280622814829109249
280250491819147264
280246814135943168
280246583419875328
280244019412471808
279837227478048770
279683991907495939
279524898425159681
279524026265772032
279523684023156736
279522608934973440
279521561348816896
279518839383932928
279518167632592896
279511138444644353
279118788455182336
279118539661651969
279117902999859200
278435569627971584
278418315930660864
278417401022906368
277172535970373633
277171680416260096
277171182132940803
277131356692160512
276984348945825793
276968992462213120
276831907709329408
276831534336598017
276830961394647041
276830714119475201
276830075066937344
276827612557500416
276826341674999809
276825654681550848
276823887206027264
276823500298268673
276821211537891328
276820983812349952
276774727979245568
276774058048233472
276773276523573249
276772554637729792
276694230905257984
276482115942625280
276472851782057984
276471921988734977
276412464701267968
276381925738954753
276381201311346688
276246088489512960
275996053210296320
275977373768351744
275976702839095296
275976147697799168
275748213556916224
275747838745518081
275744827784716288
275744508338135041
275744063272148994
275743485225750528
275741647164297216
275741402678304769
275738655509864448
275738057142071297
275737274556231680
275708250081607680
275694125385404416
275691220267831296
275673302108893184
275665001451233280
275656064391839745
275655850771746817
275646913028689920
275529096606412800
275503475884974081
275258080420315138
275043798428557312
274593219663253504
274575223901261824
274468855240335360
274421872265945090
274241673935077376
274240463651880960
274238753407660033
274238411580256257
274236554724139008
274236358875291648
274234369533698048
274209703616212992
274208775966187520
274208525247463424
274207526470438912
274207194898128897
274206902576091136
274206562845876225
274205131367661568
274191981809385472
274156224155623425
274155120516804608
273873929519636480
273872236757278720
273872097426669568
273869560506118144
273867578567442432
273847696916369408
273782658813796352
273772985419194368
273762128312270848
273753782326788097
273714204773609472
273582967048253441
273517952865824768
273512493169643520
273505239347367936
273486021239402497
273479600221331456
273475369200386048
273471376902467584
273465668853174273
273447266478596096
273446224588324864
273445390328684545
273425282663325696
273416946542841856
273404942008590336
273404274267000832
273394270155710464
273392106066821120
273391655573401602
273391070484762624
273390160723460096
273389019277189121
273382946046607360
273373223553466369
273352840288817152
273351121840513024
273127329449009154
273115334590988288
273115292295643137
273113317168525312
273095023975866368
272811543333318656
272807588721213440
272806599108747264
272785447246245888
272782520234426368
272781715284574209
272471027357986816
272450182363361282
272428718578864128
272428263484313600
272422396223426560
272421519894933504
272419758954131456
272419049797996546
272418781748408320
272418399307563009
272412937799491584
272401982927544321
272401301843869696
272400574975201281
272400403730149377
272400230606053377
272399917127970816
272399628626956288
272399365052710913
272398890240729088
272398602561802240
272398306641059841
272397967468662786
272397317875830784
272389183509766146
272380930566533121
272379438426112001
272377515937497089
272341850315169792
272341417857273856
272340142138736640
272309025692069889
272064312439353345
272064210157051904
272063957903220736
272063916677414914
272063582152318977
271689037981556736
271688967139762176
271656172803731456
271655571948720131
271557807449456640
271308176756989953
271308050470686720
271307689550819329
270954726324051969
270950828116946944
270943311110488064
270935717205655553
270927251254689793
270924727630041088
270922223831887872
270835380327157760
270835112395034624
270829841891340288
270671899162460160
270671640818507776
270671561344811008
270671329240428544
270619211670372354
270618981373706240
270552851619672064
270488281714663424
270470044075581440
270293126038556672
270255592692670464
270255277222293505
270254991103639552
270250190747885568
270247969289293825
270246889377640448
270223421152034816
270222528105029633
270222007180877824
270217796439384064
270212657313882113
270120253680398338
269877195940446208
269874877601820672
269869970597486595
269865930291548161
269524623547322369
269521585193484288
269521478171643905
269511563331911680
269510590706372608
269503962753925121
269500527707058176
269499059520286720
269497352472100864
269494649155121152
269464631075028992
269462705579106305
269461316425637888
269459759483215872
269452790689067008
269452403663843328
269414495414255618
269191024939786240
269190899894980608
269130205707255808
269088497959305216
269024161131806720
269021267649257472
268804144431759361
268724458708152320
268475788502904833
268473210503323649
268472252067115008
268471043574865922
268464819139661824
268464326162132993
268438323654164481
268437000938479616
268434923705229314
268434454194835457
268433716836175873
268432945851793408
268431849087442944
268430143645687808
268429340063170561
268429158193967104
268428989750718464
268427987291095040
268409560040091648
268396967862865921
268356823680180225
268334105681350656
268331987905937408
268080255716179968
268079472748687362
268053906209263616
268053313159831553
268041693171970048
268041611701780480
268040328743903232
267925237222477824
267924491403939841
267890449648332800
267755909214785536
267729637868703744
267726856978055169
267726207137759233
267725476703911936
267725196918677504
267724809708896257
267724280182231041
267723797795328000
267723297012211714
267722866399780866
267722148632723456
267709104628326400
267707197687992320
267333691414564864
267322987517210624
267288635420852225
267270296875200512
267191053570936832
267071071155531776
267067429648211969
267063121292701696
267060309087379456
267052146434924544
267051923109183488
267050297547952128
267050171106488320
267049760043708416
267047286289358849
267041416281210881
267034012550307840
266984990036856833
266984811904782336
266980957544910848
266980924246339584
266885417813565440
266884941982334976
266884186613374976
266867024939073536
266677302522417152
266667054738857986
266635992977522688
266620094505947139
266609890519298048
266609067236134913
266608714348388354
266608108711866369
266581988666912770
266578114262466560
266565991138459648
266536404161540096
266085515818831872
266084143979433985
266083619737587712
266083477777182720
266082451657461760
266081611261558784
266079301307355136
265996845417906177
265971116881891328
265970671576825856
265953441518596099
265950202240839681
265949194647371776
265948798138851328
265948522921209856
265946407125532672
265944706872127489
265922389697785856
265920732872208386
265920612369850368
265920231858376704
265917442914668544
265916837995347969
265915911377154049
265915322496860160
265881222171983872
265880546675154944
265880086769700866
265877567272284160
265877426956029952
265876839455674368
265876496701333505
265876133243928576
265770770897182720
265613902191157248
265612236180058112
265608929281728512
265608095844163585
265604437253443586
265507431327604736
265507155250122753
265505340081192961
265495601406414848
265495085448314881
265474006826774529
264774595746340865
264774390628093952
264767506554707968
264747112879775745
264534045617160192
264529495132864513
264529316296155137
264528510041878528
264521783099682817
264493054466064384
264460778470526976
264460610010484737
264458846389551104
264454365371326465
264453963812839424
264452695593738240
264450884174495745
264450757347123200
264448632818913280
264448478552408064
264444829897981953
264442864833015809
264395943355490304
264382728575803392
264380902472294401
264380505569513474
264380438485823488
264373028551553024
264367570629570561
264365117079171073
264152046310137856
264150858747494402
264150299906801664
264149824096591872
264149722795741184
264149544386838528
264088995078758400
264088269262827520
264087482990206976
264086126204178433
264067225277825024
264043585488437250
264014849011494912
263958815756664833
263948381943115776
263947203947683840
263943151436324864
263779242175758336
263753758952026113
263657331949195264
263652032177659904
263622781919436800
263615459591585793
263607391143211008
263597711658471425
263596936806936576
263592796013875201
263408471628722176
263408336198856704
263381437280030720
263368811347075073
263368747128082432
263368460787126272
263368364615946240
263362767006863360
263356114203197440
263348905859756032
263348513319043072
263345302289915904
263342971762659328
263189536270602240
263087002658959360
263086618838179842
263081990109138947
263081923079970819
263081805895303168
263081733338054656
263081128175472640
263080811165777921
263080235497562112
263079893380775937
263078673018667008
263077885848465408
263077465776340992
263070400626442240
263069348686622720
263065693086433281
263065016847196160
263064141143617537
263001214361403392
262999355173249024
262998787369361408
262998647413817346
262997448153251840
262996848464252928
262993688131686400
262993456501239809
262982518637207553
262961129427435522
262959315835564032
262952205135536129
262951398109478912
262627926162419713
262627814824624128
262627642073829376
262620642908704768
262618615126302720
262609276357464065
262584859153793024
262583846309076992
262579978871394304
262576211413327873
262237133492846592
262232508568064000
262100744067489792
262089665845288960
261914174781796352
261898629416108032
261825105682903040
261806402950033409
261790566344437760
261789114767138816
261788969048625152
261538596224368640
261521813920698368
261474968888553472
261474136273059841
261466875723120640
261461615948484608
261425613452238848
261414523548889089
261414242861846528
261413397873188864
261413042594648064
261412859655880704
261238176922861568
261234752705658880
261232750235901952
261229699232055296
261220962568138752
261220668132188163
261220268935102465
261220185929809921
261219472394833920
261218729134813185
261211067139649537
261210923795103744
261206843433566209
261206488968736769
261205326668378114
261202004511174657
261196075501768704
261188488236519425
261184768241192960
261176774484959232
261176217934372865
261172732216111105
261172378871152640
261161151604346880
261160700628590592
261108279902621696
261108056061014016
261106964392734720
261094596581392384
261092848907190272
261082827376971776
261082386337521666
261067005178818560
261062568800579587
261061532392247296
261061377840525315
261051151099777024
261049137250856960
260865299207839745
260850639091933184
260771434056536065
260770487947374592
260682396985327618
260681233590255616
260678385959829504
260536352695783425
260534839390912512
260516045637431296
260514129641607168
260512864329162752
260511105938489344
260510613216849920
260509637852426240
260494554854195200
260419513336598528
260414405123129344
260384427543236608
260161263089373184
260065402019799041
260065343714758656
260065312437854208
260062778759471105
260061030904897536
260057588387942400
260056259137527810
260056218687639552
259801170514685953
259699711534039041
259685886852214784
259378165301010432
259377758273159168
259376142962790401
259375314872971266
259372891672551425
259367414700072961
259367071958319106
259316383278587904
259304740817608704
259000648509558785
258994457620398080
258973788463587329
258963743256494081
258960095185100800
258951998152515584
