398031340937170944
398031243230851072
398031058740207617
398030714580766720
398030417829588992
398030370131935232
398030326234382336
398030242578984960
398029991927353344
398029817846968320
398029752445173760
398029700561637376
398029616088363008
398029390174781442
398029253364973569
398028998649081856
398028646763753472
398028593030508544
398028539179839488
398028390332370944
398028303661273089
398027831210692608
398027668282937344
398027571981729792
398027445615751168
398027337092308992
398027096045658112
398026790339608576
398026686954225664
398026532155064320
398026378870009857
397856614575013888
397856177255878656
397856033064112128
397855792554319872
397855743577444353
397855633292423169
397855576015007744
397855420972564480
397855131871772672
397855033355927552
397854977458446336
397854762995310592
397854341975248896
397854239529377792
397854147607031808
397853939481464832
397853907743166464
397853739924848640
397853576544141312
397852031505158144
397851940484571136
397851849388466176
397851748096036864
397851502930575360
397851247396814848
397850306408902656
397849770422960128
397849563928997888
397849090727628800
397849077284868096
397848879078858752
397848804776738816
397848669099405312
397848384876589056
397848355176734720
397848325418131456
397848030671831040
397847923637374976
397847698528673792
397473673604780032
397473492477943808
397473178756583424
397469902791266304
397469656476180480
397469542240493568
397469397088210944
397391417544552448
397391307012067328
397391247591350272
397391193954594816
397391147888541696
397390331609874432
397389768994324480
397388889909784578
397388697278369792
397388403916165120
397387128042442752
397387039630700544
397386733454897152
397371549277487104
397140834229186560
397140753144901632
397140651676286976
397140573574164480
397140470952132608
397140277795618816
396822861757030400
396822687475331073
396822524828614657
396760844228636672
396760778562629632
396760704969363457
396760593820307457
396660324965023744
396659836194009088
396659344760008704
396658756240818176
396658675164925952
396658592587456512
396658511251537920
396629686664830977
396625633293656064
396625338874462208
396622809193283584
396622465738477568
396622360117538817
396622246493839360
396622126888656896
396621953588813824
396621790350684160
396621705730609152
396621607516786688
396285232133197824
396285207164493824
396267509428813824
396267215533899776
396267018879774721
396266932644872192
396266824683515904
396266705431064576
396266548710481920
396266455022325760
396266366707466241
396266136343699456
396266054609276928
396265900338606080
396261403734315008
396260801297674240
396260710205763585
396260608535838720
396260459785244672
396260367586066432
396260193819828224
396260064308527104
396260022545842176
396259843704897536
396259732262236160
396259693318144000
396259544680374272
396259355236261888
396259232506712065
396259043167453184
396259028076347392
396257974140035072
395909011801120768
395908580723134464
395908325084499968
395908051179683840
395907896472797185
395907739396112384
395907444821725184
395331911620386816
395331620070514688
395326959611572224
395326724864352257
395326691846791170
395326585630253056
395326403279069185
395326303169421312
395326073006596097
395171080156897280
395170939937501184
395170639512088576
395169105437028352
395169030505762816
395168916252938240
395168842475118592
395168713974222848
395168593379590144
394835162783297536
394834961364443136
394834483297673216
394834473784987648
394834393753460736
394833939002818560
394772751992778752
394772750679957504
394772750663188480
394768291660857344
394768108818546688
394768024643067904
394767868048736256
394767638607691776
394767514292719616
394767476384604160
394767458315563008
394767406973059072
394766320870645760
394766049406906368
394765821857497088
394765755876929536
394765707222978560
394765537299148800
394765367350157312
394765298064437248
394765234613006336
394765146683633664
394764845561946112
394764671259275264
394764607501639680
394764551658684416
394764460315136002
394764375393067009
394764027450368000
394764001424736256
394763778958819328
394763537891213312
394763408907960320
394763318428446720
394763234940837888
394762853816999936
394535294357495808
394535110055559168
394534866949505025
394534100515975168
394534017070284800
394533926100041728
394533808407859200
394533717475360769
394533677948207105
394533604182982656
394533534465286145
394533445457952768
394533291824807936
394532993467154432
394532885384155136
394532739279781888
394532644677251072
394532402334531584
394532293723041792
394532138852573184
394532021277822976
394531921436610560
394531859247661056
394479501503393792
394479314718425088
394479163811577856
394478978893099009
394478846353096704
394478224337797120
394478063536586752
394477951049535488
394477410441523200
394476448507236352
394476268114415618
394476242894069760
394476029571760128
394475992578002944
394475915897741313
394475502091923458
394475356016881664
394475326975516672
394475125137219584
394475087271047168
394474983772389376
394474829757546496
394474667773550592
394474643622731776
394474503977582592
394474113735356416
394473964095152128
394473841344651264
394473806578081793
394473699610734592
394473415882833920
394473259305271296
394473214510125056
394473161150185472
394472956329746432
394472836875960320
394472732026363905
394472365109018624
394472338022207488
394472151581200384
394472071528738816
394471956273451008
394471818654121984
394471657441861632
394471579641720832
394471404063961088
394470990178447360
394470871714512896
394470599558725632
394470369874436097
394470220779487234
394470063463755777
394469153811496960
394469095368036352
394468024834850816
394468023794675712
394425000897560576
394420979159801857
394070820806750208
393991405301170176
393991340616609792
393991120742780928
393990940740055040
393990750578692096
393990701513318400
393990655523172352
393990584719130624
393990455765270529
393990412689756160
393990282469179392
393514093023604736
393494945371545600
393494451068620800
393438849214709760
393438568150233088
393438400885567488
393438263496945664
393429178030522368
393429078818455553
393426596574801920
393426523098972161
393426477624360960
393426135939551232
393426072232292352
393425927709130753
393425760847142912
393380817776693248
393380564512030720
393380327164747777
393356918460534784
393356851007741952
393356751783096320
393356606379159552
393356506613432320
393356422236602368
393355950931062784
393355625151102976
393355530494029824
393355469747933185
393305885772382208
393305722546843648
393305603470528512
393305490148827136
393285345334534145
393285255584841728
393281603147157504
393281374461128704
393281285688672256
393280986215374848
393280914442440704
393280849921445888
393280689501921280
393173403865477120
393173172293742592
393173035819483136
393172972821049344
393172761163886592
393172705388003328
392957144452321281
392957060578410496
392956954156736512
392956907767734272
392956867670179840
392956621720399872
392956558772277248
392956285307875328
392956172753731584
392660152396288000
392659985932746752
392659840956649472
392659662845530112
392659580171591680
392659438936797184
392659382586331136
392659210728906752
392659056630194176
392658915970019328
392425039918010368
392424974356860928
392424848179601409
392358399373213696
392280808700280833
392280691909865472
392280629150494720
392280404067352576
392280207295778816
392280028425486336
392204260152455168
392204165323436032
392204071014531073
392204015666487296
392203963162193920
392203921152028672
392203877657083904
392203768642957312
392203659888848896
392203620352925696
392203502690500608
392203334930935808
392203198720901120
392203028394442752
392202944575442944
392202731450290176
392202539997089792
392019386049265664
392019254268395520
392018776604286976
392018661017677824
392018472890552320
391961017728925696
391960834454601728
391960723569799169
391960695396655104
391895659999395840
391895515832782848
391894860493783040
391894660391899137
391894514853769216
391894474949144576
391894303624413184
391894211907579904
391862861431328768
391862630757187584
391676568009179136
391676326710898689
391676047693189120
391675928151351296
391675821905436672
391675746147921921
391675607496802305
391675468321394689
391675355519803392
391614599600308225
391596242721316864
391596104040869888
391596047723950081
391595638741553152
391595527680569344
391595447154114560
391595308834385920
391595249921163264
391593867306618881
391593807227420672
391593726415732736
391593619523915776
391593456986234882
391593375729983488
391593322554613760
391593188315893760
391592986385342465
391592887928229888
391592850909319168
391592679932698624
391592511598505984
391592466430033920
391592376986509312
391592167200026624
391592118147616769
391592034706141184
391591883874770944
391591812663889920
391591628324216833
391591580949565440
391591538507415553
391591403450826752
391591342851489792
391591288946302976
391591209296478208
391591054899961857
391590754570993664
391590488857665536
391590412273868800
391590259399868416
391590137932836864
391589224312750080
391588626980950017
391584868431585280
391584752106741760
391584665590845440
391533306636152832
391529661467222017
391526858334162944
391511982287122432
391511826502275072
391511499677896704
391511460318572544
391511376533159936
391511277799223296
391510911699390464
391510556727058432
391510358260994048
391510305278533632
391510184008630272
391510077301346304
391509978307379200
391509876452917248
391509660941180929
391509279616020480
391508890699198464
391508797170388992
391508486112423936
391508435759792128
391508399847796737
391508278678925312
391508162161172480
391507915305406465
391507705174962176
391507533011386368
391507381991268352
391507324570845184
391507248624992256
391507179100196864
391507052008587264
391506974028103680
391506760387010560
391506596024827904
391305390065188865
391305344582172672
391305209190043648
391304859972296704
391304773087281152
391304463400845312
391304314079444992
391304236036005888
391304176221032448
391304089881280512
391303999124951040
391303746330046465
391303459859070976
391303306381107201
391303201154428929
391262056890269696
391261933837774849
391261863792885761
391261666417319936
391261479305224192
391261306155966464
391261100924481536
391261005910904832
391260815510491137
391260627412729856
391260460781412352
391260390803636224
391260353562427392
391259949894234112
391147210878242818
391146993588133889
391137681373429760
391137534992191488
391137428700147712
391137367484272640
391137190421741568
391136219830444032
390965794886393856
390965472789024768
390965131443965952
390964922009808896
390964873792081920
390964832624984064
390964773837635584
390964679126040576
390964509743284224
390964394978725888
390964274866434048
390964065310617600
390963700653645825
390963488874823680
390963339536642049
390963186067050496
390963131994099712
390963091040907264
390963047923462144
390962939047735296
390962827638611968
390962754062147584
390962624177135616
390962486750748672
390962361521434624
390962279539544064
390962214515257344
390962171594964992
390962117685555200
390961985913110528
390961843466162176
390961741393588224
390961683835142144
390961550187827200
390961463307026432
390955688413130752
390955251958034432
390955165890912257
390955073196802049
390955003625873408
390954883505217536
390954810142646272
390952215692972032
390951938952798208
390751620549447680
390751557979242496
390751500412407808
390751398239145984
390751138192310272
390751088443682816
390750978213175296
390750934437199872
390750868846682112
390621414698811393
390598047232962560
390460254976491520
390460138689425408
390460064177598465
390459924461154305
390459671515254784
390459636262117377
390459131049832448
390458813914288128
390458549215952896
390458372899999745
390458296081317888
390392651750854656
390392555592241152
390392451665768448
390392378101862400
390392333403164672
390392085993754624
390391952744919040
390251676160241664
390232033056006145
390231691551588352
390231010388221952
390230473265647616
390127692244594688
390127583620497408
390127514955575296
390127369979437056
390127321254207488
390126907700027393
390126769124433921
390126714011267072
390097801906257920
390097581248098304
390097496816771072
390097254243368960
390097061640941568
390097017063882752
390096833022013440
390028299688497152
390028065503707136
390027940043698176
390027847337005056
390027745851609088
390027606504259584
390027519308873728
390027459506503680
390027255759785984
390010132694061056
390010053371363328
390009887172100096
390009798026330112
390009743282294784
390009338653593601
390003232426426368
390003004042387456
390002710214610944
390002607189942272
390002562369589248
390002079336759296
390001905063448576
390001817964531712
390001723202633728
390001649995251712
390001527043424256
390001469468188672
390001305558999040
390001235568623616
390001156824768512
390001093406916609
390000887332347904
390000779500994560
389786200208605184
389784874955329536
389783014273982464
389782905784127488
389782774527574016
389782673352577025
389782622945419264
389782574970970112
389782458868461569
389782281378086912
389781795212128256
389781622524227584
389781562155622401
389781493356429312
389781401442467840
389781123511091200
389781067152248832
389780967034195968
389780869583732736
389780838155845632
389780757419687936
389780708811886592
389780674473103360
389780639656198144
389780573449097216
389780038159450112
389779997743128576
389779917900365824
389779844508418048
389779762883076096
389779642410102784
389779555588009984
389779485262102528
389779439389011968
389779318903418880
389779111444746240
389778957446688768
389778805403185152
389777178407489536
389777140407087104
389775638636531712
389739222313488385
389739129908785152
389739068906811392
389658074208030721
389657949310046208
389657882444439552
389657700143230976
389657633768366080
389657100663943168
389426928320806912
389426740348850176
389314655405232128
389314131071094784
389314064327139328
389313933078982656
389305201053937664
389304780935663616
389304218412400640
389303517447725056
389302775647313920
389302577781014528
389302445354278912
389302358171471872
389302057175629824
389301910832156672
389301617369305088
389301525283344384
389300809705717760
389300657427341312
389300575336411136
389300513441054720
389300449998045184
389300236734443520
389300142542974976
389299926985113600
389299875407728640
389299830876823552
389299739587772416
389299667865190400
389299560981745664
389299417578479616
389299120957292544
389298994947821568
389298884662816768
389298817621041152
389298660754092032
389298625630994432
389298504163917824
389298401911001088
389104909502906368
389104783162097664
389104378084593664
389104242663129088
389043824909357056
389043572445818880
389019000543649792
389018711623217152
389017523636957184
388921465628004352
388921078871261184
388582161932361729
388581698247864321
388580733381775360
388580661348798464
388580545804128256
388580475289501696
388422435131109376
388421712075038720
388413993540669440
388309225661014016
388309054734761984
388308697409392640
388267033106083840
388266894454976512
388266472768045056
388266442921345024
388266215376158720
388265647706488832
388265393934319616
388265174681288705
388265146885611520
388252110468698113
388252054176927744
388251895565139968
388251849939509248
388251770520342528
388251693768769536
388251633265938432
388251599787003904
388251456668991488
388251369851068416
388251335097057281
388251242709123072
388251007949742081
388250744903962624
388250704940646400
388250679674150913
388250342343069696
388078640581607424
388078323978756096
387914916742828033
387914803253366785
387913653766590464
387913497004490753
387913397721137152
387913283543781376
387864190880591872
387864079614083072
387863869945032704
387673639786930176
387618891809443840
387615447451205632
387615370968047616
387615182979334144
387615148711882752
387614721526222848
387614507679633408
387508249752526848
387508135856205824
387505237411766272
387505194793463808
387505026417324032
387504968464617473
387504884222025728
387504808871337984
387504727564754944
387504427000954880
387504394985803776
387504289457123328
387504161350492160
387504052365697025
387503976507506688
387503886749413376
387503819690872832
387267870272782336
387267574079451136
387267533528915968
387267141520879616
387267024038420480
387266733889028096
387266694148030464
387266502573174784
387266230257987585
387266143968559104
387266073864978432
387166678423191552
387157319194533888
387157246167494656
387157227213430784
387157000620359680
386937326460755968
386937218360963072
386937132507734017
386936903318392832
386936787215867904
386936666851917824
386936562287910912
386936490397560832
386936206040506368
386935978629529600
386935911747190784
386922761643655168
386812342929211392
386812300466094080
386812091115765760
386811776706551808
386811358953889792
386806523500195840
386806353387589632
386806292754755584
386806213159432192
386806122881220608
386806008234131456
386805898439831552
386805789857677312
386805634144145408
386805210460729344
386805176407179264
386804977983041537
386804924572770304
386804891416797184
386804839088672768
386804786987020288
386804710101233664
386804657097809920
386804590785880064
386804498439888896
386804364398329857
386804239349325824
386804176795471872
386804135263473664
386804043718623232
386803868107309056
386665314614013952
386664949306888192
386664872492425216
386664804481781760
386664710034448384
386664663561543680
386664483378438144
386664413723656192
386664176523161600
386664027449225216
386663939603722240
386663877842579456
386663839351447552
386663755096281088
386663711651659776
386663574590193664
386663399712911360
386663328581697536
386663236831285248
386663165926604800
386663092362674176
386662991393206272
386662888674709504
386662829279170560
386662756235345920
386662721758187520
386662596700819457
386662540975284224
386626712337141762
386626383130398720
386626051809751040
386564645416599552
386564504982917120
386564419737894912
386564364582805504
386564304872681473
386564228813176832
386564178447990784
386564074617982976
386564013855084544
386563951712272384
386563877435359232
386563792748150784
386563747516796928
386563690314870784
386563561168052224
386563470353006592
386563410638667777
386563363708624896
386563291390418944
386563234150756352
386563152139522049
386562958689845248
386562885327286272
386562817975156737
386562667634515968
386562629361491968
386562559962533888
386562234593603584
386561924408037376
386561876051890176
386561823585357824
386561743960702976
386561690252636162
386561584497438720
386561505950720000
386561432151924736
386561313113378816
386561263335407616
386561164777623552
386561063250309120
386560843284217856
386560752536260608
386560657065525248
386560555882127360
386560503918899200
386560466975481856
386560215656976384
386559880230109184
386552313537908736
386552170923192320
386551840588185600
386551764172148736
386516196738478080
386515926872752128
386515785830920192
386515650598166528
386485673815207936
386485559935639552
386485394239664128
386485231328694272
386485130577342466
386485047483973632
386484796022857728
386484724929404928
386484553940230145
386484529034428416
386484187282554880
386484147596034048
386484072073408512
386484002716405760
386483949134168064
386206939673534464
386206787432906752
386206626749120512
386206534717673472
386206267188191232
386205809182797824
386130597372252160
386090789899886592
386090669150056449
385891564129910784
385891197056974848
385891141897687040
385756549022769153
385756484266897408
385756430235865088
385756326728847360
385756304318689280
385756225843236865
385754064191250432
385753922977431552
385753757084319745
385753673978359808
385753488955035648
385750840910548992
385750000988598272
385749924232847360
385749710767915008
385749472409833472
385582447687380992
385582411817709568
385582143206064128
385341186002939904
385340132628627456
385339870765645824
385339242773483521
385339054759608320
385339028650078208
385304876248727553
385304269672701952
385304230992809984
385304182703804416
385304137279483904
385304101703413760
385304021936123904
385303770722484224
385303626685902848
385303600291127296
385303445710077952
385303367196876800
385303203442868224
385303093937987584
385302937914064896
385302878480785408
385302791138598912
385302437919473664
385302411218526208
385302303643021312
385302210114248704
385302177595785216
385301772816113664
385301542607552512
385301482742239232
385301361761734656
385301310582841344
385301253221543936
384392409616224256
384392312136409089
384386757514760192
384381505059188737
384381430467674112
384381258962579456
384381171133870080
384381084265623552
384381040846196736
384381002489282560
384380833844703232
384380642697691136
384380516029702144
384380449822629888
384380351847870464
384330935925489664
384330852215574529
384330743067185152
384330700704735232
384330616160129024
384330564553433088
384330442012639232
384330390452060160
384330208922578944
384297817210359808
384297799900483584
384297415962292224
384297165402943488
384296964554506241
384296920224915457
384296882362937345
384296793150066688
384296661054672896
384296521921208320
384296412466655233
384296341591310337
384296313330081792
384296210989064192
384296143406239744
384296022169890816
384073049945174016
384068623926841344
384068584273870848
384068424529633281
384068334591168512
384068277993234432
384068242576535552
384068179661963264
384068003295662080
384067897947328512
384036771916701696
384036435277664256
384036238497705984
384036171330113536
384036084583514112
384035808489275392
384035643896377346
384035409514487808
384035272629186560
384034998090997760
384034926662008833
384033429089951744
384033211980197888
384032968626675713
384032780822532096
384032612203130880
384032525343277056
384032434276540416
384032285718507520
384032172308721664
384032058538201088
384031962262163456
384031783815487488
384031699342196736
384031491803873280
384029257095467008
384028932372447232
384028747877588993
384028356842643456
383998185821446144
383998035661180929
383997988865323008
383997639991500800
383997087802982400
383997002272763904
383906352705581056
383906290655043584
383906204202074112
383906104285360128
383905940812349440
383905854233538560
383905693893656576
383905639938158592
383905554080727040
383905438447976448
383905293492813824
383589154288070656
383570382693097472
383570318293741568
383570260877922304
383570212542767104
383570207278899200
383569823311347712
383568348984139776
383568061254877184
383567909739847680
383567701144506368
383567396533174272
383567154786099200
383566872467480576
383566770793349120
383566653810028544
383504454341132288
383504266297888768
383504029353254913
383503944045305856
383503830811680768
383503773282598912
383503645339553792
383503494541750272
383503447292907520
383503393970737152
383503291973660672
383502896463364096
383502864808968192
383502800048881664
383502731983745024
383502112178851840
383501848596185088
383501811535314944
383501702164660226
383501596854071296
383501503346245632
383501393086414848
383501141046480896
383500788192260097
383500696722870272
383500640515006464
383500546269003776
383500370850619392
383500174225866752
383499870893785089
383499773594312704
383499739624665088
383499687523024896
383499632967692288
383499589304983552
383499449479495680
383499282969788416
383499242368954368
383499203047358464
383499078040297472
383499028513976320
383498957068189696
383498924604293121
383498884187951104
383498839120158720
383498697239433216
383498652947599360
383498426807492608
383498102386458624
383497873532678144
383497827839922176
383497538483269632
383497503410487296
383497468622942208
383497360426684416
383497202263662592
383352992852082688
383352188275552256
383322797420064768
382998076266663936
382997949196013569
382997795562856448
382765039473934336
382764944510701568
382764802789343232
382763959255695360
382763386574225408
382763251823828992
382762619167588352
382762226358439936
382762107856764929
382762033886027776
382761705555910656
382761591684726784
382761291943006208
382760970571243520
382760908046352384
382639371725598721
382438448319438848
382438337937940480
382438282472480768
382438203078492161
382438162666389504
382388434775846912
382388106126974976
382387920327680000
382387719231766528
382387514868523008
382387441505939456
382387291869941760
382387183317159936
382387049074290689
382386966790422528
382386939221258240
382386739312349184
382386625994838016
382386590955618304
382386521405657088
382224512122888192
382122254613872640
382122131376865280
382122068730732544
382121941240647680
382092908096401408
382092869118734336
382092783622045696
382092667444031488
382083020070875136
382082944925712384
382067627704983552
382067364176871424
382066983820611584
382066911166865408
382066881542516736
382066458463059968
382066298920124416
382066123577257984
382066000415719424
382044228588953600
381854879729614848
381854742194163712
381854699802337282
381854624426516480
381854578905710592
381854505085960192
381854396965212160
381854195735093248
381854173979213824
381854137727877120
381854025073037312
381853221549260800
381853121036963840
381852988677320704
381852809219809280
381852710196486144
381852655217557504
381852469422465024
381852389164453888
381852321321582592
381852270700527618
381852233811644417
381852068832874496
381851983675924480
381851919498895360
381851865828585472
381851842487259136
381851811587829761
381851786304552960
381851619266404352
381851562999840768
381722119547400192
381721514070261760
381721335019622400
381721303134535680
381721255696953344
381721194325880832
381721102386749440
381721005770960896
381720902653997056
381720861990207488
381720756696395776
381720726296084480
381720557211103232
381705659722760192
381705562284888064
381563511236997120
381513566211567616
381480870156435456
381480563078873088
381473567680245760
381473513422745601
381473466534612992
381473348053921792
381473207834116096
381473141400543232
381473106382315521
381473018834595841
381361742439526400
381361601129230336
381190851541864448
381190622432219136
381190495017648128
381190404898816001
381190307226058752
381140960262250496
381135750697582592
381133224262782977
381131664996728832
381131625155031040
381129392283717632
381129250231054336
381129191464632320
381129123395301376
381128885519532032
381128647736037376
381126015076282368
381125916321411072
381125861711572992
381097050542456832
381096989259468800
381087795848437760
381087697571676160
381080703775277056
381077525759541248
381075922595885056
381072265938751488
381071615628697600
381071112215748608
381069045984149504
381068501836124160
381059793349537792
381059695538348032
381059660268453888
381057062891188224
381026316495364096
381026120436822016
381025676125802496
381025512199839744
381025402590101504
381025304304971776
381025090907156480
380963726259929088
380963659352379392
380958521690718208
380939324105437184
380939253121028096
380939132396392448
380939056789864448
380938943480750080
380938899306323968
380938841135521792
380938767080906752
380938701859487744
380938663179583488
380938610406854657
380938594116186113
380938389186674688
380938342785110016
380938312984567808
380938280688431104
380938224321167360
380938100870242304
380938056448372737
380937951418798080
380937865796284416
380937539483598848
380937487163867136
380937377973563392
380937241637687296
380937056295583744
380936992999370752
380936942583824384
380936883922305024
380936845162725376
380936823885037568
380936740758110208
380936647208357888
380936589310189568
380936294366740480
380935938517782528
380823520563167232
380823359984271361
380821404142567424
380821011228524544
380820807200833536
380813375380664320
380813181704478720
380812960131981312
380805383251820545
380805209968357376
380796962142191616
380747510387851264
380738363609071616
380737768839983104
380737491093192704
380737128466231296
380736959427407873
380736601460338688
380736029386629120
380735974965530624
380735681209057281
380735347220807681
380310651236655104
380310623588208640
380309929833549824
380309792893706240
380309757711900672
380309709963931648
380309599070715904
380309555831652352
380086057272094720
380085591683395584
380085530626883584
380085484913192960
380085289496346625
380019892537544705
380019531508637697
380019466085863425
380017772778250240
379949568852754432
379949494940737536
379948572026109952
379948437472817152
379948322364334081
379947376305537024
379883507268722688
379883425756610560
379883339588861952
379883316323057664
379883168033415169
379883090786914304
379883031840178176
379882908942868480
379882844803579904
379882677190799360
379710513972006913
379710358208135169
379709604772732928
379709538142027776
379709127599337472
379708812707770368
379708775298781185
379708669241593856
379708390622367744
379708362923188224
379708321160499200
379708132655923200
379708042956533761
379707877881315328
379707838945570816
379707762516983808
379707646569611264
379707605209608192
379707575316779010
379707429501796352
379707360337731584
379707302854791170
379707113293217792
379707024466280448
379706933282107392
379706889220915200
379706844056649728
379706814000275456
379706623075557376
379706517844664320
379706494956359680
379706423351201794
379706323296059392
379705010093039616
379704933920296960
379704875816587264
379704822863527936
379704722216984576
379704553048113152
379704522081587201
379704482105683968
379704400920727553
379704309644263424
379704236298489857
379704125522722817
379704091028783104
379703969817587713
379703685439553536
379703234736447488
379703081422057473
379702629582249984
379702507137933312
379702316389376000
379701987958595584
379701923110486016
379701838712688641
379701804063526912
379701736719790081
379701694340554752
379701666939170817
379701611364614144
379701477809618944
379701331902341120
379701250855829504
379701073604513792
379701015236587520
379700962874892288
379700893341720576
379700774286401536
379700676747870208
379700635576590336
379700577841979392
379700514403143680
379700426184347648
379700308328599552
379700251634192385
379700179034984449
379700047283503104
379699964374687744
379699937438867456
379699933567524864
379699816538050560
379699697717608448
379699388605825024
379699207206338560
379690820468998144
379690638801121281
379690336349876224
379690211057618944
379690085866045440
379689921692565504
379689847583436800
379689817682227200
379689587805003777
379689547778768897
379689509031800832
379689452475801600
379689404383907840
379689108748382208
379689057166843904
379688981157654528
379688612834848768
379529132943888384
379527589729402880
379523378283290624
379523192446279680
379523120006438912
379522992537354240
379522897725095936
379522789545623552
379522755441750016
379522726035460096
379522686441254912
379522441514856448
379522404038762497
379522354717945856
379522303513886720
379522212560400384
379522095514136576
379521980070133760
379521875107651584
379521830459285504
379521686460448768
379521548211986432
379521502674427904
379521454976806912
379520819309068288
379520625465131008
379520545848848384
379520520196456448
379520390135308288
379520354315927552
379520225412390912
379520063868788736
379519917944733696
379230395268890624
379224580365500416
379224520399552512
379224481090527232
379223582125326336
379223532993257472
379223499090698240
379223458917658625
379223436142583808
379223377648836608
378990615599386624
378990380500656128
378990351761285120
378990275722768384
378990220244705280
378990147448365057
378990003579543552
378989959040204800
378989708208246784
378989665849995264
378989615547682816
378989563320213504
378989538162790400
378989484609908736
378989419325583360
378988994111229952
378988951006367744
378988910237736960
378988872463814656
378988806944608256
378988742054526976
378988706973351936
378988533740212224
378988351535480832
378988272938418177
378987973263781888
378987370122858496
378987303102074880
378984843541217280
378984549075537920
378984500971438080
378984422307291136
378984345245327360
378984300731174912
378984166828044288
378984112054616064
378984071466319872
378984039686078464
378984002541338624
378983961676218368
378983871012147200
378983779869929472
378983680536215552
378983627058843648
378983528199110656
378983418652266496
378983370891755520
378983145577914368
378983107162296320
378983080507502592
378981242685100032
378981178591948800
378981084647944192
378980948110770176
378980898517319680
378980841168588800
378980508757417986
378977623998992385
378977518403219456
378977466913927168
378977397959565312
378977373284495361
378977318330699776
378977283031437312
378977245052043264
378977201406115840
378977172104687616
378977106715492352
378977072011837440
378976957314371584
378960450404483072
378960334566207488
378960286163959808
378958473670950913
378900134261977088
378863053473075200
378862167682203648
378862025914716160
378860983927963648
378803056403828736
378803011612864512
378802965064450048
378802888400969729
378802824748232704
378802601141481472
378802481519951872
378802441934082048
378800974267441152
378800926796292097
378800850279604225
378800705433534464
378800561786994688
378800440064114688
378800389606637568
378800296451133440
378800027663339520
378799936533725184
378799888378908672
378799808552906752
378799762667225089
378799681192886272
378799551639191552
378799458286571520
378799387524493312
378799288589230080
378799223036456960
378799200366235648
378799096485908480
378799026059362304
378798946178838528
378798883545296896
378798748220272640
378798691345530880
378798567437402112
378798511913181184
378798402232143872
378798232048267264
378798145658171392
378798073134456832
378798037810049024
378797947359887360
378797680736337920
378797383939014656
378797311910248448
378797238698643456
378797126425538560
378797045697740800
378796977242521600
378796622022737920
378796529433460736
378796461976477697
378796434600247296
378796384071483392
378796285454991360
378796248134070272
378796152982110208
378796106400157696
378795892180258816
378795810521374720
378795725058228224
378795624428498945
378795584406433792
378795523328995328
378795352390131712
378795290238926848
378795194885627904
378795108034166784
378795076287488001
378795026513686528
378794950718390272
378794886952415232
378794846129250304
378794789711671296
378794613299216384
378794524451274752
378794367450099712
378794311275786240
378792943198679040
378792899078799360
378792731210170368
378792684800184320
378792595125993472
378792550771220480
378792513848750080
378792403400151040
378792342322683904
378792251981578240
378792145689518080
378791989120368640
378791939287822336
378790614084878336
378790479762313216
378790436997177344
378790330898083840
378790278272155648
378790251390861312
378790196458033152
378790152359129088
378789627349729280
378789551025975296
378789500161626112
378789371291656192
378789256539701248
378788858982588416
378788796638461952
378788710613254145
378788353719930880
378786421756424192
378786061591511040
378785907790610432
378785840681746432
378785624914157569
378785585613529088
378785526754856960
378784979725328384
378784439029219328
378459025530441728
378458867564556288
378458839806644224
378458625905528833
378458492514082816
378458487275421696
378458306467336193
378458253019320320
378458225051701248
378412367987875841
378410105794215936
378410036902768640
378410016585568256
378409882187493376
378282064648622080
378281953377939456
378281853498949632
378281509209505792
378281270557810688
378281140416946176
378279617192554496
378279521876967425
378279487982817280
378279292171747329
378279055340347392
378278987874992128
378278706193911808
378278484684308480
378278331176984576
378278272876167168
378278233147719680
378278107494756352
378277320685264896
378276763639767040
378276737324703744
378276475382030336
378271137903697920
378268260418207744
378268082915266560
378232809263202304
378232655944646656
378232504588984320
378232111247155201
378231706517774336
378231685474975744
378231543963320320
378224880015405056
378224242158235649
378224191050625024
378196456269942784
378196374124503040
378196329014763520
378196292880830464
378196218343882752
378196189461884929
378190617979154432
378190450437677056
378190294396993537
378190147617316864
378077064534196224
378076904060092416
378076607078203393
378076526094614528
378076335480258560
378075935754702848
378062113006428160
378061577209282560
378061045950320640
378060959748993024
378060723848757248
378060660753850368
378060114345086976
378060048410636288
378059955351597056
378059657996423168
378059583933403136
378059519911559168
378059380660641792
377775215591563264
377770945077084160
377770864319946753
377770832623566848
377716602747498498
377716320886079488
377716184181121025
377716131945279488
377716100760612864
377715944376000512
377715732756586496
377715433639800832
377715409212170240
377715282485452800
377424883325874176
377403053013745664
377402767364866048
377402661454495744
377402661244768256
377338218171342848
377338136868945921
377338033705857024
377336871921393664
377336743751876608
377336478017527808
377336442923810816
377336158306705408
377335886582935552
377335764851625984
377335658857373696
377335590620250112
377335500232990720
377335296058458112
377335250453819392
377335198373138432
377334905463914496
377334398569693184
377334186769911808
377333915335528448
377088530151137280
377087441037164544
377087327577063424
377087298925760512
377087222719463424
377087139420573696
377085157897142272
377082688383229952
377044519369588736
377044490701537281
377044320375033856
377044287126794241
377044075066970112
377043956854702080
377043755154825216
377043685743267840
377043586770288641
377043342208819200
377043300194476032
377043225292603392
377043099224408064
377042780281118720
377042628329877504
377014888360857600
377013104867282944
377011676140568576
377000056475643904
376999948711383040
376999149373501440
376999082642128896
376999032604090368
376998701103079424
376998549881626624
376998511503761408
376998312274325504
376998217243955201
376998122054221825
376998051631890432
376997928759750656
376997824397070336
376997793795420160
376997709292773376
376997412487049216
376997270543433728
376997015898828800
376997011075379200
376996812487659520
376996763871498240
376996225058603009
376996144976789504
376995919503585280
376995500685529088
376995379872813056
376995272632860672
376668297477226496
376668220360781824
376663247900119040
376663117667004416
376663019444768768
376662496725434368
376662402617856000
376662299727380480
376662241208434688
376622245084680192
376622214294290432
376622173496299520
376622041413459968
376621970399719424
376621731534102528
376621689523941376
376621582736977920
376621545629941760
376621359872622592
376621312778960896
376621188728238080
376621160320237568
376621024080830464
376620977150754816
376620862566576128
376620710590185472
376620682794516480
376620565991538688
376620438715396096
376620359040389120
376620324164755456
376620274541948928
376620233949462528
376620201665908737
376619982043750400
376619784571715584
376619706465419264
376619670683779072
376619488269324288
376619436318683136
376619401187188736
376619349442068480
376619060639055873
376619016900861952
376618889020735488
376618852584808448
376618792421699584
376618761350295552
376618618861391873
376618399859998720
376618293270155264
376618254212816896
376618147950120960
376618070556807168
376618012302127105
376617856265617408
376617766587207681
376617617144152064
376617553537544192
376617419244326912
376617371169198080
376617127878619136
376616973142347776
376616909648982016
376616632812335105
376616597085233152
376616468647260160
376616266171445248
376616183765942272
376616130632495104
376616076744085504
376615986180665344
376615940328525824
376615836217528320
376615741606604800
376615628943405056
376615548639248384
376615424320094208
376615362961604608
376615329340080128
376615268216479744
376615182883356672
376615110741340160
376458580117180417
376458325854285824
376458288487227392
376458181188542464
376458064582680576
376457999323512832
376457869400756224
376457816871292928
376457566865608704
376457513266597888
376457436674420737
376457355275546624
376457331380592641
376457291002048512
376457152166375424
376457116082786304
376456985514094592
376456955151523840
376456878953611265
376456850918899712
376456672321228800
376456567451054080
376456532088864769
376456486492590080
376456452057333760
376456364148928512
376456254631456768
376456197144334336
376456050121383937
376456005028417536
376455977429917696
376455948019445760
376455911159910400
376455873692205057
376455815210995712
376455755458957312
376455714610638848
376455676564094976
376455622428229632
376455429221797888
376455190054178816
376455155669270528
376455118339981313
376454923120308224
376454845898964992
376454671885684736
376454604835545088
376454538091589632
376454467862163456
376454422299418624
376454332952350720
376454229365628928
376454116429807616
376454072901316608
376454026722037761
376453948305317888
376453883574632448
376453842956992515
376453812510543872
376453780990337024
376453684403920896
376453632360984576
376442477336858624
376434181594955776
376434029337542656
376433722213793792
376433580844810240
376433495167741952
376433111439261697
376433060503642112
376432978735681536
376430854702383104
376430461498949632
376430412442390528
376430089132847104
376429275379138560
376428817000439809
376428585026060288
376428538335084544
376427446750683136
376427223861198848
376427066423791616
376427021788012544
376426982596440064
376426885074681856
376426861070651393
376416466968797184
376416356797005824
376416290032082944
376416204858359808
376416116668907520
376415959227310080
376415934053101568
376415871436337152
376415715051728896
376415445416681473
376415337308491776
376415291351498752
376384809679204352
376384548218884096
376384437296316416
376341807027994624
376341736450449408
376340071643095040
376339818881753088
376339717358632960
376339662501314561
376339570260193280
376338905970507776
376310909037449217
376310778502316033
376310598268891136
376310483185590272
376310270786027520
376310082830860288
376304937200025600
376304624678223872
376304440489574400
376304368628563968
376304265293467648
376304254086291456
376304168245665792
376304131725860864
376304013232586753
376303892046553088
376303702556311552
376303489603108864
376284719409004544
376284549417684992
376284368748425216
376284236875317248
376284163563085824
376284117090189312
376284061595348992
376279145480990721
376279056888889344
376278972675686400
376278937523191808
376278897333391360
376278858636734464
376278802948972544
376278709466324993
376278681347690496
376278620970700800
376278575898689536
376278536300290048
376278381429817344
376278333430181888
376278275464916992
376278234725629952
376278036922261504
376277987563675648
376277915073511424
376277784664215552
376277718662651904
376277681618563072
376277569781641216
376277458523521024
376270519798345728
376269053134118912
376268878051278848
376268470713065473
376268377440133120
376268223806971904
376268149966241792
376268118563487744
376267936656531456
376267718338826240
376267545160200192
376267398191808512
376267292583411712
376267270345199616
376267185326661632
376267121816526849
376252424484556800
376249634630668289
376249528300875776
376249362420355072
376056023217614848
376055922944376832
376055822243352576
376055721470988288
376055601128038401
376055556324483072
376055447322898432
376055412782813184
376055195681447936
376055000574992384
376054930597220352
376054833138388992
376054778587250688
376054681073909761
376054573104128000
376054372222115840
376054312243576832
376054223668256768
376054173076582400
376054077299646464
376053868817575936
376053701125103616
376053386657153024
375971226470318080
375971164973457408
375971085633978368
375970897850810368
375970820277166080
375633889064390656
375633666850177024
375633578107076608
375633283792789504
375633230273466368
375633170756288512
375633052229451776
375633012425490433
375632968863477760
375632931634806784
375632866430156800
375632752810663936
375632721340792832
375632624657899520
375632592525352960
375632407405555712
375632332323307520
375632104530665472
375632073408913408
375632031579131904
375631992781824001
375631951996416000
375631820064583680
375631596835332096
375631523464355840
375631442405240833
375631289896153089
375631217196273664
375631045846392832
375594154681991168
375594092153294848
375593912041500672
375593771750404097
375593728406466560
375593673557553152
375593526035513344
375593485900189696
375593461229318144
375417995449102337
375417826385084416
375417739684610048
375417618054017024
375417513385156608
375400530727960576
375400277794627585
375400202024542208
375400169040523264
375400042183794688
375399957106528256
375399812902178816
375399743201247232
375399335800090624
375399178002006016
375399176814989313
375399162978009088
375398777873780736
375398766322651137
375398555458240513
375398521182375936
375398452991389696
375398343582953472
375398272980226048
375398195469508609
375398146303856640
375397953642708992
375397716488380417
375397643494899712
375206859013390336
374994273177194496
374994061096402945
374994003441512448
374993813649235968
374993776965861376
374993690974224384
374993588469637121
374993547432574977
374993449986314240
374993422693978112
374993235216969728
374993145693765633
374992993151119361
374992899114795008
374992866516697088
374798623525339136
374798507959676928
374798402762317824
374798164358074368
374798043620843520
374797883864018944
374687578379026432
374687439010672640
374687387005493248
374687343984529408
374687179488133120
374687116229640193
374685967971778560
373920121418706944
373799614547513344
373773700392579072
373773595669192704
373773286280536064
373335367166230528
373335334224154625
373335296878051328
373335162551283712
373335111674368001
373335024760000513
373334916886712320
373334839422099456
373334800419287040
373334702863941633
373334616306118656
373334553488019456
373334476807340032
373334358327062528
373334181293862912
373334072170655744
373333884181942272
373333792720949248
373333658679410688
373333469981855744
373333394224320512
373333364822245376
373333309189021696
373333216725569536
373333195665985536
373333110089596928
373333037024833537
373332968359882752
373332900772851712
373332836969111552
373332722917584896
373332608748634112
373332555229319169
373332516599787520
373332482126798848
373332436740235265
373332346386546688
373332258931101696
373205242575618048
373205136350650369
373204995170381824
373204875620155392
373204821350035456
373204787908857856
373204678135537664
373204630806990850
373204561395482625
373204536292540417
373202786139508736
373202390830563328
373202230138404864
373202159229501440
373201965943377920
373201772904734720
373201515659657216
373198552610385920
373198188469321728
373198071016214528
373194665514000384
373182874394304513
373182561457295360
373155998846164993
373155902733709312
373155785473552384
373155446900936704
373155333193334784
373155077315624960
373154897421959168
373154604953112576
373154567820935168
373154499986485248
373154310752059392
373154238421291008
373153918400073728
373153702422777856
373153625230409728
373153497426194433
373153370024181760
373153214474223616
373152902426423296
373152773355102209
373152624297910273
373152432509190144
373131718825639936
373131189030502400
372966402610982913
372966104295288832
372966025236852737
372686781487255553
372686319514058752
372685939740786689
372685864708886528
372682573610508288
372682410846339073
372682123326812161
372681955214897152
372681854312542208
372681700830380032
372467404632489985
372467341084618752
372467284805435392
372420122087919616
372419972527841280
372419879053582336
372419791627485184
372419694772649984
372419583103488000
372416231631884288
372416140137754624
372415951448584192
372415832435212288
372414894366539777
372414777307721728
372414656868274176
372414557018673152
372335973465853952
372335726878543872
372333534511648768
372333457365811200
372333222484795393
372333092750766080
372327849493299200
372327700872318976
372298413419024385
372298191741652992
372298110913232896
372132310629773313
372130561902788608
372130289289793536
372130205571485697
372130134486421504
372129933499596800
372129879414038528
372129805594275840
372129605647609856
372129558302314496
372129467818582016
372128629377220608
372128594052775936
372128537341616129
372128478424211456
372128449093468161
371564457237168128
371547843993296896
371547671842287616
371547545358860288
371399197528174593
371399145313304576
371398979084623872
371398884796669952
371389644765954048
371389384022822912
371389285733515264
371389161808592896
371388721406681088
371388342317088768
371388140600442880
371387794801065984
371387609773518848
371387439224729600
371387256978014208
371386972084137984
371386933857230849
371326891338506240
371324972003639296
371324951552618496
371321344216297472
371321068021366784
371314336008245248
371314219180105728
371314131288481792
371260967868702721
371260750498910208
371260588321542144
371204937147252736
371204832184762368
371204615095988224
371203531375931392
371203405555191808
371203240727437312
371196445933989888
371196271467724800
371196109441744896
371195972720025600
371195884186636288
371195815442001920
371195617751887872
371195599556988928
371003041904078848
371002821346619393
371002743810715648
371002644296638464
371002520954765312
371002393905094656
371002267434233856
370946488299708416
370937385917636609
370937261069959168
370936235499741184
370930241008828416
370930056375574529
370929888959922176
370929780184850432
370929668041736194
370929529604554752
370929490014502912
370929273638756352
370929150263308288
370876800479809536
370876793253003264
370876458413355008
370876065700642816
370876008142241792
370670455092674560
370629358945591296
370629273063030784
370629043982725120
370628920238161920
370601715709800449
370601632595456000
370601561879502849
370601452500037632
370601283193167872
370601233733939200
370601193317617664
370601136384147456
370601000673226752
370600945132249088
370600432336633857
370600050566918144
370599677596819456
370599420741812224
370599366069088256
370599172116054016
370598763175624704
370585820564316160
370585321073037312
370579843282653184
370579732938899456
370579623882792960
370579550142750720
370579513815867392
370467234290085888
370467072226394112
370466942379102208
370273217132638208
370272936336568320
370272880942415872
370272842291507201
370272748981194752
370272649911730176
370272584166023168
370272382570995713
370272260139257856
370272138068234240
370272092673294336
370272041611825152
370075830837579776
370075669830828032
370075536913346560
370075467250147328
370075342595436544
370075099309027328
369952772374159360
369952667214577664
369952574629511168
369952418181939201
369952034549948416
369900456631611393
369883271024635904
369881627570503680
369881451741073408
369881307150827520
369881236560678912
369881138657247232
369872616263524352
369872358137679873
369872222649057280
369872060304338944
369872035557945344
369871932038348801
369871857996279808
369871825767256065
369871551069704193
369871548007845889
369871387475066880
369871184726593536
369870970322173952
369870914235953152
369870874889162753
369870747155845120
369870657213190144
369870609490403328
369870551801954304
369402982925737984
369396584322048000
369396529812881408
369396365958201344
369396322698158080
369396197485580288
369396139730010113
369396094309904384
369395985232834560
369100464320544770
369100240554455040
369099937805369344
369099842624040961
369099587346132992
369099418449874945
369099099439501314
369099031269482496
369095067752857600
369094884587626496
369094594417262592
369094341232324609
369094188853231617
369093987568603136
368650511135678464
368650447436804096
368650311759441921
368650186534313984
368631560607526912
368631518865793024
368631276061720576
368631043344957440
368630861748383746
368630631166513152
368630540825407488
368630480695865344
368525141451763712
368324323712696321
368324321477132288
368324321191927808
368324319224795136
368324319140933632
368323941104091136
368323921130815489
368323851979329536
368323767187292160
368323684857298944
367752019249225728
367745869543903232
367745806595809281
367745289224204288
367745197012439040
367635682829021184
367635543745896448
367633990389596160
367633898655997952
367633712353398784
367633594665435136
367633555163467777
367633426322821120
367592686314065920
367592458601132032
367592277306527744
367592124608303104
367583964879650816
367583784746876928
367583739670704128
367583693269139456
367583657747546112
367583447277400064
367583347922722816
367583281849831424
367369913226518528
367369808998068224
367369602009165824
367237829858177024
367236766786674688
367236613971410944
367236196730429440
367235896187551746
367235665534017536
367234395998281728
367234294621958144
367234140250603520
367233952169619456
367233884167352321
367233832527069184
367233717125001216
367233587751714816
367233384306999296
367233225913290752
367233159571988480
367233058392780801
367232989253894144
367232915878739968
367232825927675904
366957381642489858
366957291309776898
366957188092145666
366890304286109696
366885952049778690
366885872223780867
366871950594813952
366866529674997760
366530865922195458
366530785890680834
366530750385893378
365740339203538945
365740111738048512
365739789405794305
365739715388911616
365739607976976385
365739442318745602
365739304753954816
365739093050671105
365739045420138499
365738922556399616
365738566661312513
365738108878196737
365575352740876289
365575329940635648
365575106837229568
365555829992202240
365555688669327360
365555555676332034
365555466207633408
365555265766031362
365555016108474368
365554758901178369
365554484484653056
365395069567631361
365394837387751424
365382617576648705
365382477914701824
365382427012636673
365382343902498817
365382233491648515
365382102671306753
365382047470063617
365382009348046848
365381872081051649
365381771392581634
365381718175256578
365381658460950529
365381273344147456
365381111251083266
365381078480994305
365380970788032514
365380844178784257
365380651664408576
365380533775106048
365380425499156480
365243451706576896
365243429518712834
365243340838551552
365243305904185344
365243222043262976
365243172403679232
365242978329051138
365179006707974144
365130368111738880
365130269084225536
365130183507845123
365130154617487361
365130017098833920
365129940431147009
365122381326454788
365121275615645697
365121092995661824
365119966208475137
365119861246005249
365119749186781185
365119709303156739
365119596178583553
365119411964739585
365119361217859585
365119079369019393
365118969306284032
365118719313190912
365118527377641473
364813091617247234
364812981235752962
364812922410631169
364812878932488192
364812764599947266
364812639932645377
364811944563187713
364811814783033347
364811745845444608
364811692942688257
364811608389718016
364811373563215872
364811112962736128
364811062383624192
364810992108044288
364810831617204226
364810759827492864
364810563550855168
364810458156367874
364810398442074112
364810277570613248
364810178836705280
364810112566689792
364809909008744448
364809840687710208
364809807074570240
364809717379375105
364809643207303168
364809568494174208
364809458632765440
364809345185218561
364809077613797376
364808926383980545
364808338363531265
364808285540466689
364808258873081858
364808217978613760
364808077280681984
364807928714235904
364807908619325441
364807863857713153
364807698161741824
364807529613639681
364807387678380033
364807354795048961
364807199974887424
364807086963560448
364806991333425153
364806925004701696
364806657445863425
364806583735164928
364806527531495424
364806416353079297
364806414654382081
364805643430924288
364718832276881411
364660183764447232
364659481742819329
364659422020112384
364659344136093696
364659281653530624
364658178757115906
364656447071592450
364656432450252800
364656160026017792
364655830123028480
364655728889303041
364655560194408449
364655462190292993
364655296464957440
364655139371495426
364655021998084096
364654934706233344
364654552777101312
364654425349955584
364654395989823489
364654364176023552
364654312196022273
364654192557686785
364654149930987522
364654036475052032
364653429664120832
364653247706832897
364653231894315008
364653057591619585
364653017594724353
364652915249524738
364652737721417729
364652596255928321
364652511954616321
363649891790094337
363649710092861440
363649549275238400
363644332823547904
363644033178296320
363611566660677632
363611476038135808
363611235033432064
363611159275896832
363611058692689920
363610964098170881
363602483870203904
363602401196273664
363602153887105024
363601992590962688
363601945639923712
363601742098731010
363601669114040320
363365701903331328
363350939987484672
363348404472004610
363348114356191232
363348022652338176
363347777197441024
363347652932800513
363347384421842944
363347064144814080
363346827845705728
363346738092212224
363242067096375298
363241192353312770
363241130432798721
363241078876422144
363241017517944832
363235951264284672
363235763460538368
363235248349257730
363234865065365504
363234780802203648
363234568432017408
363234490489245696
363234360327016449
363234312797569024
363234260037427200
363234222519357440
363234087500128256
363233925352931328
363233827780427776
363233700777304064
363233664357773312
363233610809081857
363233571911520256
363233533625503744
363233376100446208
363233313823002624
363233305660887041
363022584473849856
363022505235472384
363022374821560320
363021683520573440
363021181449814017
362268694551871488
362268206913699840
362267268404621312
362263731708768256
362263370860216320
362263125610868736
362262759544590336
362262634088771584
362262509383716864
362262409152438272
362262304907202560
362262271604436992
362262031769935873
362190734109048832
362190426658193408
362190290360086528
362190223490289667
360685367361409024
360685221781315584
360685177648857089
360685095058800642
360685030172921856
360684920366039040
360684879735828481
360684775029227520
360684681437519872
360684521923944448
360316866129969152
360316863261065216
360316627713146880
360316576215465984
360316518845784064
360316465875910656
360316248543870977
360316198925246465
360316104259809281
360315969836560384
360315840530366465
360315576725417984
360315296663351297
360315193848369152
360315083022278656
360314926159495172
360314773981773825
360314257767796736
360314176431861761
360314124762218496
359978622280409089
359978022364905472
359977506973036544
359976426734231553
359976197913976832
359975960386338816
359975598556332034
359975538162540545
359975462186926080
359975388593664000
359975208049844225
359975131721904128
359975072456380418
359975044614590465
359973497897889792
359973336379432961
359973249494429697
359806254408933377
359806192245161984
359806117108391937
359806045180276740
359805988917870592
359805886190993408
359805836249411584
359805736022310913
359805581663535104
359805454957813761
359619132162977793
359619051288399872
359618934980345856
359618886078955520
359618812422782976
359618740784074752
359618691115122690
359617096423981056
359617036650938369
359616952987160576
359616911157366784
359616756819558400
359616729468502017
359616698329997312
359616557204250626
359616496466542592
359616320481923072
359616212054966272
359616002696282112
359615836555718656
359580224406564864
359580150762962945
359579968340115456
359579846101315585
359579730535653376
359579632078565376
359579427874684928
359579289324224512
359578986277380096
359578965314248704
359578828990984192
359578735650947073
359578663609565186
359578591698235393
359578280153722883
359263653335285760
359263611228667904
359263568727769089
359263497588183040
359261353204523008
359261272275042304
359261187600429057
359261042762715136
359260779993759744
359260694870376448
359260665732538369
359260611147862016
359260540146688000
359260492420108288
359260447452569600
359260399444574208
359260318024732672
359260080815882241
359259967930380288
359259937928515585
359259848199782400
359259784345690113
359259645463891969
359259580376686592
359259456003395584
359259353825558528
359259253267116034
359259171146838016
359259154260574208
359230905690226688
359230870802006016
358673856229564416
358673752252362752
358673674997477376
358673544965660672
358671545364774913
358670837987028995
358670769934442496
358669973683990528
358669699279626240
358668500983742464
358668392963645440
358666639895576576
358666426858479616
358666192531111938
358666131952779264
358666093575303168
358665966420361216
358665750740869120
358665470628470784
358665367230496770
358665292714491904
358665229757984768
358665182727254016
358664977382514689
358664941949026304
358553825080115202
358553361009750016
358553186593812480
358553097745862656
358552874646650880
358552517178703873
358552306503004161
358260737426198529
358259754205855745
358259681149456384
358259537809113090
358259290823344130
358258537857687554
358257948474097665
358257820849815552
358257704286294016
358257555983704067
358257412773396483
358257186285162496
358257102608801796
358257020895760384
358256726274875393
358256607370559491
358256574608842752
358256314541015040
358256139747602432
358172071257313280
358171851186380800
358171474823102464
358171447417507840
358171310809026560
358171265984913408
358171148913094656
358171089023008768
358170921590198273
358170857257967616
358169205293588480
358168983763025921
358168905853841408
358168842620506113
358168777860456449
358168676337737728
358168634880831489
358168594951049217
358168542568390656
