398176675537911808
398176222968295424
398174923094757376
398174463898185728
398130725062705152
398128084698021888
398113923150643201
398104790032744448
398104695962865664
398078629605048320
398044524427378688
398013325344509952
398006436351205376
397899554785595392
397897613472964608
397864874401079296
397864509433323520
397860455072681984
397816965248856064
397754557843128320
397737431199674368
397735117600608256
397726197309652992
397725984075829248
397725311393333248
397721907594035200
397641964143005696
397639501381918720
397639270632292352
397638727025315840
397636837122265088
397636545714606080
397635758313734144
397548159159001088
397541561200046080
397527513981005824
397516559276838912
397516443132370944
397514121236590592
397512277303492609
397512245691035648
397511401721573376
397497666336464896
397492553542803456
397417252334886912
397382043182833664
397347172943155200
397332073708793857
397313340424593408
397312332541730816
397295976513540096
397295183882387456
397293429702795264
397290687403921408
397184859460075521
397167702931828736
397068739935748096
397045147244191744
397001281484914688
396998250345267201
396985518455799808
396934161812164608
396933300704800768
396795894794039296
396773050655703040
396769864628846592
396768889373487104
396758446349246464
396702493616656384
396693195385753600
396684842899103744
396644545125158912
396644330905280512
396638944911450112
396636658910908416
396634153313378304
396585232448884736
396585114995806208
396567484616417280
396453649825935360
396338320089026561
396337077715218432
396335924889403392
396335676687650816
396332059733811200
396322496695525376
396294485166260224
396269295548006400
396266121151930368
396262347695988736
396261199673049089
396260714257862656
396259601974583296
396228024284483584
396198695672492032
396053454025932802
396029870750593024
396012613186101248
395964052020932608
395961959512014848
395954366144086016
395945727526203392
395933547984617472
395850451700445184
395850179615916032
395848915666616320
395848889112485888
395843876784971778
395839613534994432
395831508633927680
395714027013550080
395679327351619584
395659289681203200
395651542294233089
395535299679649793
395529422524383233
395515177439092736
395514875646332928
395513324953432064
395508626129170432
395508235647852544
395504097002262528
395493147268382720
395361680974446592
395338414402584576
395324232529629184
395301903388925952
395283671315677184
395253999404077056
395253283335311360
395243233443577856
395242201216978944
395236574340067328
395236486188392448
395234247675744256
395233547482439680
395228031897579520
395214155923587073
395148709291626496
395135865997262848
394998408907599873
394997001588584448
394993421003546624
394985712606789633
394977487236898816
394959910884364288
394956324255305728
394914769582702593
394911733254750208
394865911624388608
394837318487773184
394830005148336128
394826053375770625
394823997210521601
394820556656488448
394808574356234240
394807162113122304
394804407432675328
394778952352690176
394766529847656448
394754845342973952
394746462204354560
394746068057210880
394745344011276288
394667233781501952
394649159263080448
394646517665251328
394636889854312449
394621674689417216
394586870040236032
394535148529926144
394525337251762176
394519583966912515
394519351732473856
394506712293859328
394506576629092352
394466355015348224
394382205679845376
394248453246574592
394171458257428480
394097155587444736
394072958836420608
394067022952546304
394064144825352192
394057379819823104
394052482412056576
394033381249679360
394033008162131968
394027595035312128
393863220689387520
393840386369933313
393828178323853312
393814775190540288
393814424425099264
393771854722523137
393730902863642624
393724723643047936
393721920145088513
393717919194300417
393717527995744256
393708710931210240
393707660341936128
393659834882879488
393659555567390720
393549714521882624
393518095689875457
393517980115828736
393510759835381760
393483906819039232
393477446114496512
393473219006849024
393460924855910400
393453612321755136
393451983858061312
393409903572029440
393407394816221184
393397416399212545
393372646123257856
393331747729190912
393105006536437760
393094251468582912
393085120045137920
393083267005808641
393082425947209728
393071686700244992
393071466650304513
393068362869506048
393021347703435264
393017888329961472
392960097322012672
392932263014699008
392747021683396608
392739638492004352
392739124903682048
392711230735286272
392702420960436224
392697300730269696
392691640802234368
392687673082929152
392659144240816128
392651094842949632
392644391959298048
392628652103720960
392622076563316736
392618574042644480
392614208476827648
392612604709179392
392608534913105920
392603973062238208
392598153339633664
392597497547608064
392580965912293377
392580867174182912
392577806787686400
392575221796184064
392574387951775744
392574278518194176
392572079683682304
392571157402370048
392568559580508160
392559848094957568
392558246516756480
392536872159039488
392417392300941312
392415524870959104
392375725816573952
392369325178630145
392343948586676224
392333511799357440
392333510213918720
392310795075616769
392304079051190272
392303663496323072
392302139093295104
392301571117416449
392301196687720448
392300481005248512
392299801171472384
392283792502964224
392260817321984000
392221610163601408
392207547245268992
392206530097213441
392206132108087296
392205906135752704
392202533693034496
392102889499684864
392099709252567040
392099407774384130
392099364212310016
392096261253636096
392096152864452608
392094944753885184
392093206739181568
392092846318444544
392092018513829888
392087168673652736
391898278633426944
391861194564599808
391688859521908736
391635939820597248
391635028176019456
391632736907440128
391632707593441280
391630594553446401
391630218152411136
391629431170924544
391622456722849793
391618529570869248
391614413553557504
391603510254776320
391602164529111040
391591038160490496
391587411685560321
391586114152443904
391585527612604416
391580389208506368
391566086854176768
391554927384100864
391554640850210817
391547193213337600
391546902829105152
391526788176039938
391327417010507776
391322547071250432
391317577584365568
391315108531830784
391312526522454016
391304963873579008
391303982381273089
391302470720561152
391300035725774848
391294120071024640
391289075933917185
391288547594223616
391288168550789121
391270729586864128
391264282056617984
391261987348676608
391256391815823360
391254142599319552
391241742198272000
391241002440491008
391229350705889280
391227980909137922
391223652651646977
391219226536837120
391218135908757505
391145723108265984
391139195416502272
391138921373265920
391138721569210368
390995136899203072
390994815577759745
390974452244430848
390964198450405376
390956378489372672
390955905824866304
390937606042972160
390937204283162625
390936644171620352
390935999779721216
390924928343867392
390919662378434560
390915567391367168
390914428356812800
390892391575859200
390892300152610816
390889593350148096
390889306124201984
390876357401788416
390876139260215298
390875292887449600
390874904398417920
390874524415447041
390859617859035136
390859296906678272
390845301533462528
390845183644155904
390840173191503872
390819407347609600
390797530088603648
390784482678427648
390770389850525696
390655063049641984
390571399225802752
390571284884508672
390570639918366720
390563230000877568
390515498741673984
390515399726735360
390464085424619520
390459631220572161
390457221001539585
390457204392083456
390402031112159232
390401129986940928
390397256568156160
390389722138550272
390263780388913152
390253575546601472
390239031013175296
390238485573304320
390236771134758912
390234844329811968
390225675845898241
390225531905781760
390225450490138624
390225230162956288
390225137272098816
390221130780663808
390217557351104513
390217190206889984
390216616518377473
390216445655015425
390216089038520320
390215199233671168
390209467704684544
390206219878940672
390204797070364672
390196050121986049
390177185115688960
390159711175471104
390118576763699200
390099895660847104
390090047418302464
390047828883808256
390040441582018560
390026191421603840
389914984849088512
389867983352647680
389867797670813696
389864376813256704
389863379797811200
389861374102622208
389861261443624960
389861167591882752
389861054911885313
389860833465208833
389860748656410624
389860611620106240
389858792567242752
389856894229438464
389770179124928512
389733164916428801
389720895801290752
389718531170111488
389705867639398400
389697698297020416
389671721223352320
389570774639841280
389551065739571200
389323644880834560
389007816817926144
389007020336353281
388942805202403328
388939590138335232
388938617449897984
388938514592976896
388938449136664576
388938161780703232
388937902149095424
388935063280582656
388930422299963393
388928695685353472
388927936554094592
388914889248768000
388807302125731840
388806747512926208
388806353739055104
388785449369894912
388774209100738561
388773805378011136
388749927876395008
388748513661947904
388746059062595584
388736475900436480
388735033005338624
388734847025684480
388728915784892416
388724318991319040
388718617267023872
388718251263668224
388715974914240512
388710932052197376
388710247655026688
388695861754343425
388695742665482240
388671377378922496
388660941434683392
388635833060040704
388629606552858624
388629076644474880
388586057132163072
388519292163346432
388515978520588288
388515606091538432
388514871157219328
388500365533925377
388430408813010944
388426377881321472
388400042912256000
388300237086793731
388269534115020801
388268939236499456
388267716274323456
388266241389236224
388264875643772929
388264311556034561
388260964769882112
388257608760836096
388254337589600257
388253874249027584
388219882384662528
388186808842211328
388175474989748224
388173850279968768
388055854064599040
388046927461634050
388039210651123712
387962666268237824
387957549896454144
387941455991681024
387773250576855041
387773051364200448
387753900767739905
387752219027992576
387668334583754752
387657762840543232
387642667276173312
387613679631749120
387580186289786880
387579363681923072
387579092025245696
387575295509037056
387385492519788544
387385034325622784
387332372951486464
387316827623526400
387316778629885952
387316587314704384
387309933605437441
387286990141788161
387284004229365760
387282231448059904
387271274416066561
387271041363767296
387270954432593920
387270803911610368
387235430909100032
387233492704428032
387225659451666432
387209045582827520
387195131994308608
387189910551396352
387184368663670784
387183210549223424
387181874042658816
387180609770364928
387125286724452352
387031228635156480
387025153689128960
387020708397985792
387019800226308096
387017187535634432
387008699363258368
386998713182597120
386984555187814400
386978964998479872
386925545243836417
386898819621076992
386875945719975936
386873948128174080
386839280947318784
386835904725540864
386835670440099840
386675267475087360
386619453179715584
386603853665562624
386602485626200064
386560051420610560
386559719315632128
386558644957233153
386550518241570816
386549510576820224
386540068057645056
386535509671309312
386522595522510848
386482049873620992
386461080715030528
386460178071441408
386459811866763264
386459632266665984
386393386892394496
386392158926028800
386238959401320448
386238563274481664
386238204153970688
386236512612139008
386235123722878976
386233762423771136
386165352511852544
386165295397998593
386145922717335552
386143557117304832
386135939875344384
386059158946336768
386058295548854272
386056131426406400
386053066057056256
386051467930775552
386051327526453248
385931566603436032
385921390005977088
385917478339350528
385914629467025408
385907033373175808
385881378916941824
385877210772807680
385877039330639872
385875382500851713
385872534270648320
385850005401387008
385839418432823296
385782029788667904
385773769064980480
385764576312446976
385760496160620544
385752621627473920
385752410586877952
385738935345090560
385724572588584960
385724252567384064
385719177480523776
385718648784322561
385717241452711936
385716345088000000
385713192514895872
385712852881113088
385711303358447616
385708674519678976
385675438393413632
385670375633608704
385657776099590144
385574342203297792
385555357487353856
385553225237405697
385527376735916032
385526094562353152
385523880368287745
385519879690158080
385519475434737664
385509128061603840
385505547409428480
385504919819911168
385495762689597440
385494849354760192
385490762625859585
385489236843298816
385484750372470784
385484347350196225
385482043851046912
385473381032017921
385471455192182784
385471337571307520
385467933482553344
385459093139619840
385414673602199552
385400173503193088
385399986282041344
385384244429991936
385381315358765056
385379698605584384
385377064964337664
385370855796408320
385189844819124224
385180124133724160
385178666105597954
385173325309546496
385171676134383616
385171444491366400
385084316675739648
385076669964640256
385075865882996736
385057262060208128
385056788112228353
385016254236721153
384990003635699713
384965942104850432
384959777463623680
384951365279449088
384950564402241536
384950409611472896
384941999629279232
384849367011958784
384811210681896960
384749988703903744
384724479605489664
384707507513733120
384633114720735233
384632758230061056
384600775835783168
384405981335392257
384403648690020352
384403437074792448
384394044740476928
384393881175199744
384393487699161088
384393261877841920
384392514578677761
384389878987104256
384389684807606273
384386222988472320
384292460622774272
384270362793758720
384047926190030848
384042362151763968
384027486549708800
384027366001213440
384026973468913664
384022453678538753
384021649429110784
384021475969495040
383913885000282112
383895998759981056
383871815724302336
383759938863919104
383741067432296449
383696880221560832
383628233646034944
383628152041656320
383624955554193409
383622573172355072
383613172902789120
383604300360196096
383603622795571200
383603474094891008
383602442723930112
383589726013628416
383589268872261632
383587727020937216
383559867220643840
383558883895410688
383558602675720192
383556766866636800
383540821146210304
383489799229038592
383487934294687744
383378282840072193
383375048847130624
383365546504253441
383361763062079488
383344504960323584
383323297565265920
383298845222133760
383279411178786816
383278566328508416
383256276631060480
383155918914846721
383134317003948032
383010997180825600
383009111132364800
383007831383080960
383007145664708608
383001861785399296
383001684508962817
382996890805358592
382995711148965890
382995640193916928
382994468716445696
382993263743213568
382990982737694720
382988945384304640
382988413508386816
382987795121586176
382962541691174912
382959159941279744
382957718530981888
382957316540481536
382950367690256384
382922807887527936
382922739952390144
382922151789334528
382895332499394560
382887777865854976
382879334421504000
382872879190532096
382834486402371584
382833981173284864
382819156862586880
382806558339760128
382803549790683136
382803081781858304
382800552188342272
382797193499144192
382645771310747648
382589086017781760
382580837805748224
382571957654667264
382555596840796160
382537398573596672
382535980794007553
382533624522113024
382516934568579072
382514680348303360
382482988304699392
382481264747749376
382472759097692160
382439324752805888
382434456227053568
382433049390370816
382313321015558144
382262435417432064
382260488069210112
382236295114010625
382232419468066816
382217737155932160
382204860797845504
382201455006191616
382196509116489728
382196338894860288
382195702530867200
382195385231355904
382193465771433984
382192226987950080
382192033311756288
382191895314989056
382188815311728640
382185057756381184
382179237601767424
382179020622020608
382151227716677632
382147272899043328
381896864406065152
381547795037323264
381546800442011648
381539530668769280
381536024268394496
381531012851040256
381529882779713536
381519668558573568
381512143960416256
381509921667571712
381487897385246720
381475571995529216
381472880925483008
381471636320706560
381438874905346048
381428174258589697
381426189409456130
381419814096748544
381412644793892864
381398150726299649
381397002367823872
381396495377137664
381390138288656385
381386958444191744
381386860880470016
381375483289808896
381348682144047104
381171555235266560
381138269440073728
381133938930237440
381124330568286208
381117427289169920
381103319516979200
381102843077603328
381092197350653952
381091665970462720
381075092840919041
381070992355127296
381070881529036802
381070504020701184
381070276169334784
381057684142702592
381055494133002241
381051248558231552
381039570839560192
381034459241660416
381028815671402496
381025481824698368
381020016902422528
381019442291175424
381019099524239361
381014633194479616
380964743827431424
380963704462123008
380856383274745856
380853737772036096
380841903740026880
380831524607643648
380830072006926336
380825765082058752
380820634693275648
380820554108108801
380812904787763200
380812407511457793
380805776635625472
380802609738960896
380801765446541312
380801363057180672
380793230746714112
380792862264541184
380780417009213440
380774162471870464
380723290970791936
380716830849257472
380713907419381761
380701946489098240
380699673373450240
380698778187345920
380676650905505792
380676575391260672
380676042656346112
380674923095932928
380664426032279552
380664293567770624
380663995050774528
380660473177595904
380655328712736768
380653212262748160
380652086138253312
380642878525288448
380639220496629760
380638392947859456
380634829966282752
380634769056600064
380632428442034176
380613117296005120
380611095461126144
380487766578327552
380485574995738624
380482912183152640
380466729400688641
380452799047540736
380384689141604352
380375003310858240
380374647621316608
380370471000494080
380370042380386304
380369295446122496
380364492192108544
380349417385373697
380339798386692096
380307503890055168
380292809867427840
380288326651379712
380288212188819457
380276791774281728
380274875887538176
380274744492580864
380274628377477120
380274514426605568
380274465755922432
380274410399481856
380274283916050432
380274190764761088
380273966570819584
380273619651133440
380272862847709185
380263826270453760
380258078329171968
380257967675019264
380240077039079425
380124634022436864
380083187801931776
380076383353192448
380065246960173056
380048698690273280
380027483154038784
380018603703414784
379935363185508352
379870519287635968
379866662834810880
379768220682825729
379767976524013568
379766704131551232
379761525151784960
379761351281102848
379677822702198784
379658116411174913
379656508164014081
379655659194961920
379655558137393152
379653234790776832
379651670005018624
379647813212471297
379633739808403456
379632379436224512
379630196066095104
379614401084805120
379606408138063872
379602751627755520
379600539363069952
379587044093476864
379583317265629184
379576483779321857
379569316657917952
379565648567107584
379564822368886784
379563127152447488
379562995866935296
379562818800214016
379554498840371200
379551327145426944
379549295672049664
379546956089278464
379546444140924928
379545137816555520
379544687956488192
379513299983138816
379513007052976128
379508212342734848
379500360601436160
379499976222859264
379493497457610752
379487487934349312
379383998402682880
379370997545435136
379364433728126976
379363418542964736
379363132747296768
379362147727601664
379361667249106944
379361572902424576
379361513376841728
379361430937821184
379356155862347776
379354915656966144
379354182018695168
379353777058635776
379351345876447233
379345267688222720
379339313190019072
379329057403731969
379311217481089024
379303330557984768
379281658220146688
379267420252553216
379266977262735360
379257400366493696
379246062781083648
379237736613703680
379223974204702720
379214685633269760
379212058975543296
379203800193843201
379203253105594368
379201239533510656
379200708945674240
379198349368655872
379192995473813504
379187237269037056
379186443178246144
379184910663426048
379184764395458560
379184391307943936
379183949500919808
379175801008455680
379172665409294336
379164146073624576
379162608970256384
379160520127180800
379160368364670976
379159250075144192
379158989642399744
379156535009886208
379155274877403136
379140620511903744
379047315883175937
379042485269725184
379018248471474176
379009623795453953
379009365380186112
379007875492098049
379007079815852032
379003483456045056
378990602236747776
378956532362539009
378955807398060032
378912944001941504
378900469302960128
378900066838532096
378884456423391232
378882626209468416
378881753915850753
378879428673437696
378875708610985984
378873536775221248
378872476501303296
378867116197576704
378866940099305472
378864821888118785
378860189304123393
378854487127236609
378853498932043776
378848402882457601
378848309018132480
378839346679676928
378839282943033344
378839169164124160
378838204025425921
378837629514825728
378837420751732736
378835470303911936
378830455426285568
378823207748665344
378823040018448384
378822894106988545
378821576718045184
378813226852814848
378810241791819777
378807127206535168
378794899065569280
378793181837799424
378790795001995264
378774786157322241
378774648219262976
378773198806196224
378772766000160768
378654867440828416
378652438531559424
378652128237346816
378642695738363904
378600829085052929
378573322201886720
378571570673102848
378571496345837568
378571080983928832
378569671446130689
378568217675194368
378567248782589953
378564468869201920
378563022757040128
378554703225044992
378533969295577088
378531455476834305
378504988232024065
378499885869576192
378494140621008897
378492514065727489
378482679018438656
378482229284196352
378475671552819200
378475609430962176
378457744430616576
378448126597951488
378441821682401280
378440670077546496
378440462685966336
378437398365216768
378429489996636160
378428145776750592
378423182711328768
378422172697767936
378411032232079360
378325081908588544
378277626152251392
378264180195086337
378262522769723392
378262213028757504
378261978307104768
378261031589773312
378260796159324160
378260701862957056
378260603569471488
378260473315332096
378260359268040704
378260240665694208
378260076479664128
378259937467834368
378259808107102208
378259711466160128
378259165237370880
378201226254766080
378152416585449473
378057749386772480
378052299433992192
378041881273581568
378039574058242048
377918125037346817
377916840452038656
377916078241763328
377895189098274816
377894245220483072
377893557086195712
377893379230928896
377851074910359552
377831704033239040
377831101425008640
377831041438085121
377781259172605952
377768936261296128
377759861460987904
377714228981145600
377711424065515520
377705020088942592
377704893047664640
377704686545276928
377703661948133376
377585465387659264
377538726001643520
377535072389562369
377531760034459648
377527838750294016
377521378783952896
377515184627408896
377495976204070912
377462497550544896
377450125205184512
377448863877324800
377448409688723457
377448113126264833
377445851553337344
377445734783913984
377445700705198080
377418932740960256
377374893907922944
377181383267213312
377175133091540992
377174801754116096
377174705738100736
377096844687720448
377074120292581376
377073844772929536
377065524448227328
377065329874468864
377064971114676224
377061803345588224
377039364746129408
377007308481757184
376988601265160192
376988214948823040
376988079938355200
376987935587196928
376978735452655616
376969841271660544
376969242450870272
376969170099126272
376872825858297857
376861937352847360
376860982448234496
376831629278576640
376813894683336704
376813745533886464
376808155445207040
376798429110104064
376778984631316480
376764638823976960
376759053835567104
376747956600578048
376746177712369665
376704439295283200
376648944530755584
376464184974016512
376449240454955008
376449209719066625
376408994551959552
376406605291855872
376401533254270977
376380213292441600
376379445424439297
376341596054511616
376316011240521728
376312665259667456
376307744661577729
376297133575798785
376296630657777664
376256539457495041
376148016069357568
376147090445201408
376116824611774464
376111720370286592
376109444150857729
376072892913836033
376059460810457088
376052947366707200
376037638211665920
376025377162137600
376012710624108544
376012359866675200
376000381874360320
375986296113872896
375984537404448769
375983491428917250
375971854533820416
375955000092282880
375907297140424704
375906385579749376
375906247461335040
375746869856448512
375739203940007936
375739080430342144
375738811449606144
375736999082487808
375700246657265664
375699510414295040
375683663771758592
375580321666060288
375574539108769793
375559440021594112
375557285319565312
375548535783313408
375547158860398592
375546646538747904
375545455234785280
375542574754582528
375541718789423104
375538754012065792
375526753336573952
375522449376694272
375440305899970560
375431769493102592
375372444166803456
375362986418118656
375327381600616449
375326294252470272
375322648743792640
375302114635161600
375298596855635968
375284185923325952
375282117858852865
375274119539220480
375274015843438592
375273802995077120
375230950483185664
375230861710741504
375225644126572544
375221273120747520
375183478914310144
375181303412699136
375181052211634176
375178357740040192
375167061783494656
375164836403228672
375040376559915009
375028441755947008
375005032233455616
374982214204669952
374958909121114112
374952904228356096
374951729697406976
374886163406127104
374858966754689024
374858716606394368
374842889983262720
374839527493619712
374831769281126400
374827720204890113
374827605566189568
374810433938784256
374690454065135616
374653394763259904
374641435699871744
374629711906754560
374625011782660096
374620048545304576
374616425488744448
374608031298117632
374589643305787392
374554533088616448
374542179676725248
374540732583145472
374537401324277761
374528232588333056
374527119256481792
374472139266863104
374471870428774400
374471658507354113
374471394735947776
374470993915678720
374470209136246784
374466347801268224
374443225433800704
374438226422804480
374438120940666880
374435920596185088
374311012973170688
374280894875697152
374278344638205952
374273777045356544
374270244849987584
374260738489331712
374222628762157056
373751788648009728
373743896280694784
373743575403872256
373742666368180224
373729435503321088
373502604426616832
373484447448195072
373482793801891840
373453041653280768
373448887648124928
373442279014662144
373434795474554880
373419129807847424
373418954603380736
373159487894749184
373129390848499712
373110740670251008
373096499351396352
373058198754041856
373055008105070592
373038763343351808
373037819893407744
373028296860385280
373027783473397760
373025481765163008
373025369508839425
373022971130281984
372844665458155521
372824592429375489
372788511289901056
372785895625482240
372773219130146816
372753356668039169
372750197035905024
372748870520156160
372748644455563264
372747171172732930
372737149013331968
372731425436749824
372720270479728640
372719984373669889
372705607994060800
372705464867627008
372701223377727489
372694034919485441
372693704097931264
372688588934488065
372686800089006080
372668625284775937
372668502039347200
372668133859151872
372651301794250752
372648046561353728
372504041815031808
372499482392662016
372499251324284928
372499006032973824
372497392492617728
372496578294333440
372494907724021760
372494608267476992
372494390507614209
372494216603402240
372493113665003520
372492041307320321
372489270231302144
372488909563133953
372487919459926016
372484834066984960
372450678985478144
372434362488598528
372424184972181504
372422017225863168
372420690034851840
372420528357003264
372418644246298624
372418358513528832
372405037810847744
372341619665952768
372336622085632000
372318078115524608
372092055503532032
372091042746867712
372090840480759808
372088769899663360
372088216834572288
372088042255048704
372087788189278208
372040712096727040
372022053366681601
372019077268926464
372009355576897536
371989114159394817
371974496884105216
371965865560145920
371964713720360960
371964598922260481
371953540274876416
371945155181699072
371933660414738432
371933291898998784
371806334695768064
371743977764306944
371736691163561984
371734421231390720
371734402042441728
371732150829469696
371732021259042816
371697416124530689
371697336663437312
371697123118837760
371689784127012864
371646214443651072
371626138038456320
371626067892908032
371613916021129216
371613662492241920
371612220998041600
371607763559804928
371581729657880576
371581288970727424
371578198641102848
371577141332553728
371571408159383552
371571324084551680
371561505852243968
371560669109551104
371558131702435840
371557771877285888
371555624829874176
371555390192123904
371555080413409280
371554784836583424
371552792055676928
371552725198454784
371552686724116480
371550545510957056
371550048263622656
371549995960655872
371549867916951552
371547195100495872
371380691595841537
371374971253055488
371374618734755840
371374575067889664
371374510211354624
371371319679414273
371370111526920192
371369519069286400
371363007403917312
371362877133037568
371314176108789760
371250420166832129
371249563296088064
371249415899840512
371249260911927296
371247027205963776
371245366555189248
371244970776489985
371244878774435841
371244634938548224
371239460564107264
371239340271497216
371238945155469312
371238543609569281
371238453364936704
371238375388610560
371238102935031808
371236455718612992
371236263791431680
371234608144453632
371234530436599808
371232294553403392
371042860898217984
371034276734980096
371033130574303232
371031436692029440
371023678261452801
370979789001478144
370978872541872128
370974925039075328
370972153858248705
370972004712992768
370971875671019522
370971438184148993
370971363886247937
370954457666052096
370951169197481984
370945738613989376
370944043687370752
370943214335037441
370886232253161472
370875123513184256
370865110690304002
370864869463298048
370862728472453120
370862094838943744
370861794514202624
370861585663033344
370860509236838400
370860355607867393
370860008961224704
370856834309316608
370804215633178624
370799977653862400
370687009482113024
370684358086373376
370590136394059776
370582027009273856
370577548826398720
370576583947722752
370570034902745088
370565366617235456
370564250672308224
370564095021694976
370563447404371968
370562869517385729
370557777321943040
370557286567395328
370555795202899968
370545179641794560
370510302263398400
370503065830715393
370502521728819200
370502129997590528
370501894651019264
370499699603939328
370498518190157824
370488807109713920
370486638641971200
370483738033291265
370481285640519680
370476105381474304
370475491863842816
370475353896386561
370474483272134656
370473994711236608
370473597980385280
370472763808825344
370472648599674880
370309475401744385
370297579172790272
370297331775967232
370206544509812736
370204025972871168
370202127672807424
370194482907856896
370189727686991875
370184220779745280
370112398965084160
370111705483079680
370110730147987456
370109391451996160
370101649530187776
370100623599218688
369990487614435328
369989874977632257
369941722333478912
369933417879969792
369895000773242880
369866762260852736
369841784366833664
369802300757655552
369794061227802624
369787934356303872
369787884133687296
369786317347233792
369738789927026688
369732977976430592
369732663940489216
369731680334274560
369730940190621696
369730447523471360
369730107604480000
369729928788725760
369603642602819584
369597299498176512
369595431065755648
369589340206546945
369579197330890752
369571512736829440
369557079981576192
369526277268447233
369495732757086208
369495618097393664
369489945473187840
369476577106460672
369471387414441984
369471188348583936
369452676729167872
369436206074839041
369432230323433472
369421888696500224
369421841594454017
369421557061259264
369421512962367488
369421459455635457
369421363909390336
369421258376495105
369421144102682624
369421077375496192
369421018248396801
369419954698727425
369363453560901632
369278684005269504
369252635682947072
369234956024692736
369231568994189312
369230997562617856
369227608883331073
369227381011009537
369227266695262208
369206541171179521
369206372555948032
369204259973111808
369204010164568064
369203881630126081
369203708170489856
369203584438509569
369201793592344576
369198482281598976
369182027083309056
369176239673573376
369171728154386434
369157973379014656
369152954357399553
369136840327962624
369134824188944384
369112694013427712
369089748800794625
369081010480107520
368901573813870592
368863453760327680
368859586117111809
368846794282655745
368846379227291648
368814582103425024
368763536094146560
368665741874057216
368665648039481344
368559465022246913
368554655585808384
368519651472334850
368517181929046016
368507210952740865
368483483716296704
368446859360366592
368445744396922880
368429858436947968
368401377539919873
368394786434465792
368390975603085313
368390838310961153
368384684415549440
368359073420677120
368358947079868416
368358218512490496
368358112958627840
368357885157576704
368356632901980160
368342060388347904
368298544962105344
368290745687736320
368150967981973505
368147404719390720
368072659785232384
368069896359665664
368018958966087680
368012747038261248
367970815037681665
367967421606662144
367964255339184128
367959820135321600
367952468296368128
367937008611909632
367926182047936513
367925550121492480
367925016505356288
367813874809987073
367801925536055297
367793642163167232
367717248750063616
367672245000609792
367668737199337472
367646116915208192
367645029164417024
367628018409541632
367624121959870464
367623362006515712
367623132120887296
367621381997207552
367621275851964416
367618731465535488
367590470370983936
367590211280470017
367588673598259201
367587894124642304
367586290801573888
367576186257686528
367575171089334272
367574006293344256
367562440407777280
367561595251339264
367561450044555264
367560733820981248
367560520477724672
367551542997827584
367451009385504768
367447347464523777
367411721524498432
367410697644544000
367402381816119296
367400639628075008
367397218934075392
367384213513076737
367383454356631552
367383382189436928
367382313719451648
367368352890888192
367368082194706432
367332481290498048
367301730784260096
367300793764163584
367296107082428416
367292550606245888
367210301642797056
367192401590620160
367192192076775424
367192074804035584
367025458506121216
367025212912435200
367023485983272961
366994913319473152
366989529762107392
366943250742915073
366942861188542464
366901908960579584
366899637690445824
366897002002386946
366868687015256064
366863703993364480
366863316326432769
366861545143152641
366860991964786689
366860499700293632
366849807752503298
366848126264418305
366847658851184640
366847358958452736
366841549742542849
366840033631670273
366838227417563136
366834461121331201
366710373178540032
366699374480338945
366698768986419200
366696775186259968
366696719813058560
366696602871668736
366696454124867584
366696373803954176
366696131964579840
366696063488372736
366695543738613763
366695222777884674
366695046264799232
366694207785672707
366693803660296194
366691761034235905
366687555833442305
366666733374803971
366666549270036480
366666068929953792
366663759277731841
366663251674669056
366662999047553024
366662729139884034
366662230005137409
366661213683322880
366660436684312578
366659800903323649
366658986260443137
366658536018677760
366658208590348289
366657105165422592
366656787203629056
366656169592360961
366655945297760256
366655769338331136
366655460432027649
366655419051032576
366654891411779584
366654809127919616
366654585500217344
366652655000494081
366652178540150786
366616487332544514
366607541192507398
366607121585942530
366605760345554946
366605125470523392
366604749178535941
366601260184502273
366545057748238338
366372749700120578
366371961410035712
366371003607171074
366287096723423233
366206237475471361
366132501120425984
365855384793124864
365820469900877826
365816830159372288
365816819166097408
365798869705031680
365760207688708096
365759074593275904
365757755404976128
365599695923449856
365597314775142401
365596896519143425
365595002451148800
365578028128018432
365487924734734337
365457053440946177
365441081455812610
365438997700419584
365409575362502656
365405990818037760
365405700500889600
365405319221895168
365389635981021185
365389549830021121
365295047618469892
365232174192017408
365229366478766080
365228868942036992
365222152368160768
365218273693929473
365216075736035328
365215990503575552
365215244034899969
365195228439126016
365178709772210176
365160950237642754
365160454470909952
365155463760855041
365138318150742017
365118772363132928
365113377191759873
365108981837987840
365107214102429698
365104529194237952
365077793651949568
365075253430849536
365068086765813762
365066460499951616
365065938015498240
365065360568877057
365064474652184577
365064274525167617
365064222419320832
365045938307747840
365041525840818176
365032119103266816
364917745445773312
364915580198862849
364909913278906368
364908318935891968
364893534966386688
364893416280166402
364892761108914179
364868853844553729
364859569433886722
364859388986535937
364844165386870784
364843832459804672
364828608080392192
364824318137860096
364792765810352131
364788356607000576
364788081506787328
364782367031824384
364781100637241344
364780084843905024
364769174934917121
364758089666269185
364725505771061248
364722233530265600
364719123147669507
364698906325942272
364697919125209088
364696638733824002
364686860724875264
364685485848793089
364684668148264960
364683676103090176
364682034435727360
364680276363841536
364677033088917504
364676784148578304
364676452765024256
364673426297851905
364538531169193984
364535783115747328
364373943043362816
364371012273455106
364365304883073024
364364364624973824
364322895360561152
364316009320419328
364307347281166336
364280725417103360
364178595712741376
364177717308436480
364170254944964609
364160740699013120
364153896433750016
364083461268574210
364083082363551744
364074349503840256
364052683537129473
364003209200668672
363997968610766848
363997399397978112
363997340749008896
363996490341294080
363996453733400576
363996267917365248
363995832443756544
363995769957003264
363995658736664576
363995591665528832
363995498417754112
363994756029751296
363993801703956482
363993724298080257
363993004765614080
363992667224817664
363992049353097216
363991418546974720
363990915775746048
363990709176516608
363989948254269440
363988990338138112
363988272403734528
363988208264437760
363988041956065280
363987773809635328
363985952987168768
363985842739879936
363985588229537792
363985480125542400
363985442351636480
363985382238867456
363985157885534208
363984677348323328
363984504568152064
363984030041391104
363983740051406848
363983419392688128
363938837783117824
363935634370871297
363935584290881536
363935380661600256
363794119359201281
363737877600935936
363618853919948800
363606604035665920
363594981145313280
363592073083379712
363591118610370560
363590108412669952
363586605980090368
363493852688035840
363428016803692545
363421024773476352
363408508693512192
363408181172514816
363399435411542016
363398800766795776
363393813949448192
363384524132352000
363383285516607488
363382904858349570
363382733273174016
363382454494953472
363382188643188736
363381662870433792
363381500726607873
363381301585641472
363381161105838080
363379456096088064
363379158128132096
363373203810299904
363349609256849408
363258476363268096
363246428044677120
363190773279227904
363091289828782080
363089889396396033
363089682067767296
363084636395552768
363060798706696192
363051633535893504
362977247449202689
362976875158585346
362956001172914178
362955881971212288
362955409973202944
362900677908893697
362892438278381570
362892072937734146
362873512140488704
362871301808984065
362867222487646209
362861673285042176
362861015110647808
362860892620210176
362860322190667778
362706926393507840
362705791947505665
362703459050455040
362703041998237696
362698410459013122
362641691708108801
362617069507837953
362610202131968001
362604479452954624
362601554781544449
362595278601199619
362594348707229697
362548602251395072
362548602163310594
362547319884886016
362532681147359234
362531513503457281
362524807008497665
362524710925369348
362523896072777729
362506045064626176
362504239941029888
362499341140762625
362486135802441730
362392557570895872
362391481568346112
362269611980369921
362180319106965504
362141352236040193
362138503947091968
362138419775799296
361947395979874304
361913374889607169
361902737169981440
361900951134683136
361892934733406208
361892470755311616
361871645234823168
361869461243969542
361817265093623808
361789814795812868
361784068947456001
361631138667704320
361612259480444928
361611737109233664
361611476903018496
361610703305576449
361610038764244993
361608226971725824
361608020574224384
361604913362518016
361564920799694848
361549791844507648
361539877898174465
361539415631347712
361523235097018368
361521134526672898
361520665028866050
361518854586892290
361518635719720960
361517300500819968
361389627367628800
361276955192090625
361271128985047041
361225490498990080
361223380382400513
361164496955379714
361157879027339264
361153053371543554
361151749697966080
361150199906844674
361149989189193729
361147322610089985
361144720883335169
361144098415063042
361143866805583874
361143848304525315
361111703905247233
361110702557102084
361106407883411456
361087877259620353
361085339500154880
361079004196913154
361078909296578560
361078695538065408
361078246625918976
361068918841950208
361068170246762496
361067966361649152
361067830126448640
361067771947257856
361067740640976898
361049199745302529
361046423489359873
361046189015175169
361043302432251906
361040051414630401
361032029984403456
360924147548831744
360923395141013504
360923175921524736
360900877894164480
360898723779321856
360871605724905474
360853379888594945
360849725290848256
360848958773407744
360828151535898624
360807092396883971
360803958685564932
360800179999367168
360788609445535745
360778534198837248
360767535798431745
360763815920537601
360762434782363648
360741579994038273
360739186267013121
360723130739720192
360720545253302272
360720170815197184
360716583548633091
360715377614929920
360713227849564160
360698405384757248
360698266276462592
360697303444619264
360692694659526656
360691576348999680
360690694693732353
360673440887353344
360667618467782656
360662008762351616
360538144791212033
360537800732450817
360491209183080449
360488040151519234
360486939582922752
360486465689485315
360485969041965056
360485782844211200
360484774835531776
360469649571319809
360466998314012672
360466894303670272
360463617260400640
360462673994973184
360416413548167168
360415504508264448
360395315997716480
360392823436099584
360386241973329920
360335084856934401
360295273538396160
360294006996996096
360293916286795777
360293595741306880
360183339308679170
360168419284357120
360168334634917888
360166735090954240
360162162968240129
360162063940722689
360159172756647936
360124170476064768
360123926455656449
360121789742977025
360111761187291136
360110663139463168
360045055861473281
360043099436748800
360041687562719232
360009989181538304
360007879333396482
359991622676660224
359989130823876608
359965646517309442
359952400162885632
359942939125882880
359859988954492928
359859446370934787
359859216875397120
359847053905506304
359838897582252032
359747439122591746
359745040303652864
359741270182207490
359739984095363072
359739932098576384
359738979429527552
359700844066770945
359689762958872576
359682331725926400
359678559758991362
359674215655411713
359674172848353282
359663401615622144
359662499039166468
359655817248636929
359651552966881280
359648532589842433
359642382960037889
359636782725345282
359631507071041537
359627364570906625
359627343590993920
359627169804201985
359623681661607937
359612489668902913
359612393845825536
359612188534648832
359603803739258881
359456501615693824
359450058078420993
359448230100078592
359445559502839811
359445124469628929
359444746843852800
359384876182544384
359382130884751360
359375278721605634
359371990378901504
359322395225505793
359313561018830848
359313477472497665
359291153520541696
359283442040569856
359276298566254592
359259427909533696
359257584555270144
359223535073361920
359064945779941376
359064014543790080
359063876588941313
359054872529747969
359054771279654912
359044918674591747
358988867128410112
358975477987278848
358960774045118464
358960625197654018
358954052450652161
358949172919009280
358905603890376704
358905205469229056
358876733740564482
358872215569170432
358870849073332224
358863584916697088
358698478035156993
358698330370875392
358694325279924225
358693498976862208
358691379737657344
358691125969686530
358688537366896641
358688416474464256
358688101901676544
358687759885533184
358687627626967040
358670899106824192
358669637434621953
358666590721540097
358666294201036800
358666084410720256
358665995382423552
358665917225381888
358665447647870976
358661922930962435
358527337203519488
358519643184447488
358509233416847360
358502331908100096
358362493220950017
358361659770802176
358350935820480513
358348472375709697
358348258071949312
358337907615989760
358332957850746880
358323818701807616
358322031093231616
358317224224100353
358310640642830337
358309163102773249
358306756234981376
358303697660420097
358296074764554242
358288554058715138
358279178627461120
358249672386678786
358247412302741504
358226754403450880
358219162390241281
358218708021288961
358218622587514882
358215572162494465
358212668059955202
358206920009584640
358206846475046912
358206368185991170
358194695232835584
358194544614981632
358194206491164672
358193697017446400
358192361773350914
358191972084744192
358147661565665280
358128936058097664
357980507768119296
357977609101389824
357942060449398785
357934072678461441
357905269059510272
357900142298406913
357899971342774272
357898787995389953
357898629043855360
357896865997529088
357896782023372800
357896686070284289
357870292166656002
357860171248173056
357816386967453696
357813579656863746
357798752578318336
357794682501214211
357792971217178624
357792376695173120
357792071240781824
357791810086637569
357630706270224385
357626707949260800
357590401219170304
357590071462985728
357590036654469121
357589427427606528
357584997743464448
357577765962260481
357570102608142337
357568674766393344
357460438398664704
357267668857937920
357228992006340608
357223537901187072
357218251702407168
357182333209681921
357164130442022912
357131159416737793
357105550745534464
357089853227270144
357087942419824640
357086240694222848
357077988182999040
357048272340258816
356927823350464512
356924912704831488
356907270518484993
356905762301284355
356904493100711939
356891644672483330
356831081737097216
356826866381881346
356825133916225536
356755385966804992
356748319021735936
356717883306426371
356709880805072896
356696566104457216
356690762731241472
356690638063931394
356504570454740993
356472003215114240
356364365563314178
356359002533269505
356354152244318211
356344053903794176
356337065530626048
356330147974094850
356200735089762304
356199734681145344
356199271852290048
356198725519028224
356198627657523201
356198518261690369
356198462502608896
356198354511867905
356197971328643072
356197678784319488
356196091554844672
356195611621597184
356191030414016512
356190809814609920
356189638072860672
356188737610321920
356155950828224512
356150166409064448
356121254861881344
356120389308530688
356110218788212736
356077586000011264
356077206272872449
355849882084442114
355849533151920128
355810489923665923
355809082952794112
355736631145271296
355723207346618368
355715174692433921
355715116286738432
355711880712568832
355646343714308096
355645406425784320
355466348094173184
355465658282164224
355464474603446272
355464146868908032
355463909198667776
355463815825076224
355463576833638400
355463164256714754
355462835582664704
355462628019154945
355425162742599681
355418372332220416
355413776071270400
355412474436141056
355412173490618369
355407788203180032
355407171980230657
355406356896944131
355405988246990848
355405298057490432
355404706559963137
355404620912263168
355403443290128384
355402257744928768
355400741529190402
355400483969568769
355399206489423874
355385649727148032
355355170252673024
355344072099110914
355341857439490048
355341198883442689
355330734988337154
355317858739290112
355313553613389824
355308190151344130
355297963775508481
355294286624980992
355294253880057856
355293932931936256
355291591449116673
355290972193701888
355289974901448705
355289828331487232
355233653627957248
355233537110183936
355232278089183232
355230358599499776
355130611574382592
355108328340336640
355094348838354944
355063370484953089
355063158890696705
355062445271838720
355028059075801088
355017837720502272
354952420897460225
354942119368077313
354939197926293505
354933450026926083
354931856887644160
354929565983981568
354895507576991744
354892512801992706
354890712757714945
354885312004108290
354876631418019841
354875365400903680
354764799189594114
354764198980485120
354746755239256064
354737601409847296
354685814543888384
354676799499796480
354671919091552256
354645310393421825
354629054248402948
354626797289218049
354626645610602496
354603704265084928
354544727107964928
354533880398753794
354533129400229888
354532682547466240
354531864410718210
354531578392739840
354531537615724544
354529477432320000
354528046344179713
354521414440714241
354404036411273216
354400837205889027
354320246980620289
354275764704776195
354274523341799424
354223961078382592
354213758404526083
354211077669666816
354193353308512256
354193305979981824
354193244189503488
354193191005720578
354168520113799169
354067017235578880
353915462221971456
353911320078331905
353910511349424128
353909786389127168
353818121603264512
353663069408346112
353662311636008960
353661509836079104
353293385227968512
353280280389357568
353190733928349696
353189267507388417
353111253096464385
353076014483636224
352937040712712192
352915250091266048
352915145414029312
352914934385999872
352912780547985408
352890253259964416
352889931963703296
352889861759442946
352887975257964544
352885700997283841
352885256514318337
352885193520054272
352880009460985858
352879228494159874
352857448345894912
352847764943683584
352824266917548033
352814241276887041
352814106849443842
352809936432005120
352809841552666624
352809612153589761
352809477751312386
352809242954170368
352804322054119424
352800659646590977
352797316962451456
352797135240044546
352750119122243585
352749732885573633
352742239182659584
352741953382780928
352740246506573824
352736666437419008
352717892963414016
352717723865853952
352717586326224896
352717476221566976
352698310294904833
352698074692464640
352697855015780354
352690548924092416
352612737169362944
352609048627118080
352603076550590464
352591454750777345
352589332554596353
352479591694213121
352471497262108672
352452317183877121
352421688014680068
352413763145707520
352397271448551424
352388409693700096
352381798744997889
352379318644649984
352375431774744577
352341566498680832
352340376092295170
352226961210347522
352222553072353282
352186369654800384
352186259910823936
352176465263083520
352176343695376385
352125123593117698
352121936421195776
352121043906867200
352119792867610624
352117149038411778
352109459683819520
352080798058414081
352041299303612416
352035577648005120
352028063820812288
352026069030813698
352023007344082945
352020429692616704
352018511385731072
352018485271990273
352018250273529856
352016662012243968
352015678934499328
351966650611933187
351966441454575616
351871711198720002
351870109784084480
351851299215642625
351848445746741248
351842511309910016
351842397115793409
351767996068413440
351722383490551809
351692737390718979
351689813440733184
351688509746196482
351688132703436801
351656423182184448
351648757160480768
351645016508215297
351607789388431360
351602941968388096
351507898523852800
351507522093465600
351504341624041472
351467003921440768
351462610429935616
351455950059741184
351455431526334464
351450939300921345
351450839702962177
351445374248026112
351444953991348225
351444071262334976
351443913690710016
351443047361429504
351387457801031681
351365505250099200
351356970189611008
351297638450208768
351293217804787712
351292074181660674
351291458269085697
351274650942201856
351250441243332608
351250210590175232
351233010928074753
351150933092216834
351112013822443521
351081948040531969
351075259417509890
351066378645667840
351054845605715968
351053643157479424
351053129430728704
351051435401687040
351047148965597185
351046734023102464
351043920668532736
351030112537415682
350993902918066176
350945386233462785
350938934647332864
350936491897257984
350933065226387457
350931548993896449
350931097388990464
350928634372034560
350927822459637761
350927224733577217
350926668761792512
350926349764001793
350923918611185664
350922562450096129
350919518786301953
350713286100148224
350709759458029570
350702079041499136
350694539352231936
350693543158874112
350683199610957826
350673682433191939
350668635867598849
350668229393387520
350650898793512960
350599538270142464
350533711814606848
350533377339830272
350528227690811392
350524921841057792
350504044629991424
350436741162868736
350436642814828544
350426844794859522
350391377869279232
350390888586944512
350372108724998146
350370389999894528
350368722931822592
350363006833655808
350348751518433282
350258888911761409
350237845551726593
350236481467604992
350234682278936577
350226250268282882
350196127850708994
350184310168485889
350184134192283649
350173124941201408
350164424071450624
350163509444747264
350038672495747072
350034471178870784
350025459154698240
350000145527603200
349944681741815808
349943610357207040
349923094900641794
349923023203221504
349922684391530499
349918710477242375
349918517832843264
349912249902706689
349894963624042496
349892529015111683
349849398370508801
349845666278801408
349842866161451008
349842809165058048
349840214279204864
349839394930311168
349835725862219776
349835148914733056
349833965605093376
349825565378887682
349823809509011456
349822098195226624
349821599786082304
349821415911993344
349820995508510720
349820405806145537
349819762437664768
349810773272432642
349810301895581697
349809166325514240
349808218920333314
349697331089780737
349697007415341056
349686155761025024
349685676180115456
349680526375927808
349642056978796547
349637906647887874
349636420358512640
349636350380736513
349635151812239362
349634491016429570
349601953866711040
349591275462344704
349590672271093760
349587274679332864
349521590150643712
349506435480166401
349498991907577858
349483258372825088
349474157777526784
349460431225626625
349460238845485056
349459995319996416
349458151201972224
349454747377483776
349450951368777728
349450706421428224
349442661238833152
349426984130060288
349409603299184640
349327778748956672
349315572598714371
349307485850578945
349276152227053568
349275238913146881
349266677248184320
349258035673309185
349247926473728000
349206141483487232
349205469077848064
349202215547854849
349199572226174976
349183583103090688
349183474533539840
349183049289838593
349171970467848192
349164411962916864
349164400223064064
349148194443259904
349114485140754432
349101607448883200
349101522212233216
349100531404394497
348841117195837442
348840728153165824
348840190879604736
348816733416603648
348815587528568833
348815397455278080
348762534641274880
348748501418647552
348746147642368000
348739285928787969
348731736596815872
348727572558905344
348726459910717440
348726146856255489
348725544331915264
348724713754853377
348592995412619264
348589326688464897
348584167216406529
348568262256246784
348545293823926272
348520037897887744
348518116617232386
348505911473602560
348493947783491584
348480133541273600
348436645978206208
348436079780696064
348426721864859649
348424224219746305
348416911828189185
348415412645527553
348411411396956160
348407030706479105
348406950482018304
348404171118096384
348225912157900801
348224080845078528
348222932251734016
348219335615078400
348204601452941312
348199868830982144
348193525533405185
348191764449984514
348191498556289024
348189659240738818
348180413673508864
348176810183364608
348175351182143489
348161554673442816
348158398371594240
348155714340003840
348155008166023168
348146403664596992
348145954093940738
348141598015631361
348137629973360640
348134451093577729
348131785588219905
348131630638043136
348116607068946432
348083781040734210
348081465164173313
348077532375031808
348074645775331328
348065951369011201
348037911809241088
348033136929697794
348011076371243008
347881536361750528
347880544060715008
347880096117432320
347871892083982336
347871816888487936
347870726973431809
347866374850371584
347864176242331649
347807846597021697
347799272944713729
347783171309461504
347778960458936320
347769952209629184
347756872629092353
347751520193880064
347737444617166848
347720709746876416
347675157785092097
347655410246893568
347647138953576448
347635118803931136
347620378375491585
347617204017197056
347493614429011969
347481617184468992
347478353856561152
347472187806068736
347467869799464961
347467579956281344
347463395290783745
347462002010120193
347459778739597312
347459063824654336
347458108282503170
347454685801771009
347453369830486017
347451535162216448
347449899710812160
347429154704195584
347403606837825536
347386570434813952
347375008995233792
347369188215627779
347368683129155584
347331636020539392
347320260141137920
347312368151318528
347311617798717442
347295969970368512
347293616504455169
347279857673175040
347277249352974337
347272196634312705
347262951230685186
347249143955222528
347248924542779392
347241726768971776
347128169075179521
347127115734466560
347111634067652609
347021495618375680
347008275910365185
347004853140193281
347003221652426753
347002610294849537
346968102971506689
346963745018363905
346959462814318592
346945682223005696
346912007032807424
346777851338579968
346777686884093953
346768125791977472
346760714779766784
346708840160587776
346702561438474240
346702452793417729
346688136291708928
346687141398589440
346668879839375360
346661489307971587
346650840091746305
346632274772623363
346632135525945346
346628686902083585
346610179942539264
346605926750507008
346590934517022721
346587927339483136
346586731115581442
346584507845050368
346574235617071104
346569470694801409
346568263964180480
346565938545573888
346558822367772672
346540244167958529
346537681821523968
346534577113817088
346532562308579328
346532104907145216
346531661678256128
346531648944345088
346531204012572672
346409584161849345
346409357791076352
346406682294906880
346399296087810049
346396725784743937
346395861930090497
346395460635852800
346394834455633921
346394379025530880
346392977121374209
346387342476587008
346383430851899393
346381080292646912
346378931072532480
346377683103539200
346374542127677440
346370591760211968
346370450403770368
346370009414660096
346368735344476160
346365926939176961
346358699993997312
346357540453482497
346357294881181697
346354016525094912
346330975938170880
346311085428703233
346289201278492673
346257019650600961
346255376682999808
346251972808151041
346247888692727808
346226323934547969
346221023659700225
346216511276462080
346198461709959169
346198084440686592
346190351121412097
346190201384738816
346184361374257152
346183818769735681
346183335137120256
346152232800104449
346144933763219456
346037766414557185
346035493928054784
346034765289373696
346033338970173440
346031692965883904
346027735040282624
346023524906962944
346023384800440321
346013184181825536
345992279892295680
345990118496161792
345989478915133440
345988809802006529
345988703166005249
345988211375489026
345988059524911104
345980002661195776
345972105650765825
345959806869323776
345952560210919424
345916766574239744
345906093479837696
345898181147652096
345885969003724800
345885500227334144
345879949393158144
345877186223407105
345877068812275712
345876931809525761
345872613991669760
345855536639643649
345854925328220160
345825069911638017
345819783121481728
345814911378665472
345530465035362304
345524673263575040
345484006382530562
345482120132689920
345481708172349440
345480920486252544
345476934207164416
345474556049358849
345472338030108672
345467154398851072
345466879780995072
345465855011856384
345464618359091201
345461390733094912
345441439297183744
345441323555356672
345439821138911232
345426080955502592
345292138206093312
345239850179497984
345235356012118016
345234385253052416
345233692454694913
345233317441986560
345209508961845248
345199731783385089
345194748065234944
345193398061379584
345181873846239234
345180921202364416
345180513469874177
345178754525569025
345178638897000451
345170545320525827
345168092692885505
345133109546737664
345130489251770369
345128981844070401
344948559688372224
344930720684322817
344926746010865664
344926617673543683
344926378120065024
344925919955267585
344925526063972353
344924146968453122
344872297569603584
344827259871444994
344798458735128577
344766088011198466
344719966169362433
344594392536981506
344589674246971392
344545600789958659
344530910395387905
344477109252653056
344454212094160897
344442271661449216
344440755596705794
344437565232930816
344433914934358016
344416094183899136
344415156517888000
344405790146301952
344405728863330304
344402112853209088
344400905807986689
344369438960791552
344368024708595712
344326460783341568
