398131992002195456
398125134386450432
398114049487302656
398112107729657856
398106231551692800
398105249531297792
398080328780087296
398072176047587328
398057941435047936
398049175176085504
398032610066059264
398017287694729217
397834055871655938
397825482051567616
397807443583188992
397779574395633664
397776328956444672
397770020396081152
397761190731853824
397745133958868992
397723571469819904
397695799879925761
397686062199627776
397679397299187713
397674560205516800
397664450066386944
397493550289809408
397492526929965056
397477349417295872
397431484035768320
397430252936658944
397407423343779840
397390563890040832
397377290918567936
397371186323406849
397370529600270336
397370400155639808
397363797847179264
397343842799595521
397335856001728512
397324786709184512
397312594903441408
397295120061456384
397100625148002304
397096229123129344
397089680518553600
397088069901627392
397087805694017536
397086945270317057
397085802473472000
397085082563137537
397083416489115648
397082998128279552
397079142858248192
397074985065644032
397074167767789568
397004645060861954
396975726588887041
396748689043382272
396740615842852864
396739022921687040
396737996378374145
396735763544801280
396735284806971392
396734727635632129
396733973969518592
396729325724397568
396728213294292992
396727411087536128
396726983805386752
396726040221216769
396725371481374720
396724242815152128
396723095677186048
396722694248759296
396721480895328256
396721226833756161
396721055676784642
396720696673710080
396718270075920384
396715976869552129
396715517027053568
396714952180129792
396711289428672512
396710777383833600
396709693705703424
396707421743513600
396697984731480064
396696984138289152
396696525428260864
396696187556093952
396695507583893504
396688524323602432
396687165385887745
396675559222415361
396673540432625665
396673404134514688
396673166481031168
396672496227082240
396671878343196672
396670656408211456
396669705458839552
396668998177525760
396651648715874304
396646686359306240
396645855760883712
396643145339133952
396642416775954432
396641953993195520
396641056756072448
396640235163226112
396638984023310337
396638500365545472
396637756447027200
396637302803685376
396634401389699072
396634034849472512
396628090862202880
396627108694597632
396625493476511744
396621984156905473
396601816722722817
396376282016911362
396373460882321408
396371681423654912
396369026521501696
396366328661282816
396365936611319808
396319151364800512
396314057638424576
396302268124762112
396297754755862528
396286571860598785
396281335985082368
396268470888701952
396265181896257536
396263720659460096
396251295331676160
396236215122268160
396219077217513472
396218280987615232
396213334208294912
396213071405793280
396203980898201600
395986716940435456
395985416265805824
395984390645219328
395983057158537216
395981883982368768
395981384897945601
395960009206419458
395930426520252417
395925386720452608
395911611321290752
395890716934553601
395888442061500416
395871193196023809
395865460820148224
395846862910926848
395830640060674048
395824911077629952
395684162910584832
395680517980692480
395678948757348353
395678730380902401
395678041705578496
395673139017158656
395672419324928000
395670559893504000
395669964419780609
395666494299729920
395665587105304576
395665186121449472
395664645567942656
395663915444477952
395662334888136704
395661759609978880
395661267701997568
395660511762608128
395651505094529024
395650320102998016
395622519450771456
395621451564195840
395585484883492864
395571537824071680
395551343663804417
395537910289547265
395522984494243841
395513709193211905
395499374794797056
395491004985274368
395467381625323520
395441921281519616
395303603726213121
395302947032408064
395302093063716864
395301725135208450
395300711736819712
395300528684810240
395233159643529216
395228472148123649
395206823831416832
395188778299432960
395186926158098432
395181884105162752
395171811828445184
395164874801958912
395159221940936704
395151168374337536
395143346215075840
395141088136028160
395125532574363649
395121677191106560
395117389568028672
394943399025205250
394941829692801024
394940430582022144
394939665058652160
394938299984670720
394937809632788480
394935434264195072
394934182235082753
394929565300457472
394927261574778880
394926850268741632
394921797180997632
394921234548666368
394920447156183041
394920079026294784
394919683687972864
394918906319892481
394915911289020416
394914630054998016
394880303514533888
394865373969129472
394862201934467072
394861547329441793
394829491086057473
394797715453800449
394796467418038272
394776370620141568
394526670964928512
394462860795187200
394125903883956224
394125370095845376
394124614814953472
394123724884307969
394122840704028672
394121250538532864
394120521027420161
394085937875263488
394083836587700224
394061184028401664
393767730664730624
393712019528249344
393672441639501824
393637187767762944
393636413788676096
393634963809390593
393445102338990080
393407174870720512
393404790480203776
393374470943293440
393373677938429952
393367461728636928
393343572969156609
393330439424729088
393323906565963777
393310138464886785
393301129670709249
393295218482896896
393289041623281666
393122137629663232
393121270411186176
393120163798581248
393118535410782208
393117669349945345
393116830141014018
393097427521384448
393083798281146369
393045029905645568
393029387584831488
393014065485709312
393005760478576640
392994831514886144
392991055215620096
392974492722417664
392962981803589632
392949961987334144
392754685205291008
392754208514256896
392732201307361280
392683822904803328
392681522639020032
392676245302808579
392660701623615488
392652861571485696
392633956841312256
392615713447227392
392615428658167808
392614632939982849
392614504959209472
392608557532577792
392592046856613888
392591334684372992
392579585688473600
392575723577151488
392346543539236865
392325860449337344
392314998220800001
392295533932314624
392278056389210112
392269705102106624
392252177437446144
392245727973232640
392239992338395136
392225863036448769
392221948941324288
392004942208450560
392002394282024960
392001815061213184
391999960063168512
391998396959322112
391970737189552128
391970249362644992
391968466246582272
391966778110529536
391965119439450112
391964361620992000
391963875975106560
391963610291113984
391962505914093568
391961028688621569
391960501603008513
391959775560601600
391958816281337856
391958473119784961
391954266539450368
391952243983122432
391951968400592896
391951391268548609
391949744014360576
391948750878687232
391948310728421376
391947937817034752
391946919037370368
391946465788321792
391944324336058368
391942170108002305
391941879870541825
391941234891444224
391940659340652544
391609295659622400
391608200111603712
391606576970473472
391605488204656641
391593512661426176
391592580699684864
391591745542438912
391585351833501696
391554187068469248
391553295418134528
391549151101845504
391541990271488000
391541482022514688
391541014638641153
391540288533307392
391536515169656832
391206677359652864
391196266748604416
391193670235324416
391180892422406144
391164200141086721
391158857730654208
391148557647876096
391137729347854336
391132753162682368
391123808964190208
391099023358431232
390929076728655872
390928565573005312
390927123302842369
390926138669019136
390922246799523841
390869336434278400
390857347918086144
390837152923533312
390818519278829568
390812260089618432
390809732945965056
390794091320983552
390780008618524672
390776337558155264
390758155988107264
390572188086329344
390508778216374272
390480072399794176
390470292256358400
390458364934623232
390432326351454208
390421304920133632
390412528523558912
390397801232093184
390217409774514176
390216489124765696
390216342911332352
390213364213121025
390210016550354944
390209612185870336
390200841497743360
390198784090980353
390198405966090242
390197519223123968
390197157128835072
390193276189691904
390192378919002112
390187712013434881
390146544386998273
390144186218868736
390129568880656384
390108831826853888
390103868681359361
390096384457977856
390077408256466944
390069181984415744
390061410824101889
390059135632302080
390047444198629376
389775866185543681
389757152774356992
389745897816748032
389738947854626817
389714816056565762
389709790131531776
389697947513806848
389682610177200128
389674309334994944
389653638626693120
389483342644903936
389481472631255040
389451072361996289
388767969645711360
388766725673844737
388766113645203456
388764946114555904
388764390100836352
388763266723643393
388762769979617281
388757473848733696
388756954795245568
388755085465247744
388753423463899136
388752691377491968
388749186696740864
388747971439132673
388745649862500352
388743286745464832
388688825066602498
388671179520622592
388659947548184576
388636333226205184
388623790537572352
388622976671043584
388613129258541056
388608152138440704
388595949196820480
388585374190014464
388351474969104384
388348522443317248
388332789193392128
388311561116200960
388291918616342528
388283158119997441
388280527943659520
388264163191300097
388263712286851072
388262433363480576
388236373175844864
388229349125529600
387961101960228864
387933301052174336
387912883138338816
387892989432827904
387879508667154432
387861624616280064
387860172385026048
387607209779003393
387595583436750849
387594563571179520
387575189736652800
387569068749762563
387556483266654208
387533597449543680
387530153976291328
387514617351507969
387514088848244736
387499566452338689
387253419071008768
387246548339281920
387238587634159616
387221125156970496
387209532163637248
387205442335956992
387203104938426368
387202654193348608
387183234452185088
387167387335663616
387157017535582208
387153218012061696
387138642507870208
387116273827454976
386952166919110656
386940465171668992
386937400767053824
386936026645950464
386931263313293312
386929118354636800
386901107068657664
386899936979451904
386895824678322176
386601501927694336
386555663167815680
386550401904177152
386549020736638978
386548697183825920
386546964932071424
386546741845430272
386545363358076928
386545058381840384
386544562631872512
386543366890356738
386541086086557696
386539699713880065
386536515717062656
386530005234507776
386526755148013568
386524087646179328
386520510915690496
386520080752078848
386519639804874752
386518592613011456
386517784408379393
386514846264881152
386513249598193664
386512387094102017
386397502662254592
386196559031189504
386165222492618752
386149813038747648
386144834026606592
386131497259786240
386119490359930880
386111599892627457
386106586961158145
386086323250929664
386075864435146752
386070461739573248
386061841924751360
386054325006397440
386053930704052224
386052114746580993
386046715146416128
385864215472648193
385815468579487744
385810494785060865
385807790251720704
385796444000501760
385769168789708802
385752220114747392
385723637652668416
385709194961096704
385703659209650176
385694938278547456
385685647962296320
385442939155263488
385434714489634816
385424371159822336
385423212680458240
385421511349121025
385410563141935106
385400859057590272
385384149311168512
385380337963892736
385354896330878977
385349105041428480
385344742248030208
385340538867564546
385336952553086976
385333323091808256
385332440509591552
385329903832272896
385323243562729473
385322574164402176
385322060483801088
385297977557798912
385291781694574592
385159897626972160
385124306604544000
385097482591428608
385083728566812672
385079606249652224
385076839938400256
385076769969029120
385068294446669824
385054349736411136
385034545990336513
385023992240680962
384999257188466688
384993901485912064
384986889658187776
384975697116024833
384961052598730752
384782648042082304
384782090908483584
384773125587877889
384772229512560640
384771472457486336
384769491311558656
384768800857800704
384767473771638785
384763985436102656
384762283068755969
384761729605177344
384761007601901568
384760280406048768
384755231546159104
384753910164254720
384749570234015744
384730861880758272
384709064921333760
384689376896098305
384678241576837120
384677610082418689
384671295222190080
384654688089436161
384638256693780481
384636542850830336
384621552165064704
384612688866734081
384605139186634752
384603413444456448
384598576019427328
384591979830841344
384333231400972288
384203493583888384
384074519532818432
384068263774523392
384067368487772160
384066798251151360
384066284641869824
384065657782140928
384063663851970560
384060510683271168
384058492728119296
384057283405443074
384056195470077952
384055795908096000
384054419589169152
384054164785221633
384014738344394752
384000402200739840
383938917692866560
383909885400076288
383862751057043456
383862551861149696
383862411502972928
383862384416137216
383862286831464448
383862157114216448
383862058422239232
383834051951734784
383651319204302848
383650209848254464
383648960058884096
383648231910936576
383621775277318146
383605350751944704
383593697264140288
383583050530975744
383577449914589185
383546847257579520
383543959919673344
383533039583645696
383532447746371584
383516582158139392
383512811843760129
383506418579431424
383280723790028802
383275278685855744
383274723276124160
383259364913463296
383258903070248960
383252555184091137
383239694336524289
383230081075642370
383226072134717440
383216401445433345
383215929594609664
383192546337636352
383177947424624641
383168013358227457
383157081882107904
383152908058898433
383137461154508800
383136937109753856
382921946125459456
382894536067796992
382894401178984448
382894219683053569
382875016183812096
382865859149955072
382854205699936257
382852723462242304
382837310544678912
382833508575903744
382832949189967872
382831621504008192
382829575828672512
382828169981882368
382820989194616833
382810629989363712
382801694838386688
382791263839199232
382608113708576769
382607624346550272
382605926018347008
382534107034427393
382533622818811905
382524809944391680
382515577941549056
382501271137034240
382490678409719808
382468376586514432
382453094119788544
382445038279467008
382431824581906433
382422909727154176
382255986809270272
382216056372494336
382207277589344256
382171552155852801
382161166593572864
382138028644241409
382136264637440000
382118727312867328
382103770584186880
382093465971986432
382076894461427712
382068135190208512
381833367412830208
381825267649757185
381817319330447360
381812749527179264
381811624279277569
381490898452119552
381489602093383680
381487886287519745
381485671518859264
381482971699900416
381482155865808896
381480597296001024
381478065169522688
381477017650470913
381476641996046336
381476413322567680
381462752898080768
381461123763286016
381115582080245760
381084159940104193
381074729622196224
381067075076124672
381052594786799618
381044920661725184
381021286077452290
381015187886571520
380998006692003840
380988902070169600
380980637244456960
380974989559623680
380722747489267713
380711483350331392
380692688539901953
380672911972917251
380645991772205056
380638201641066496
380628947513257984
380617837972176896
380616868676902913
380611137009500160
380575116708810752
380453000386715648
380452687256756224
380425400960442368
380413552307482624
380406648143347712
380401051259899904
380398956607733760
380362230652743680
380348258280669187
380342692406116352
380342226540580864
380341829889437696
380339850068918273
380338464103104512
380336893587902464
380335327678070784
380334829520572416
380334326116020224
380327908197167104
380310266296037376
380309266550116353
380308012423843840
380306286446800898
380287481880395776
380281828310913025
380273514156015616
380258467832807424
380254128229720064
380231620256493568
379992364191715329
379982934364528640
379961655418826752
379957705001009154
379945234408284161
379927341364817920
379916458232274944
379903240898228224
379897849867010048
379892777942663168
379861431216111616
379854496694009856
379704151221227520
379693873003782144
379693499291271168
379647718400221184
379632258183102464
379631169442050048
379629453103464448
379622963680919552
379622706029027328
379618527759450112
379601137189396481
379588264052543488
379588008019648512
379576282561785856
379575681312514048
379572355590152192
379571460387651584
379558337505144833
379557967411949571
379546962384539650
379530595828637696
379521963200217088
379285219226169344
378983374033264640
378982090953723904
378977512434708480
378976606574092288
378976316298891264
378957211843956736
378956366398111744
378950754163507200
378950432368103424
378949872092971008
378946096925777921
378943934728536064
378943260561256448
378942642933235712
378941273312624640
378939166710837248
378910183638175744
378908852533858304
378905279330779136
378902818566197248
378902531822612480
378898897181343744
378898550006218752
378898267666665472
378897982336532480
378897603062415360
378895694880604160
378895287689175041
378893798459576320
378892434153148416
378892209615273984
378891532478480384
378890558548488193
378889923124027392
378889141792292864
378888057036238848
378886485908684801
378886266198433792
378885502755438592
378885014651666432
378883403036504064
378873796251635712
378873149246701568
378872067850260480
378871447609176064
378869759682809857
378866990276149248
378866421994119168
378865863463821312
378861513576284160
378858302157103104
378854948639105024
378561945911435264
378545276190863360
378539790821359616
378536585395855360
378528892228603904
378520151353597952
378515743119122433
378502501986627584
378482571127971841
378462109329149952
378452115502288896
378449959018065920
378442378761076736
378433945785737216
378275619500748800
378272367665238017
378194490466783232
378193353432891392
378183188457082880
378170180636917762
378147052837806081
378142616241459201
378138078935670784
378134733047091200
378112101979398145
378099334899716096
378090902071164928
378079191830249473
378079039820267520
378077777682903040
377809125431734272
377800087998439424
377784252655349761
377770143763292161
377753380942118912
377746973270351872
377726723808190464
377725770275123200
377712673447608320
377709579691233280
377530378850164736
377529336360083456
377527384008036353
377526800773312512
377526521436835842
377525157524697088
377524513124417536
377524048789766144
377523334399131648
377522947361341440
377522063210450944
377521332067774464
377519830062338048
377518313678852096
377516712134189057
377515939639877632
377515439351660544
377514424309141504
377513134598418432
377506986499538944
377504242892038144
377503195339431936
377501592037367808
377501181192712192
377500715872452608
377498568468099072
377497546467196928
377496331880628224
377495874076553216
377493957229289472
377489961517207552
377460779416440833
377447274562871297
377445370348855296
377440518525181952
377432892256706560
377418319352971266
377389359864897536
377379285322850305
377372084835323905
377364652079849472
377350656480124928
377158207472693248
377148658212696064
377139230470049793
377136113028448256
377096087133106177
377087835120996352
377080823293280257
377065051447754752
377055629312933888
377026053769658368
377009787000471552
376999887721603072
376993058199318528
376986942929268736
376974753686245376
376973189819027456
376444351196704768
376442993290797056
376441926205325312
376441487938310144
376440145563877376
376438579909885952
376281400644599809
376069520076836864
376011337517633538
376009612815630337
375999927974776832
375982739712778243
375976306032119808
375965463856947201
375960347078692866
375942005945159680
375932799577899009
375928819476987904
375914186712162304
375913323847380992
375908104820363264
375900458851647488
375722731196923904
375720001543897088
375718904083251200
375717951129014273
375717125987790848
375715390342832129
375714382787141632
375714136946393088
375713547294375936
375713231257739264
375712700552454144
375712189841412096
375711941559611392
375711362309427200
375710435963838465
375709640086274048
375705196003090432
375704866091700225
375703218007068673
375702786086019072
375701837363826688
375684956443660288
375667267063013376
375665188776972288
375648776955768832
375640265949601792
375632081331572736
375614476935905280
375609881103196160
375601524358922240
375575488904716288
375570244602847232
375565040272699392
375557035674177536
375548507664293888
375547718002675712
375547668379885569
375547568572203008
375547455690899456
375547079268900865
375541842156072960
375541616292802561
375535956004442112
375343017630388224
375300211100246016
375287379147235328
375285612011470848
375282915606671360
375282128784588800
375279003000524800
375260993300877312
375250986496835586
375247794153332736
375239429192835073
375212318021275648
375206750607011840
375194454061101056
375187304517615616
375178149673172992
375173641496838144
375173020249096193
375004572353585153
375003123364139009
375001918806196224
374997173752311808
374993218301341696
374992774145523712
374986511420518402
374924461671071744
374898245543002113
374892541969063937
374876260565913600
374873267225391104
374867077107949568
374864854948917248
374860869156343808
374860366641000449
374859697557221376
374857203716345857
374837317141139456
374829930741108736
374826450018246656
374816119195848705
374637617864003584
374636751614386176
374635033099005952
374631368384585728
374630357842538496
374629652570312704
374573592870404096
374573130309971968
374572487771959296
374572312429088768
374571400872591360
374570496446464000
374563047383126016
374558513629904896
374526083426574336
374506606655848448
374490085573406720
374470751006375936
374460106307420161
374455663130202112
374259796423479297
374259258936000512
374252761493569536
374251648111357952
374240410786615296
374238946462818306
374237899728105472
374236422141902849
374233994868842496
374214725401608192
374214294956965888
374213560316231680
374212876896317440
374211912827174912
374209079428018176
374207794578460672
374207134499893248
374206368947122176
374206008547364864
374204148084117504
374203402802429952
374197533842866176
374196963165892608
374194855435841536
374194590079012864
374191394472341504
374190969287356416
374185379597148160
374138933485268992
374138245552300032
374043299486912512
374039391871971328
374031983485411328
373903077071667200
373902417584467968
373901577805111296
373885011336134656
373883995580547072
373883867939475456
373883595934666752
373879895585464320
373877310640123904
373874896331603969
373874633864675328
373874025178869761
373869821668368384
373868957486559232
373867958545952768
373867777683378176
373865866884308992
373865618698960897
373811362201608192
373811243410534400
373810618949984256
373809841741234176
373805808976658433
373800455912304640
373794268022046720
373790463830261760
373549580019048448
373539500552900608
373534194779303936
373519992878555136
373519582889525248
373518485026267136
373513778455150592
373512226780741632
373511696616534016
373511418718744576
373510578461212672
373502187584122880
373500936406458368
373472209647730689
373433307498688514
373416339731263489
373181411194576896
373173576221732864
373172459899723776
373170226747441152
373113773575262208
373062398711980032
372820252490362880
372818387417956352
372771654017236992
372767951285682176
372760212798595072
372759457576402944
372758216188235776
372754713747271680
372753343543648256
372745834594844672
372654279292485632
372653139213574144
372652945583525888
372652181180387328
372651336623730688
372649429024903168
372643051304652800
372624735471161344
372425361478656001
372412917943394304
372407244677468160
372405124645552128
372404550856351744
372403334436892672
372399167244865536
372398802755657728
372398145122336768
372397173012697088
372392598193057792
372389007235493888
372366155333107712
372334769847406592
372101511792582656
372100676706648064
372099175330381824
372098307767959552
372096405198106624
372093535698571264
372092020078424064
372088021933637632
372085872264744960
371997230859059200
371996992794558464
371993936161931264
371992757625434112
371914620149465088
371913579953668096
371908289317310464
371907747304206336
371900159388434433
371877077735452672
371708368781836288
371707174147592192
371706841237307392
371704926147465216
371684437097861120
371678461792120832
371676913695473664
371676265604202496
371675935403421696
371673562035548160
371672944030011393
371667234445598720
371667016358567937
371661516933967872
371659220137283585
371657956326395904
371657077410004992
371656057380405248
371646337408065536
371377402112667648
371377358764519424
371353074985889792
371331325200199680
371261795115479040
371259199218798592
371252437702934528
371247280076390400
371247009136910336
371246246125920256
371241008690126849
371240720738582528
371240614371024896
371239836059189248
371238135055007744
371237420349804544
371236194392080384
371234645477982208
371233430920757248
370992242724704256
370983221900894208
370982502347075584
370982186616619008
370980802685059072
370980272105197568
370974309852131328
370973608610639872
370941945494781953
370892248403021824
370891106927407104
370890372152446976
370889249278550016
370888454898335744
370863860213100544
370846863249113088
370839709406486528
370604026842578944
370600064882061312
370597923597598720
370597026045902849
370595689174417408
370588265755467776
370587249488191488
370586740303888384
370579847061708800
370579350250590208
370578585041371136
370282962182762496
370279280074563584
370278940197531648
370277312467832832
370276053123878912
370274568453517313
370272839469109248
370271813382991872
370268440172695552
370267492973027328
370255505140494336
370254787683811328
370253789057785856
370252020982480896
370250251590172672
370227394579529729
370219883084406784
370219074577768448
370217328501587968
370199768498466816
370188425208799232
370181809868644352
370170142262845440
370130309830168576
370087562976563201
370086758811045889
370085923733508096
370084427390390272
370077454200602625
370076920928415744
369930530168786944
369927413163388928
369886313518206977
369842576847028224
369809222772736000
369783814777614336
369724761565184000
369558613880475648
369557544760803328
369553813998288896
369552473184534528
369551176879968256
369550056744972288
369478053782888449
369475001583292416
369474299452588032
369473466229334016
369473108362547201
369471735768182784
369471007829921792
369470348598599680
369469798884716544
369468423497318400
369467531485904898
369465375575904256
369433696228503552
369432982194384897
369356758268911616
369354975966552064
369353669000441856
369207145209679872
369205780123119616
369171599313731585
369129169264734208
369117668927750144
369116266641891328
369116062194741249
369115709457977344
369115082849910784
369112994187210752
369111844192935936
369111593306451969
369111025422835714
369110822196219904
369110115741208577
369108861333950464
369108452934561793
369101020262977536
369095149403394048
369094755562815488
369094435427999744
369091206682124290
369090932156534784
369089786520170497
369086202055389185
369082731059089410
369082082309316608
369078787306033152
369077625169276928
369074461925859328
369073984047833088
369051566713495552
368826520984629248
368813147202666496
368811882489982976
368811201959964672
368810030654451712
368809120129753088
368805870882144256
368804794569211907
368800376415219712
368799878689730560
368796832308015104
368794933223636992
368781283570094080
368780798213648386
368772105199828992
368764710612508673
368763874066984960
368763698187218946
368762770822418432
368761605401489408
368760967342989312
368760598701432832
368759801888509952
368757991056490496
368756247324946432
368755664694173696
368754728932360193
368754649639043072
368753550781710336
368753236905177088
368751850582859776
368751571711954945
368750024642932737
368748675431792642
368748263500824576
368747885816344576
368746782156525568
368745555523952641
368743821506400257
368742529358782465
368741145133588480
368740764848640000
368740324874547200
368738555251523584
368737712892686336
368737272247513089
368736903568183297
368736425874690051
368734118567112704
368733307959115778
368732155842928640
368730018727219202
368728032577454083
368726618757292036
368726375256956930
368716636741582849
368715616724582400
368711807185076224
368711316334059521
368710580632186880
368707149255282688
368703370753609729
368703162326085632
368702450774982657
368702226341961728
368701907939753984
368699201028251648
368698801264918528
368696836229324800
368693485517283328
368692569917509632
368691513032601600
368688592748425217
368401600269647872
368382906734899200
368376949548130305
368363118222516224
368354297844486144
368329364695293953
368324103234932736
368323041060585472
368316347551211521
368312993810898944
368308320873877504
368306898732584960
368293024171716608
368257866773180416
368117922881081344
368116526219788288
368115929932398592
368114845365043201
368113613460238336
368112652083814400
368109491512180736
368108738248708096
368108182658224129
368102524516978688
368091033453985792
368090121264197632
368089679268425728
368089492680613888
368087236199596032
368084303390851072
368083590460215297
368043664791965697
368038919272542209
368036951162511360
368022714147024898
368003524107325441
367994649022971905
367992927642865664
367986890412019712
367958199254536192
367946799207550978
367946227981119488
367941207814451200
367934348973973504
367744251389812736
367739909718962177
367739149102903296
367729896036265984
367729627990859777
367728694766604289
367725637781700608
367724999303364608
367716146600214528
367674439896293376
367639366442565632
367626184483299330
367608905985048576
367598341028184064
367582424902815744
367570257621164032
367563203321946113
367558671594557441
367395454830780416
367343332173049857
367335135194001408
367329313755893760
367306919012073473
367294179958722561
367278246045286400
367274593641185281
367262160885264384
367253090862256128
367251795262705667
367236261213249536
367235666930704384
367226147790004224
367220024701755392
367212625157185536
367210667402883073
367208811222028288
367207738809790464
367201043589136384
367198542290358272
367198174181474305
366979904371302403
366979259459317760
366978836895768576
366977992750149632
366977645998641152
366976632344424448
366974103321710592
366973365241655296
366944229144014848
366928903492730881
366926749759582208
366913238157365249
366906209489534976
366899738739621889
366892095228751874
366880814799126529
366863725170401280
366845892789141505
366839136625246208
366670350752284673
366663850025697280
366663209182179328
366661358047076353
366660640074502144
366660088825516034
366654003586670592
366652699225243649
366648063269421057
366646069297283072
366643812585578498
366642224462704640
366639441252597762
366637628147245057
366634847868956673
366629913912029184
366629420557017088
366629073784537089
366597271174914048
366596349669543936
366595060978040833
366594400807174144
366594056169586693
366593248166289410
366591246468251648
366588224610631683
366587863321681920
366587338521968640
366584681837240320
366583271942930432
366582634651992065
366581349102010368
366580763094822913
366573474455621633
366565226025459712
366564157778165761
366246779148177408
366242847067873280
366228658874093568
366205600041943041
366102135911374848
365865223959232512
365864403289128961
365862415625224193
365856021006131201
365850516825194496
365834374027034624
365820401919598593
365807058240544769
365795621547941888
365790237827416065
365778479876292609
365774334326874112
365769174242430976
365763678269739008
365758581049536512
365750790540886017
365567635099877378
365539338827730945
365538854196875264
365537658425978881
365502435235602432
365494945299185664
365493319326900224
365484624866054144
365483865172738048
365480697244303360
365466778974949377
365451917616361473
365425831289425920
365416180787322881
365409537177559040
365397649165266944
365386958979088384
365386436163289088
365385110385721345
365365945646055424
365178295655997440
365139945402273792
365125786413436930
365116195403345921
365098548674564096
365086979408412674
365072203592638466
365065583777157121
365049047322595328
365042171969155072
365033243738775552
365031617883942914
365023108006035456
364778529541455872
364777525949779968
364743316299980801
364727236424773633
364707879745359873
364697451636064256
364675037879480320
364662259118653441
364458365231300608
364457630343122944
364456730430017536
364422707892727808
364422372092567553
364376281808257025
364374410221715456
364349767209328641
364346364034953217
364344833457913856
364333921409835008
364322431483117568
364314922101915648
364310348288892930
364310022563438593
364306211753033729
364107801271873536
363989953535295488
363970230042632193
363963813768347648
363960366859943936
363958398414364672
363946467783753728
363945089036337152
363941955626995713
363940726163259392
363939159490052098
363726089858080768
363725471135305728
363724370876694528
363723530044588032
363721193066856448
363720522095267841
363710764550737920
363710721655595008
363710694874947584
363709225769635841
363670407335137280
363667668324585472
363560943927570432
363327481383620610
363309057957838850
363289336034246659
363284003115106306
363261297925697537
363253556477829121
363246656759676928
363241183419437056
363229810782240769
363216756157853696
363029559471783936
363005797120229377
363002715661938688
362920701474250752
362914715703316481
362912115163545602
362904297396502528
362628618083500032
362603467568726018
362585892994547712
362576317524344834
362576096299978752
362562104244453376
362554065160372224
362533229556801536
362525669000876032
362513365144322048
362505351251247105
362499635727708160
362472993433194498
362472536858050560
362327669792182274
362326970626875392
362326404446167041
362325554986364928
362320022477090816
362296234607783936
362253071658647552
362242412854255616
362240487207354368
362238446137389057
362237342427250688
362235699983958017
362235313759850496
362233958072725504
362233919074078720
362233015201566721
362223912752398337
362223803478196225
362221713590726658
362212008239693824
362193558125547520
362170888491241474
362169256093298688
362165046945648641
362154496580792320
362136466110955522
362105414583730176
362100301899120642
362099231118475264
361893826404691969
361880827577110528
361858530912894976
361846976331001856
361831392318992385
361812927600279555
361801844311326720
361792738552852480
361790924872888320
361779521164288000
361768063584055297
361764833189822464
361745683876814848
361558637585498112
361553536875638786
361552428144918528
361549703579578369
361542520695566338
361541436254060546
361540315632517122
361539270860746752
361538701085515777
361393955109224449
360795306494935040
360784171783819265
360771767649841152
360771713362968577
360769901348143104
360756422444716034
360744778096312323
360741287160320007
360719424753377280
360705355174510592
360703983502888960
360690530222489602
360680014968143872
360677520573607936
360677181329911808
360676618974404608
360676333250031616
360674856393646084
360427647609733120
360427204989026305
360418480224350208
360416232073203713
360402521300283395
360398074897641473
360385449748992000
360363093529858048
360353272386691073
360338609640964097
360324726616367104
360317231655174144
360313419733274624
360313251453616129
360313098311172097
360144234109616128
360132927633367042
360064967321460739
360052488629526532
360048190281613312
360042272592633856
360027425696006144
360024336872112128
360006711232315394
360000006318592000
359990449714372610
359986341813026816
359978613136818176
359977844685803520
359960243452657666
359952296177700865
359736903467139073
359705122349125632
359697332465446913
359687463880495105
359675497891893249
359666885052207105
359666264488153088
359644312461512708
359643310333231104
359639153438240770
359626399910334464
359620266227286016
359607536476901376
359604806995812353
359599294078136320
359592948184252417
359578213967593472
359560474263695361
359425798757183488
359425226188554240
359346867487776768
359329819068076032
359317448517890048
359292578593652737
359289302443761664
359274441382952960
359268506736398337
359258325046665218
359253607687786497
359246694707249154
359232278007779328
359200795276742656
359200753820237825
359200613361397760
359199922291093504
359199600411803651
359199570409955328
359199474842734592
359192631605071874
358688457045983232
358674322480566274
358673711026548736
358672249294827520
358668746430234625
358657422384037890
358627645921034240
358549353973030913
358548255770025984
358546915585040384
358546088334073856
358543917202935808
358542885039247360
358541768284839937
358540879184658432
358539514106486784
358472604002164736
358472333268221952
358254028188160004
358252308552888321
358240592456720384
358229308629716992
358212853754363904
358207075731509249
358193166446362624
358186131986202624
358179834167431168
358171129891917824
358166968395763712
358161020205801472
358157839325343746
358157623238995969
358150322968993793
358144308378996736
358119257500291072
357934713836539904
357901742400606208
357891170099146752
357887706216398848
357882493350838273
357877795025731585
357873426284806144
357865941335412736
357858455299686401
357852149893439489
357844782745264128
357835230708641792
357823805365821440
357807888523202560
357804864757186560
357804512926371840
357789021121937408
357781114443669505
357760511212920832
357606997627510784
357593649603158016
357590596417880065
357590051594575873
357587140265263104
357585110658334720
357582091053043712
357581110605127681
357579529696456704
357578286731243521
357577873139306496
357575688263446529
357574393070759937
357547067415072768
357546680637325313
357541644100317184
357539678943059969
357533565329747968
357529597761425411
357528716466851840
357527306102779904
357514771362361344
357503137394860034
357500484585652227
357494992253620224
357481975549919232
357462092070137857
357459670450970624
357456376118775808
357441096625819650
357433410681184256
357430118702006272
357417984978984960
357395488506519552
357168601507180544
357162100369522689
357149706717102081
357140110954868737
357127847250370563
357099959813808128
357093928509505537
357086169873395712
357069798267564032
357059659481362432
357057525515956224
356873741709488128
356826517277388800
356805340249063425
356792299402969088
356788406925271040
356772573784195073
356769007967281153
356759077164040193
356736337988173824
356722084220641281
356721719106478081
356712199047217152
356696290278649857
356691727270158337
356689427239673856
356689209739845632
356385176693112833
356182461060882432
356181871245275136
356180750271385601
356178962101182464
356120349248724993
356105402301165570
356104572281954304
356103283145838592
356022374371569665
356020934206951424
355962232087134208
355753264404369408
355719438118563841
355713840857620482
355704558749618177
355698713768890368
355693969885233152
355679145050652674
355668945291837440
355653548714913792
355650900624285697
355645700949819392
355636484822417408
355632199120334848
355628626668032000
355628326653673473
355622236738174976
355613023299305472
355610671464980480
355604058628833281
355405798127566848
355356366279417856
355353570872262656
355343522750144514
355339526010454018
355321691938893824
355318584316133376
355309142526799873
355287845457502208
355284712400498688
355278548426166272
355269548737445888
355269298496880641
355265792968892421
355261116189904896
355251297483628546
355238973263716354
355073681464115201
355068430489108481
355068157762879489
355067006799720450
355064682807173122
355064217562398720
355063968701747203
355063434297081856
355062935552397312
355060856326860800
355060158264647680
355056775956934657
355056249840214016
355023287786549248
354993362446729217
354991124865224705
354975936480935937
354962959627329537
354953577833312256
354940872678326273
354935333319749632
354930189282717698
354922768195784704
354920240448143361
354920025691398144
354919997916712960
354917726709485568
354903037178945537
354892651146903552
354885226297700352
354851133426110464
354837337483644928
354646419887505412
354632751539961856
354622349833797635
354621305028489216
354621209343827968
354620935199924224
354620804564135937
354620650108887042
354620475965587456
354620304015884288
354620034242461698
354619893691318275
354617501323239428
354616197821628416
354615188554649602
354614583043952640
354613199015903233
354610207139176449
354608106061316096
354602330714419202
354591931180920832
354580494324744192
354573525236981760
354555268710940673
354539879138471936
354536826326888448
354529104390922241
354522865183375361
354347271300726785
354346921495773184
354345444513546242
354340586700029952
354300666505736192
354279104666808320
354268304686333952
354263662946553856
354249665325178881
354243326339321856
354227249471430656
354211590981165056
354193645571817472
354188054308724737
354173907214925824
354156678670843904
353912450564886529
353909453990531072
353897265196314625
353887858685255681
353879813234241537
353879361826467840
353877506459316224
353855479044255744
353784664844013568
353634382306738176
353631453218742274
353258835470860292
353178975096418306
352820880801402880
352819499260583936
352819455157469184
352816334352035840
352816082848980994
352814256523190274
352804286872301568
352799311878291457
352795921702076416
352786903805865986
352786632778317825
352773241066110979
352750676520087552
352750587395317760
352750538829479938
352750485524058112
352750439139254272
352750384785264641
352750306196586496
352749779236818945
352749709309390848
352749629756018688
352749515595456513
352749435463282689
352749202784264193
352748484362895362
352744800564412416
352742575108653057
352737585774346245
352729583679836160
352722197644718080
352721798481195009
352706779018305536
352537542232506368
352528673368322048
352528284115943425
352527445305475072
352526959416324096
352525923091873792
352525516831600641
352525198135791617
352524926625918979
352524446109679618
352523093325000704
352522588926377984
352520323083681792
352520112328286208
352503519154155521
352501766409031681
352492052963012608
352491304107769856
352490730830303232
352489892229562368
352487765016977409
352487023933784068
352479579505573889
352478880096980992
352477468084539393
352475277500227585
352457709473370113
352450227552272384
352447772315758592
352447557538033668
352429668139413504
352419986482016259
352403474295693315
352398205264203776
352381210984595457
352378980642471937
352374154781143040
352364120571514881
352362166315257856
352351299511128064
352346682857504768
352093835679109120
352085503258001409
352083561622413312
352080959719485440
352069962896130049
352050598486609921
352049292766228481
352043478013837314
352033320881750017
352020033314095105
351992077929816065
351978641774751744
351978584417636352
351731415873892354
351718080730247168
351713388847562756
351702042760323072
351693264073662466
351688255734951936
351663486729854976
351656587145920513
351654088074727425
351639050953818112
351636885933785088
351631371229335552
351630390320037891
351621510957506561
351348061177511938
351342598687965186
351299942280736769
351299669382541315
350642603546509312
350623480238194689
350619715913269251
350613798039728128
350604631040208896
350587075017441281
350577076706877440
350558149511610368
350556971998519297
350554256757096450
350554040020635648
350544715868942338
350544158559174657
350530021603028992
350528807108751360
350362358578819072
350282217672548354
350267527101820929
350257593538723842
350253511549784067
350245980622426112
350242072571293696
350241372500004866
350239407342747648
350237906641747969
350237762286395392
350237657449766914
350237505372688384
350237365580742657
350237271125012483
350236933500305409
350236759562534912
350236596508966912
350236221286531073
350236084187303938
350235824970932225
350227686309900288
350208948252585987
350199924127825921
350194529284005890
350194327517007874
350190063121993728
350180989420576768
350173723736805376
349995789759692800
349994425482612736
349993313513902080
349993180990685186
349992493942714369
349992142292254720
349991888167780354
349991530964062208
349990744699842560
349984195885535233
349983124106645507
349980832729014274
349975866643718145
349968576268087297
349930398739996673
349919656401838081
349919461760962562
349912672617246721
349911031289626626
349892789686910978
349885561089179648
349878682518695937
349873078853058562
349864320374538242
349864233950912512
349864211146477568
349850177772847104
349833168590864384
349826734834716672
349816404209434625
349804371049054208
349642086879985665
349641559068774400
349640104681291778
349538897967063040
349525854348513280
349511056474898435
349506816868220928
349485968610439169
349469840777547776
349455182142242817
349450300056285185
349276100435771392
349264233785077762
349244271695638528
349219637810053120
349192071560695808
349178499652788224
349172324148330496
349172118132494336
349147655529693184
349135043630858240
349122558186102784
349112831934865408
349104850103042048
349095176158986240
349090785297309696
349067831528259584
349042378394435584
348900739948625921
348896276408041477
348893841509728256
348771947661893632
348473300361551873
348472665079681025
348471569737187329
348449827106992128
348449098531209216
348448636557987840
348446309579108353
348435001811025921
348434539212832768
348109268844679168
348102018122006529
348098393563860993
348086968376242178
348081502468313088
348064429486784516
348049007349731328
348036114965200896
348035664815734784
348033480636104705
348026264680009728
348026075323961344
348019191946821632
348016699217428481
348010367089258496
348010125333762048
347769051071778816
347768454935351296
347766735602069504
347766010578866176
347765385342365696
347764203697864708
347763486065049601
347762993175592960
347737127838162944
347730752538025984
347713613584285698
347698632591540224
347675477185540097
347668499704987648
347661688125919233
347661508513247232
347651476673400832
347646131481755648
347639976760061952
347633279324786688
347466682446520320
347462723166150657
347458129191116800
347456107364630528
347455491288469504
347453106348507136
347452958927097856
347451756587933696
347451251413372928
347450985809063937
347450726991151104
347445868766588928
347443923477753856
347435308356349952
347413206580469760
347409953335685122
347382740196392961
347380047738437632
347371371967434753
347368625402941440
347357373205192705
347353294303281154
347345318955843584
347331012449153025
347311218547097600
347310549496909826
347305839545167874
347296653973262336
347293932524273665
347283313792266240
347273735079874560
347273344619532288
347111848744722432
347104982425812992
347102121163890688
347100962541957120
347080579864461312
347079779004084224
347049427883655168
347039102845206529
347037092725014529
347030437815791617
347013054514487297
347009558033596416
346998537818628097
346979330125074432
346978535535149056
346965136080244736
346958359985004545
346954643106058240
346942759418081280
346920293765369856
346917422508421121
346915528843083777
346915138475012096
346910355592708096
346711482890870784
346710453101133824
346705993931030528
346704352045584384
346699280297373698
346696410206437376
346684174708658176
346682179453079552
346676255619440640
346675715023970304
346674686651940864
346673634611433473
346657558712446976
346651145156034561
346635719038623744
346623358374383616
346616508824313858
346611797396172800
346593713457344512
346586527909961728
346576731223773184
346575994267791360
346559181186273280
346544175212265472
346337836414410752
346315477280243712
346298259028967424
345886808346873857
345864543748112388
345841123232722944
345804922287161345
345793074355650561
345790619102347264
345788401410260992
345617031325970432
345560783918346240
345559394047643648
345559161217642496
345549247413882883
345533170910896128
345523341282643970
345506340417970178
345492651686105088
345483905761173504
345481376755232769
345477296905412609
345466011883036673
345453672731381760
345295223926177792
345294837043564544
345294043711959040
345293916473548800
345293114493239296
345292580654813185
345292029040939008
345291764338421761
345290995837059072
345290559767842816
345242769477992449
345240630995324929
345238052026859521
345237686866546689
345237185731108864
345203401954570240
345194857154871298
345180048581615617
345165230957019137
345148923469516800
345141369913876480
345135714717028353
345131959883816961
345121377919053824
345116041141166080
345114248151699456
345110048856485888
345109842282819585
345103670674862080
345097461632729088
344917789607358464
344917210885660672
344917067801194496
344915764215701505
344915402247241729
344914482377654272
344913666006712322
344913052136792064
344911051122417665
344896244038111232
344874882682728448
344854863513006081
344854437480759296
344854130524815361
344854018746634240
344853163964248065
344847260112285698
344837986048942080
344824039220592640
344816129832804352
344809773138587648
344795393265135617
344792187030081536
344784849208504320
344779987108376576
344769381353533440
344759242944806912
344753918372376576
344743432364883969
344742991975546880
344732929794142208
344731632923709440
344731218677481473
344731138465607680
344730758365184000
344729895949185024
344728939249410048
344727480919269376
344727063774773248
344718289437601793
344525041863622656
344524026011611136
344487581595103232
344462432359555073
344446227905142784
344444256603217922
344436475418521600
344434312726343680
344433131182493696
344415125823963136
344404171140771840
344396957411852288
344388165546676224
344372730503766016
344369230076055552
344356963582349312
344194975153664000
344194286205689856
344193879442075648
344192621364801536
344190109891055616
344188537970782208
344187428996796416
344183750478925824
344182859088662529
344174033694228481
344171245102837762
344170441369346050
344162670678781952
344085208439603200
344060263324073986
343688038163025920
343687767865303040
343667703514529792
343438382749343744
343438066956005376
343034353074442240
343020268412862464
342982493462474752
342963437023932417
342953579671351296
342942775152627712
342939706524307458
342939469223178240
342931977713901569
342930754180878336
342919853482590208
342675604400922624
342669136251457536
342657335627505664
342649464214925313
342637434695192576
342633828814307329
342621026833797120
342590708974235649
342590499393245184
342581494881079296
342569002264043520
342558090350178305
342378692435128320
342378370765557763
342377786612273152
342377465144037376
342376965615009792
342341232007200768
342310585922379776
342286302386978816
342271848085594113
342264193384316928
342260796337840129
342246788503310337
342239401306374146
342227311166373888
342219994249187328
342208110271795200
342201361024290816
342192035001925633
342180994457141248
341986714992119809
341907952929742849
341661554921570304
341645886360809472
341583063798652929
341550366229426177
341549452563210241
341545770408886272
341545206442758144
341544505738141697
341542564618440704
341533622265839617
341481938068058112
341303800436514816
341300678846713857
341299526868553728
341297659061088257
341295959331962882
341295560373964800
341294314938314752
341293226990370818
341267142555074560
341190021098926080
341179766864486400
341157856386617345
341156084859416576
341152985965023233
341144375457357824
341138300280659969
340833328603213825
340490657586089985
340469529845067778
340421278827675648
340367647327805440
340211386120544257
340211038433718272
340210842723303425
340210072821063680
340134249250308097
340080436137037825
339773099371278337
339771802970636289
339771399013011456
339758071498825729
339747496605655041
339703019765657600
339692383316869121
339679736622104577
339679291937812480
339674449735462912
339668171130806272
339664175095750656
339637780160315392
339482766498471937
339479512108630016
339478898003808256
339475412453306368
339472557965209600
339471302618390528
339470852556980224
339468828239073281
339455662734049281
339447449661865984
339435774376304640
339434725259227136
339433950504161280
339410558329700352
339407615488581632
339401375358271488
339368757149442048
339365117466652673
339353187247083520
339334756003098626
339328147445125120
339320011673968640
339308711497572352
339303822344196096
339297341909635072
339113135405420544
339111753042513920
339056765457006593
339054953240870912
339052492153319425
339050199374757888
339047191219941378
339038373878566912
339030641821757440
339027492973199360
338980048323358720
338978509919756289
338977276043612160
338407987251126272
338402540540530688
338400059962036224
338397004206063616
338395311640825857
338393987574542336
338390562442997761
338386436472573952
338192093669376000
338191397360369664
338189457427660800
337983378840236034
337965449113382912
337964886338437120
337963996923691008
337951863666249730
337951648611708929
337926539708620800
337860320766861314
337834018533953536
337625481681715200
337608611121479680
337599086356213760
337595560544587776
337595358832099329
337589987069550593
337589620244090880
337584231586881536
337568602540605441
337563800762982401
337556228186193922
337555772915478528
337548847297466369
337533493108166656
337528051996954626
337527093950828544
337519520329633793
337510637825564672
337509511180984321
337503824363282432
337503495471104000
337498958664437760
337492014000115712
337475432028966912
337314431417593856
337313222199738368
337313028611641344
337309967235309569
337304675772665856
337301581060001792
337300803951947777
337297980195500032
337297087563698177
337294071573925888
337242245155651584
337236842191650816
337226287091417088
337210736524787712
337210705788932096
337191270730567680
337182309612662784
337168967821049856
337142538752360449
337131663307993089
337124293865525248
337120026781958144
336920446672961536
336874163551752192
336855455366266880
336842797103603713
336832743268823040
336815019704602625
336802626505150465
336788646608900096
336777724427370496
336762723994050560
336750231490273280
336740126573080576
336676117891145729
336675125984378880
336589056710414337
336582730538176513
336516383955353600
336513237463994369
336511242137112576
336510400260632576
336509842711797761
336509147392663553
336500463409197056
336490250383794176
336471585160589312
336458761789116417
336443745929150464
336441521270312964
336430368213315584
336411368234291200
336399216589017090
336224151536795648
336223367902412800
336220375291686912
336219186722402305
336171184058150913
336155822654644224
336149453973123074
336131792425848836
336128915212996609
336127644217253890
336123439666565121
336122262476427264
336103329753088000
336102111911743488
336101856730308609
336100116127686658
336090612946321408
335715684287934464
335691829527867392
335691179574300672
335424199134941184
335422419495956480
335405427296702464
335396822774345728
335387948805652481
335381971859537922
335369839138979841
335356533846196225
335349960772030464
335340482374811648
335339669673877504
335333896285732864
335324908802420736
335319246559125504
335315121146580992
335310979002949632
335302509243535360
335301610681024512
335301450425057280
335274619063906304
335138277889818625
335132667806879745
335062772293451776
335056851181903872
335053528231972865
335047144983638016
335033410890391553
335021835521503232
335015000500490240
335007061081473024
335000213783715840
334993968469266433
334986107156570112
334985858346262529
334981321862549504
334981012192890880
334978297740005376
334968228679929857
334963831577128960
334949809146445824
334780036529922048
334774120812253186
334771039911428096
334769426907926528
334767136864096257
334766813856534528
334766087067541504
334765532203081728
334765169542586368
334764799563026432
334764277418303488
334763955916513281
334762880996106240
334760326681735169
334760129180344320
334759204680249345
334757347689902080
334752139408723968
334751991936983042
334751082335055874
334750550124015617
334749590119145472
334745994711420928
334745222972051456
334745044370194432
334740928063475713
334740652690657280
334699034923118593
334691154463453185
334684168887881730
334672277528514560
334659855812005890
334648170925670400
334640620192800769
334631920329715712
334619849001144320
334614920098373632
334604338318176256
334600542452072448
334594477559795712
334586217410732033
334412787675721728
334408651303440385
334407660776607745
334405241925672960
334402403573067776
334401411267821568
334400608217989121
334399764722507776
334399258042200065
334397800420872193
334391216420556800
334390861834108929
334390293707231234
334387821219565569
334382237778862080
334381747116601344
334380601937383426
334337943424602113
334331634075701250
334326961021280257
334316185405489152
334303149022126080
334294901728624640
334273983090413568
334270107553501186
334253179539705856
334243751138574336
334235815066603520
334233691427586048
334227186779295745
334223438354976769
334051029211553794
334047759218917376
334038542105849856
334037669044690945
333976226286927873
333964725459243008
333962503296016384
333947740243492864
333938775682060288
333924190413524992
333912266774810624
333906907259600896
333901815252918273
333895346784698368
333880421194539009
333866163136237568
333857872482033664
333853999851773952
333844375215935490
333698292007452672
333624284746498048
333588857150918656
333588445572259840
333586975133167617
333586523498889216
333586052864438274
333585189949280256
333584225771077634
333583118420299776
333581250159845376
333580920269467648
333578602601934848
333569409660633088
333568408677408769
333564808404283392
333563376141746176
333562587725836288
333561558271660032
333561142339309570
333559604602605569
333501678819106817
333289530222338049
333288907795996672
333288113159938048
333287855361241088
333282526049210368
333282102042832896
333180930766290944
332895457644781569
332887523250540546
332862253193887746
332852840945037313
332845962743648256
332845729561321473
332837344111632385
332823489889316864
332818980223991811
332818607480389633
332811905347497984
332803627494277120
332794075092774914
332785794148335616
332785598509240320
332785546147545088
332780847952437248
332771981348982784
332769961732882433
332524763203371008
332520145551495169
332510715783024640
332489801502699520
332485713155211265
332485388553822209
332480544082366466
332477164714856448
332466674747973632
332461883426734083
332452482565427201
332441976018448385
332432418017525760
332423598306373632
332423506715344896
332417234158886912
332413218297360384
332238104033370112
332236956215959552
332236101781692419
332235796981620736
332234463947915265
332234055426908161
332233572427640833
332232858724868096
332232449738293248
332232336903114753
332232168891887617
332231504518332418
332230676793421824
332230470106501120
332229789568081920
332229418485424131
332228724751745024
332227640465448960
332227367449817088
332227011353403392
332226842041933824
332226086559690753
332225787774242816
332224987752701952
332217487179517952
332215123353694208
332212761398489088
332211537815154688
332210785310875648
332209705344712704
332187712864014336
332182903159140352
332177733188730880
332177563604623361
332165396918575104
332163332129816576
332156462040219649
332152437156761601
332150822240669696
332143485731872768
332142886336491522
332139117196476416
332137538066194434
332135658221092866
332120463029460992
332100126388658176
332095628333154304
332084086061531136
332078899741732865
332073581037101056
332062834802438144
332030517241331712
332016873178804224
331894265305264128
331884381880860672
331874239240089601
331873709566599168
331872839768608768
331871726659067905
331871289562259456
331870992538423296
331863925828239360
331858485824327681
331858246107283457
331858045275607040
331853981791944704
331800214769913858
331792912973172736
331781311805140992
331775600710778882
331769627531157504
331763458599161856
331757836126269441
331743100563255296
331732602660716544
331723433069142016
331715321096466432
331696569558646785
331688599084990464
331687121238761474
331651544153989121
331525840997326849
331477661673197568
331369621024292864
331328172438212610
331158556378271745
331150815563763712
331148940630183936
331147526780620800
331146848159035393
331144077989007360
331086815945707520
331086682176757761
331085195241467904
331084572072759298
331009020229988352
330725749642383360
330725064775442433
330638668450635776
330638542927704064
330637037625540608
330426453952970752
330346334664142848
330331487008325633
330319042378334208
330306770016800768
330288656369717248
330284174156132352
330278589947838464
330276158950232064
330276007103848448
330275048063631361
330269401381224450
330261062156947456
330252848807936000
330250755724435456
330248118291542016
330242738064863232
330234406738481152
330211925130637312
330203395329781761
330046359686230017
330045928776024064
330007387157192706
329990418106290176
329988983440408581
329977176525004800
329964556724101120
329953949870342144
329953335375429633
329951426388303872
329940575526727680
329923162114490368
329914740434403329
329910714686898178
329902153713975296
329889100201066497
329882638833819648
329876718535991296
329870834187505664
329863582697259008
329863522672590848
329863409573171200
329863321845104640
329679405163094017
329624446505725952
329621863015796736
329611168748539904
329601594926710785
329586859011346432
329582758793986049
329564773219971072
329545274785660928
329534914217267201
329512462527373312
329347275925106688
329344272304328704
329342276016947200
329335338063499266
