398148435091939328
398148227218034689
398147995407253504
398147947453767680
398127139825778688
398104716959576064
398104558486175744
398067131457089536
398066842540847105
398066455477895168
398066323882016768
398066158215397376
398002620931272704
398002142096920576
398001972718354432
398001891395002368
398001729767481344
397820106098475008
397799757282021376
397793095036973056
397792704060727296
397779796974784512
397764190430978048
397763934708449280
397720102772019200
397719609685458945
397719406865707009
397677092965347328
397650957502521344
397650477648982016
397650297340047360
397649582542553088
397638640131899392
397628780199821312
397494360197316608
397486163558010881
397412826920136704
397411429558398976
397408500839501824
397374601212477440
397374071874551808
397364435213639681
397328798019895297
397321476334161920
397321409011003392
397317801742180352
397315738580418560
397315595965706240
397315415598059520
397292546696957952
397105877540696064
396954960690417664
396948361087311872
396925473462427648
396651107898130433
396589516624244736
396589171584032769
396401534990180352
396401361320833024
396400494312034304
396395791839133696
396395729113325569
396345094699495424
396326942565482496
396326564524478465
396326473696837632
396326343950221312
396309295911796736
396274246780862464
396253257854877696
396252489097293824
396204788167483392
396189783141392384
396189625309745152
395968598101204992
395945844668518400
395912941373239296
395634064969175041
395561833991397377
395556365785382913
395556155160027136
395555711285207040
395546694735368192
395475209085784064
395474399136337920
395469748143939584
395465346398060544
395454439756034048
395453288557985793
395453061226700800
395451836972679168
395450882172915712
395449943949058048
395289493336772608
395289315951263744
395278788898340865
395267675779530752
395267607181680641
395205603905515520
395195683294429184
395148126971244544
395126161384038401
395121395354861568
395121364283441152
395121231764422656
395116496055455744
395116376085770240
395116210905690112
395112040827994112
395111985740009472
395111951120220160
395111761210535936
395111252613419008
395110668770476032
395110340293570560
395109282964070400
395108977488695296
395093904686448641
395093103964860416
395090380804599808
395087532314361856
395087176863449088
395082176846639104
394925683014905857
394891909359218689
394891869198766080
394891533683818496
394891355841122304
394891278066155521
394890392552103936
394889768301260800
394841668488556544
394841341378953216
394840717400735744
394838553659985920
394838257416302592
394744248266153984
394726203946700801
394725764178137088
394597498074841088
394582452859314176
394582206058102784
394578273910673409
394575383255068672
394544238358458369
394405117866561536
394396696819822592
394385671756197888
394364933082599424
394364050832121856
394363329449570305
394359867277721600
394357553783910400
394355929195745280
394208636261920768
394195333804478464
394194329973313536
394193826354843648
394192625043275777
394162145925267456
394107679763103744
394106908719984640
394106382028664832
394106020576112640
394105945925906433
394105647937384449
394087884544040962
394087559179296769
394078264899436544
394016143956254721
394014626977181697
394013691714482176
393868226897412096
393818300188491776
393817147891539968
393816914839224320
393816675055067136
393724119939702785
393371631898226688
393361461810298880
393355372104126464
393309062987018240
393308991465742336
393292810470064128
393285754690220032
393275299531882496
393275122968449024
393274141987442688
393273724335816704
393113646085443584
392907672288526336
392907650113208320
392774538335092736
392774469825339392
392774079260155905
392773170601934848
392771906786852864
392741418865029120
392741316112949248
392741230834356224
392741146541441024
392736586934542336
392736450640633857
392731988865851392
392721552174632960
392659550366490624
392659465855438848
392658883384061952
392633023704739840
392389113426767872
392344589295968256
392344072352202752
392338227929292800
392308252538437632
392303010543828992
392291927984308224
392280221610958848
392242008800374784
392239602582695937
392239176357511168
392239107428335616
392239095441002496
392229484428267520
392215055712141313
392211879025995776
392211671219195904
392184340563906560
391980731062575105
391979427078631426
391943664865669120
391856883629580288
391856278903205888
391855772180938752
391854488094388225
391850852551766017
391670429607526400
391667596380352512
391667398321143808
391665415048667136
391662038105460736
391644721149665280
391631509993836544
391614479857123328
391614146565111808
391613489313497088
391600842450931712
391599763646611456
391590885244555264
391585021548847104
391584278385283072
391582313865555969
391577880691736576
391574460308135937
391568688970997761
391568502957801472
391312408238915584
391269657501794304
391255098686717952
391220948931969024
391220896100528128
391215209630937088
391215105582841856
391208574002950144
391204194738515968
390969712152424448
390969048671854592
390948155996798976
390921157362614272
390917098090012672
390893896374702080
390893728183095296
390893351018725376
390856739975102464
390812959116509184
390812129118261248
390811887375376384
390811448714076160
390801292094091264
390756893217800192
390575785788309504
390553628098170880
390551586701070337
390443263166910464
390442652820193281
390442119032094721
390440867930308608
390427616584282113
390427317249396736
390426958758432768
390426818550829056
390426362227347457
390196004295049216
390194949888946177
390193577151959040
390168853822861312
390096583984824321
390092892666351617
390092817386594304
390088809180061696
390088513758441473
390085949083750401
390085771102658560
390083647039995904
390060776628555776
390060469144141824
390038852695773184
390009941517672448
389887826256752640
389822826708234240
389822396817211392
389822122656555008
389821973368680450
389804394998693888
389786019534745600
389785958973190144
389783800109998080
389777590551994368
389777509165707264
389776843793895425
389762013565423616
389750460451946497
389733532529987584
389732843602968576
389732122493480960
389731887813365760
389695291521122304
389695203885330432
389691337815392256
389690875686576128
389690623256576001
389690358566625280
389688863993507840
389687632177164288
389679766065790976
389679348066041856
389678919664017408
389678895408373760
389676342792704000
389502224973721601
389482779681259520
389482514710269952
389477533810712576
389476194938535936
389474423813967872
389474344529039360
389473215963484160
389438737752801280
389437969054322688
389378177321426944
389311812908625920
389311212166848512
389288253062656000
389288074888609793
389287617625198592
389283698568593408
389283287468085248
389282733358194688
389282560204750848
389282338414157825
389281955784957952
389281810808864768
389280689633656832
389069446415130624
389069281272815616
389068753264459776
389034261741068289
389006192024227841
388748014946648064
388742513609428993
388676062194184192
388675209550516225
388674657609859072
388591282932961280
388389160027193344
388388911174922240
388334253798621185
388333550891986944
388318298179645440
388317870104784896
388316640687181824
388316227896360960
388290828033990656
388290707636514816
388277085187612673
388258907577020416
388035257821577216
388025842003378176
387948410826805248
387906870088056832
387905379398463488
387905249236615168
387867146434277376
387861533436678144
387861385641984000
387861084373528576
387860628087775233
387860496109821952
387586439849865216
387574904373006336
387574251890683905
387573266732179456
387521138495995906
387511240303452160
387511067166773248
387502622984663040
387497306406551552
387497195949551616
387268014913388544
387247045993435137
387246606598172673
387218036278960128
387216827643748352
387161743744454656
387160688688246784
387160437155827713
387157908569337856
387142030679232513
387129086448906240
387125819786952705
387125118952300544
387124893642686464
387124619393925120
387124512246206464
387124471376904193
387124375725813760
387124072452476929
387123815266152448
386869957201788928
386799981396758528
386770823316766720
386770504599998464
386770216015114240
386471613317005312
386471453040082944
386471271292473344
386420561141698560
386420278446018560
386213825890234368
386159711667908608
386143282398773248
385862350697680896
385862135026159616
385708556994895872
385708174524690434
385689661462839296
385497563350433793
385451370570350592
385450580648689664
385450391493951489
385450040078376960
385449662737833984
385440916670263296
385434606352498689
385434380883476480
385427793615794176
385427240559054849
385425384919277569
385425338601586688
385424635690766336
385419995272208384
385419962107846656
385407886530469888
385401749869432832
385401497783394304
385401433275002880
385401368259072000
385388255107371008
385388053365530624
385387824339771392
385385516893360128
385381548604030976
385366691594895360
385366423989915648
385366272651034624
385360717945524224
385360184253874176
385355346434600960
385354818875031552
385324138053001216
385316680781807616
385314648792530944
385295608342249472
385295351994785792
385286247423688704
385285325352091648
385284487502135296
385276976485109760
385276030061412352
385152451760103424
385152284730331136
385148608359575552
385148366314696704
385140335057600512
385140266652692480
385140190958071808
385139663213969408
385136953844584448
385136763288956928
385105222928187392
385105040727638016
385103610172162048
385101896278884352
385099870140649472
385095659139108864
385095399943708672
385086954381246464
385086892246859776
385082242961510400
385038605435301889
385036056212819968
385033877036994560
385033516905660416
385014247627161600
385013847264092160
385013492987998208
385013150787330048
384978395639345152
384976622992240640
384942816155426816
384929781319749632
384755080261804032
384749184471289857
384748869206433792
384747716267753472
384744981979623424
384744434535260161
384743875006701568
384742248531120128
384741779939291136
384741458689134592
384741324957954048
384739023467868160
384735874149523456
384715349373239296
384705062662316032
384607837110145024
384599018078498816
384591779451772929
384591318791360514
384590134290948096
384589433540194304
384405686601670656
384329765450420224
384223935673671680
384223730299584512
383904276688670720
383864916446568448
383677107286847488
383666696680382464
383490303526965248
383487314418483200
383487002492301312
383348834262614016
383348077446565889
383344767083745280
383306983983837184
383306944662224896
383253606813954048
383237924500025344
383235801095499776
383196309370322944
383189128042778624
383188643189637120
383188146135248896
383186787830886400
383186757954834432
383149090898718720
383148277820309504
383146463280500737
383129673485389824
382961219852050432
382948307590733824
382900084197040128
382899942907736064
382878143704334338
382878029149519872
382877775872262144
382767398144995328
382595208900513793
382594452566855680
382594226737119232
382593846296997888
382593638909616128
382476070995247105
382464651872972800
382439583557771264
382439031897743361
382414589339906048
382413986798792704
382413936379060224
382262426533916672
382256340418437120
382256148881367040
382255032609296384
382254879928233984
382254189143134208
382254094821650432
382254042044719104
382111639853879296
382043038945931264
382042973317652480
381873940278550528
381871273451995137
381871137204219904
381870913400340480
381867385688702976
381867079261229056
381823703711223808
381804538090758144
381804242199404545
381803996136370176
381792078596153344
381785034027728896
381784955996893185
381779439283367936
381777361530028033
381777112602263552
381772447458275328
381763034920001536
381762228929970176
381745800533278720
381727964607832064
381717608644767744
381711742159831040
381710296983011328
381705970210340864
381701412251774976
381693438359764992
381691288313425920
381684499882708992
381682168017059840
381681945429962752
381681712058867712
381681635483459584
381670923411406848
381668538832158720
381511468585615360
381511058357501952
381508036084633601
381497796920352768
381475513203949568
381458047069343744
381443250399485952
381442479335419904
381441312513617920
381441174034460672
381440989266993153
381413151234719745
381407641001787392
381407359085850624
381404825420066816
381386202089525248
381380615826055168
381380297293824000
381370279962083328
381362314441920512
381356316943716352
381356139084263424
381348458588012545
381331656411344897
381322824415444992
381321727395246080
381321025411383296
381320533625024512
381320253021511680
381317032265797632
381312588883435520
381312241087545344
381312075987165184
381128837117267968
381127396579364864
381126349374902272
381122377364815872
381121756997885952
381114000718954497
381113894573703168
381081882425065472
381079020282314752
381075859500961792
381069521374961664
381068356113432577
381067911529373696
381062278118137856
381057012358189056
381055606259728384
381051454091702272
381050023683051520
381047208004812800
381038547001946112
381034596756099072
381028234449915904
381028189503774720
381020241759055873
381015769922166784
381011135547580416
381006327096836096
380998037063360513
380997624637456384
380986756579201025
380984279767187456
380967864444145664
380967490589061120
380966195807387648
380965384511553537
380964907552083968
380942354716569600
380810041747849217
380805060143611904
380783938765336576
380764912957788160
380764221749071872
380757787292483584
380754684010835968
380753701750964224
380753341644800000
380744919633367040
380744495169830912
380740490729381890
380740446085214208
380740100763971584
380734478987296768
380731570652725248
380727968714076160
380727276943704064
380726194884608000
380725680209932289
380725407857004544
380718113819738112
380713112862982144
380696928855793664
380695590000418816
380693752375181312
380693072566558720
380685150159654912
380684989232594944
380684764237557760
380682284254658560
380682102725173248
380680401955467264
380678891880603648
380677728288387072
380677337203081217
380671085081296896
380670095456223232
380669755889561600
380662445179928577
380653995129176065
380648173121064961
380644959936061440
380641141454290944
380641105903362048
380636187054333952
380633730253328384
380620218516897792
380616019590774784
380608991166205952
380601783108005888
380590670660247552
380590279444934656
380578328455155712
380572908747501568
380354924561047552
380351790874898432
380350661365612544
380337719211491328
380333636362313728
380332696251432960
380331943222857729
380331864986497024
380329746049282048
380329499143180288
380329305773199360
380328479830855680
380328221537218560
380327831211114496
380281594525024256
380281564149841920
380218925738651648
380215806254387200
380210776143052800
380210091477442560
380072589038600192
380071881820606464
380068625010688000
380065103380770816
380064763826282497
380057689902288896
379988608171909120
379976875546009600
379972806869790720
379972561108738048
379948691274350592
379948077144342528
379944807206227969
379944156422234112
379938971478134784
379938194705633280
379929425632305152
379929133213839360
379917173311156224
379913925271494657
379913054328487936
379912055160963073
379906578121752576
379906282968584192
379905927010611200
379903779711504384
379895637959245824
379894288169332736
379891304685395969
379890937646030848
379890442462318592
379889740834955264
379881777093173248
379875001794822144
379874771200397312
379874742867881984
379873997963661312
379873617666146304
379873387528855552
379871920113860608
379717277136203776
379684699746344962
379684360636874755
379684247432597504
379679042779508736
379672019056734208
379671291936407552
379669095236796416
379663579504713728
379663335249440769
379662268314976256
379660836698345473
379657163192676352
379656812058128384
379643475287080960
379638436229308417
379638211079049216
379625592913944576
379619553460109313
379618873630531584
379611039865651200
379605799280324608
379602844057604096
379602471515340800
379588635081048064
379587796937478144
379587107196375041
379586781416411136
379580532159692802
379574069366390785
379569910113783808
379569073946116096
379564261762416640
379561938730364928
379557981823963136
379557905475055616
379556204751888384
379556000887762944
379555711564668928
379554857218502656
379553001922637824
379552994477744128
379541298916913152
379541221427130368
379537700749312000
379537476060475392
379537160728510464
379525899731075072
379525742948012032
379524673526325248
379524672347701248
379504975606726656
379504100481564672
379363466689388544
379363288393723904
379351808898260992
379350944984862720
379347744839974912
379335854525022208
379335623620177920
379335182211239936
379329417622745088
379328140704628736
379324576964280320
379324046795870208
379322606908108800
379313196471173120
379312047445790720
379311691160633348
379310817277390848
379309035528675328
379297336100659200
379297028796583936
379295823219417088
379295383362752512
379291827473743874
379287688161280001
379282030766612481
379278994304016384
379277164266663936
379264602565279744
379260137472401408
379258846285692928
379249565318516737
379249266788937728
379249097397784578
379248338014842880
379247378983034880
379246642027036672
379246496514068480
379242363119742977
379241963788443649
379227878954909696
379227479451652096
379226806299402240
379224765476925440
379224178278531072
379223591096942593
379222992280387584
379222694052786176
379222448245587968
379219726012260352
379219363683135488
379218139890061313
379215032653213696
379213619105640448
379210937225715712
379209293721251840
379209028750290944
379208954343354368
379198595431673856
379192963227975680
379192843036033024
379192776375951360
379192327446994944
379190743614898176
379190418166255617
379188097717927936
379188080600952832
379183694185254912
379180620754063360
379176973622579200
379171353775308801
379169454338215936
379167398018166785
379164138486128640
379163832352243712
379163523211067392
379163310434041856
379160614389968896
379159942093348864
379159558083870720
379159381323288576
379158243798691840
379157424672079872
379156518425600000
379148796649046016
379147327870877696
379147045531320320
379146553463947264
379145357026131968
378997628048277504
378985341547728896
378981241715830784
378978303669207040
378974684735602688
378973307837890560
378969973693358080
378967187509100544
378966132444921857
378965906086707200
378955125106417664
378947482103087104
378944954019872768
378942996399792128
378942873053712384
378942496858193920
378938270614573056
378930335389868032
378930018715709440
378918768938090496
378904579657977856
378904468185964544
378903281218908160
378900670642126849
378899223863119872
378894069604552705
378890737880158208
378889468478230528
378888718784163840
378888605131100160
378874670306828288
378871865525436416
378867531072933888
378867205716582400
378866929597177856
378864258798600192
378860449204568064
378848870266331136
378848782781530112
378848051211030528
378847920696860672
378847738047528960
378847402167631872
378847076849053696
378846286528917504
378845337269833728
378845044167675905
378843052124938240
378841914596147200
378841662644297728
378778110679719936
378770721025302528
378620915619491840
378611152206704640
378606618813800448
378592437574193152
378528000784224256
378524452356882433
378516843402899456
378488276291559426
378487665005326336
378486134235357184
378485679681830912
378485398097240065
378484914863091713
378484565620162561
378482505655267329
378480492393160704
378479511680987136
378479041075888128
378478308955914240
378437613050679296
378420921570439168
378415965014614016
378415791773061121
378415531743019009
378403755282415616
378403206046687232
378292030952456192
378276254895837184
378276216366964736
378275968475226112
378269122377035776
378256032411418624
378247127149056001
378246548326715392
378243338727870464
378242925169483776
378242170157031424
378240728083996672
378240539084476416
378230572096970752
378229295631847424
378228295672033280
378221603576119296
378214108916899840
378213567339966464
378211661871841280
378201478445682688
378201424217513984
378199613825892352
378198491669233666
378123158085435392
378123049473937408
378121932371427328
377887386140958721
377886421878861824
377872465646850048
377871453594849280
377870955835838464
377870682061017088
377870350249648129
377838256395927552
377811670867136512
377808489709834240
377808430725341185
377785652794122240
377764127361748992
377762991389024256
377739294904840192
377739070245318656
377705791564050432
377543018967871489
377531294667640833
377530287854350336
377530009168379904
377529897138536448
377529625708335104
377520478283628544
377512537165922304
377512283540570114
377509184193183745
377509082720399360
377508956325052417
377508548953268224
377507710306385920
377507423072047104
377507395595165696
377507306269057024
377501144266055680
377491799725858816
377488948790300672
377487719683076096
377464145962369024
377348847657549824
377348650923741184
377333354800369664
377178946439507968
377177880339681280
377177637728567296
377176968388947969
377146458631573504
377145858187210752
377145228517720066
377090157427830784
377049179862073344
377048270650220544
377047238792728576
377046816745070594
377046773975744512
377046545402957824
377046224027000832
376991360777457664
376973091991486464
376815149518434307
376809931506475009
376809757929373696
376809681026830336
376789457095385088
376778332517728256
376777987037089792
376777823996112896
376776606267617280
376774918299721728
376774866256809984
376774695376650240
376728440810266624
376728403048943616
376713070686785536
376687227650060290
376685746767552512
376685688542216192
376684623054770176
376683355674513408
376649045508644864
376615945243869185
376615591542411265
376615395781640192
376448929178845184
376447785635426304
376447740731203585
376440542902906881
376438316549169152
376437365386256384
376433412766441472
376432603785875456
376432446231040000
376432152512311297
376429079299620865
376428822125883392
376428131638591488
376314469032669184
376313523489767424
376303597912588288
376279048068300800
376278912373780481
376275006738931712
376274804380557312
376274086579961856
376273309098573824
376272351174066176
376271137900363776
376270410381549568
376265101906804736
376265055131930624
376255505779683328
376065288095023104
376064098888609792
376046705633808384
376046451320553472
376033014448672768
376021516284362752
376021383706587136
375921796526010368
375914658512633856
375891257828319232
375888974667341824
375888191632707584
375887933783674880
375887800627109888
375887146080825344
375886821420724224
375886522949832704
375886418008342528
375885829136457729
375865701707558913
375647004166479872
375582967747596288
375562890981289984
375562836212068352
375548638803808256
375545780515647488
375540831941173249
375493866935574528
375368457849962496
375367927115292672
375362143367221248
375355643160690688
375355382312742912
375355338805231617
375295392776470529
375157309707943936
375156840637935616
375156017707114496
375155943707000832
375140246406828032
375139990839492608
375138119063851008
375137534436990976
374950451709755392
374938184859144192
374936963201396736
374877920428568576
374801241186267136
374797393406857216
374796604273733632
374639551681396736
374632329723256832
374628242428162048
374612234682769408
374612024430718976
374576415322411008
374571969372758016
374526616653029376
374507902931075072
374451099388088321
374449770385145856
374443998989266944
374433588353449984
374431216612966400
374427730529771520
374422244615000064
374421633580421120
374274031534764032
374273256838430720
374272819225702400
374271969132552192
374271026638888960
374266517674008576
374105941035450368
374105718468915200
374070637675175936
373913957410820097
373908304474693632
373906703911497728
373906348620394497
373905667234754560
373905032615579648
373902886952251392
373902559645544448
373902339440398336
373899524630388736
373876557028540416
373870566417379328
373861013223124992
373827396048543744
373827208705744896
373795729887997952
373795265276563456
373752318715785216
373752281122238464
373494612679487488
373476668591316992
373476362394533888
373469542116515840
373465389331918848
373461413672796160
373461159682535424
373460807260332032
373453928350093312
373452821045469184
373452214909829120
373425474791567360
373405245143252992
372841577208905728
372836811363844096
372836400984772608
372833423385452545
372701721447137281
372654949060313088
372654691240255488
372654160560549888
372473777625374720
372410302119546881
372410194464350208
372333332128083968
372332893412261888
372277519313305600
372276598080548864
372276347592511488
372261787867299840
372255551813853184
372255208950472704
372254481444249600
372249956007940096
372249776168779777
371713362251362304
371603838677311488
371575131589464065
371574789787619328
371574338908352512
371570320433766400
371334139363876864
371332495771721728
371309406144987136
371242903630544896
371242648708734977
371240791479705600
371197812564062208
371195352072069120
371193744508198912
371193389997621248
371193125588697088
371036223781240832
371035988577251328
371033317141127168
371033223587188737
370991823285932032
370990702693728256
370988898719383552
370903242466947072
370902939457835009
370892014591950848
370844465793355776
370843012299239424
370842522995916800
370842361892732928
370841778200408064
370841472850862080
370840741641453568
370833573974401024
370833375139229696
370827941217050624
370807335650091008
370806996003733504
370670785553530880
370663602698469376
370537107346825216
370483518130126848
370453628365975552
370453237679554560
370449650207051776
370250860863172608
370185454244880384
370103855146876928
370095463413719040
370088851009966080
370081059062300672
370077128001589248
370076774354653184
370076660538015744
370075348680994816
370074848401190912
370074077320728576
370073621198544896
369880518374211584
369806910469705728
369732922619621376
369717905077719040
369716921530585088
369711851808235520
369711233639124992
369709829004480512
369709481598283776
369709275972501504
369708943117144064
369402986683838466
369400138860888064
369399996241547264
369215637123379200
369179217428086784
369105807830286336
369006593678905344
369006149346930689
368820970103926785
368671017289281536
368668372537335808
368666842845310976
368666614058602496
368651977862815744
368651672102264832
368650817571532800
368298993560084481
368292759788343296
368273243939291136
368271376664506368
368271179658059776
368271097919455232
368269849312890880
368261059712667648
368260583382335489
368060220167438336
368027349998391297
368027136441221120
368026496147136512
368025977022332928
368012742600695808
367895411639345152
367894916195573761
367894623672217600
367765080722898944
367764490630463488
367763843726180352
367762949450244096
367736257524162560
367736181825368064
367667570406461440
367667480224731136
367667471660355584
367629548390596608
367629122345791488
367628507888615424
367628102932774912
367617189337001985
367616799367364609
367615515356700672
367610365896425473
367604254112247809
367581704979881984
367581552097492993
367555540547026944
367551579093614592
367540962001952768
367540532937240576
367540375780880384
367521753830273024
367374582736769024
367297543669305344
367288130980048896
367284520912826370
367284473798205441
367280143871389697
367279704497074177
367267622997331968
367251117144813568
367222083384004608
367201433059602432
367200639614726144
367200345413660672
367042024404295680
367036563915800576
367036206091354112
366951699774058496
366950750003269633
366947358883332098
366925332743348224
366919949823918080
366909734353256449
366890168575213569
366889901322551297
366889810675236864
366848921198272513
366846840341151746
366826898220777472
366669020570722304
366572585091211264
366552604957872130
366479518908694529
366245615832801281
366245597054906368
366193063934177283
366192842567192576
366192118147989506
366188851036815360
366188603220566016
366188207886446592
366186105088905217
366185744454266880
366126016982286336
365898500757667841
365813891793563650
365813448203972609
365808334642745345
365802386356310016
365802126657593346
365798958032883712
365760941733847040
365593433106157569
365590613833428992
365589614049759232
365587691095597056
365587135706836992
365586545211736066
365568049996238848
365567854164197376
365567738262978560
365554314720186368
365496628137828355
365495660570607617
365492991634313216
365492712075567106
365492477777559553
365492351424139266
365433244054859776
365432974080086018
365429276494938113
365408087458316289
365407422128459776
365374753881600000
365373861589553153
365364030984036352
365363508310835200
365226193890443264
365225531421102082
365225334355935232
365224715960332288
365193808243204096
365193543398080512
365193319015391232
365193038785552384
365099746530045954
365098724952772608
365098505267716096
365098227927760896
365098193630932992
365042128843317250
365041967681376259
365041894096519168
364993401478848512
364992998225887232
364992827983265792
364862638112911360
364824107323367424
364787760420225024
364721958606221312
364363070065639425
364362367909371904
364362101201977344
364360655928692737
364354792782848000
364354566487150592
364354415165046784
364294311732846592
364094659586719744
364091875399303168
364090869995298816
364090665225175040
364090478423449600
364090366602911744
363934960316862464
363671396268122112
363637884785803264
363629389134974976
363574353117458432
363293734827343872
363293070004981761
363282467706241025
363258719519248384
363224161314803712
363223783764918272
363223724566544384
363210840566403072
363210245151014912
363210061113339904
363209146486636544
363206676893024256
363206418452578304
363205871440248832
363063263010893827
363059764441255937
363059407850315776
363053526030626817
363053153778159616
363052648574251008
363052588180439040
363017725800488960
363016524279595008
362970361127641091
362970057795969024
362969972139507713
362969574611750912
362969308454191104
362909067930378241
362903387953573891
362902512006754304
362856668737978371
362856579261292544
362824785090183168
362823452635312128
362690891619631104
362687849352929280
362665768481079298
362662875514814464
362645658094043136
362645500165885952
362645267083821057
362608475588673537
362559090376974339
362558856800382976
362558321170984962
362492601414328322
362486338928377857
362340694553149440
362340048936517632
362335554211282944
362335060843692033
362331803639484417
362331756042534912
362331445743722496
362329706051272706
362329480078962688
362328963990814722
362328553590763521
362250223340371973
362227935970734081
362180215910309888
362167680737882112
362153184921264131
362152771023147008
362130131948548098
362120797994754048
361846994811109376
361845725916704770
361845547440697344
361843998060580865
361827312141996032
361827223780597760
361823669871321088
361816493421367296
361762734272032768
361759353969192961
361547914650198017
361547594498981888
361546975939805186
361546905815220226
361546459272843264
361518376960524289
361517998684643329
361517162696945665
361476405021769728
361475360820428801
361445050955214848
361397640740618242
361397330898993152
361396857290768385
361386391780859904
361208576192151553
361203908275732480
361200979519078401
361200128712904704
361183168428118017
361095104217350144
361038338783850496
361038134638682112
361037883630555136
360780913895944192
360519704642719747
360519422592565248
360518305888485376
360516924360245250
360516661746479104
360516222485401601
360444565892767746
360324718605262848
360320131043295234
360163310223630337
360160606017433603
360160218606354434
360159378466275330
360158804974907392
360158519330217985
360111664105922560
360109918885380096
360096380724854787
360091369554980864
359756468922232832
359754548379795456
359753371319664641
359752791931109377
359751203963408384
359745934105645056
359718442753998848
359604011474747393
359601783825375232
359601487971749889
359601088590127104
359600714470801408
359599065694093312
359597953243029505
359597244581806081
359593449583951872
359578903787999235
359352151467769856
359314805716701184
359314439461679104
359314360776548352
359310342385451010
359309379616518145
359249270060228608
359247269096198145
359247059997573122
359246775128842240
359077558488285186
358968281794740225
358848864809271297
358848400693149696
358710072006172672
358608905070714880
358281742240579584
358281537558548480
358280814657667074
358280425045000192
358280333986250752
358229183904092160
358188141884084224
358187846739689472
358115184058966016
357991697298374656
357989999146319873
357988192408338432
357900729861672960
357869649477640192
357867045225902080
357848243494858752
357848026800340992
357847554127446018
357797822415896576
357797414092021761
357431914879123456
357429198438137856
357428698376454144
357428477466644481
357409262852517888
357259184254889984
357259044878168064
357258661430706180
357258514399371264
357258318265319426
357257686598946817
357255660146135042
357254846572793856
357240147802210305
357240008542912512
357239944252620800
357239726488567808
357239512230932480
357164665350017024
357114629241049089
357114422499610624
357075991383900160
357064342069444608
357064025407889408
357063855916068865
357047342664388609
357021791727779842
357020877809917952
356849440658694144
356834320289251328
356833926116933633
356819658600497152
356814500428656640
356796442851033089
356796227762925569
356795442840879104
356749065884676097
356719174640340994
356690604526272513
356668645457399808
356512392626184192
356510263752663040
356509414821347328
356380428535476226
356355685593776129
356343372400705537
356341897406586880
356341305556733952
356309874449186816
356307502012432386
356307312874496000
356307168313606148
356307072834473988
356307021416497154
356306247055716352
356306010534711297
356155128660770816
356154149139775489
356151415988699137
356149629567504384
356149516807835648
356148644786872321
356148318654574592
356148251189198848
356148156804759553
356147969709441024
356104881410551808
355792027495047169
355791722170679297
355791374077009920
355769696701775872
355700419592339457
355677298818682880
355661589732524034
355647062316032000
355646624581693440
355634586291683328
355633828582264833
355447550515490816
355446568456949760
355446248788082688
355445970491801600
355441625557766145
355326289500073984
355317771611025409
355314977676075009
355314832347635712
355272880709304323
355272459412443136
355249596294897664
355248717923758080
355212466126458881
355073282397044736
355037275865882624
355019382470094848
354974285888110592
354950622514122754
354950325809061890
354944332953956353
354944072215035906
354878402982981632
354878300222521344
354865393866768385
354713354272653314
354713201134411778
354683200330670080
354682633906683907
354645754456965120
354616984505294850
354526427099574273
354526338582970368
354515277108625410
354364113666838529
354360889090117633
354360650052534272
354360360351965185
354342632316608512
354333846981984256
354333088043638786
354333019022172160
354319056305795072
354318934465449985
354315381386653697
354294948096516096
354283163800973313
354281534234181632
354276560062267392
354274892927078404
354273534706585600
354272924636680193
354271745932410880
354270529219338242
354268049488101377
354243719945404417
354234809373048832
354233842258821120
354208723205505024
354193488260247553
354173149367115776
354172871213449217
354172701407068162
354172634495320064
354172496934731777
354164176282845185
354163619639984130
354163239434727426
354163068235816960
354161269756026880
354160578757005312
354159026604474369
354158405012824064
354147810700046336
354136813373374464
353938536908595201
353927528697696256
353925836602224641
353925308094750720
353925152116977664
353925048563798016
353924851465060354
353924581003780096
353923341343662080
353808310811639808
353802826205507584
353802672903692289
353438610671935488
353036072357335041
353035844682121216
353035468125913089
353035354913243136
352885626212855808
352885502506049537
352884701096189953
352847720593104896
352823649746685952
352821363951681536
352821288944930816
352803312199942145
352802801438568448
352797854261190657
352788307589083137
352787931469058050
352770368127250432
352704949630681088
352524723135053824
352503976949854208
352500958799998976
352457968991744000
352456360077697025
352456058167496704
352455933579886595
352432677506392064
352432594459168769
352432463492030465
352422638456549376
352422590205280256
352414377720287234
352402250032877568
352386704444887041
352374653425156096
352374523229773824
352374434373451777
352374066017079296
352311553422393344
352311482488328193
352184551705034753
352184356292395009
352181953027522561
352180237569765376
352180154304438272
352129547312984064
352120791229407233
352120657129111552
352027653525614592
352024691281629184
352024582204559360
352024239601225728
352021476741881857
351999234402291712
351999022472499200
351998810358169601
351998746608939008
351998714463780864
351819330771619840
351788425902432256
351785526342332416
351785337657368576
351781769663623168
351781690974277633
351728423741296640
351727771485081600
351727699418558465
351720745036034049
351719962148212736
351668308715638784
351653633953243136
351653323792855041
351652922876104704
351624559583174657
351348567400660993
351282744392822786
351262327397564417
350958819716767746
350958657833418756
350958279003869185
350958188817944577
350882019363930113
350734626257514496
350606971013054465
350604894878703619
350603386124644352
350578838272618498
350578530486206464
350577378520608768
350576567795191809
350573681950474240
350573481009741824
350572854598840320
350572507293691905
350572076115042304
350556813390909440
350360905936154624
350247750216060928
350228683967053827
350228103441817600
350227798570446848
350227505908686848
350227366464860161
350203175413886977
350202572809838592
350202532448059396
350191575290220546
350178272715358208
350158283576852481
350028990993534977
350028578538258432
349973571889664000
349929110090432513
349926328214110208
349897258361307136
349896583900442626
349896296909381634
349868474002186242
349867786140524545
349867628485025794
349867552723308546
349859326854303745
349858956585336832
349815872954712064
349815655123521537
349815475007537152
349586872240062466
349586653293191169
349586608120528897
349580759796948993
349580233994805248
349539820797820929
349536144951750657
349535303687614466
349535222934675457
349535111416528898
349534904003985409
349531618198831104
349511559451643904
349507780224360451
349506577293783040
349504165069852672
349503915131281409
349503716262547458
349503658389549056
349503609202937856
349498428562223104
349469180053045248
349442591261069313
349410028190580736
349278974213500930
349278280450441218
349277976677986304
349210031822090240
349132408928468992
349129382431973377
349077448073285633
348800308270481408
348743622419677185
348353880008048640
348353720892919808
348346538008907777
348345900726378496
348344575204655104
348344438046724096
348117823345811458
348065060343672833
348064455466287104
348049914372169728
348041709772492800
348022023747940352
348007654649630720
347840249407369217
347838884513726465
347838171276525568
347837301994450944
347837151959973889
347836979725090817
347836850142064641
347793370699145217
347793251547361280
347752568035880960
347752115323666432
347751437930991616
347750098685554688
347694591350292480
347694562342477824
347694179046027265
347620560534118400
347620328668815360
347599829247082496
347477600832204800
347477452790042624
347466046095097857
347465792301969408
347465691978416128
347458177677271040
347457858222317568
347352987414454272
347337983176880128
347337483530412032
347326431224791042
347326238672691200
347325113592582144
347280605676965890
347278348919115776
347273184392904704
347273050917597184
347272550356746242
347272389412941825
347257217029918720
347255927759585280
347255581515608064
347106287621914624
347069017065914368
347068978436378624
346981470860111873
346943076830420992
346937202070130688
346905775739904000
346741634941218816
346735927533637632
346735043672145920
346734535439953921
346699819567435776
346699434198970369
346699286353944577
346698637889372161
346683156256149504
346663658492923905
346660812259225600
346659604299669505
346642091264323584
346601828277968896
346586727097458688
346583976019886080
346583682968059904
346581211638009856
346578738621845505
346578516705411072
346564783849492480
346564236425695232
346542685366136832
345886319727214593
345885428957728768
345884786642006016
345884652810149888
345841738147053570
345841376581283840
345840936896577536
345840811558195201
345840811306524672
345840572503842816
345839739934478337
345838838293340160
345837889441107969
345812833994416128
345812576606765056
345812456582553600
345812023231270912
345804669093814272
345803421544222720
345802541860274176
345797961617387520
345612249349619713
345570177448022017
345536435769716736
345458373359190016
345456052935999488
345455358258581505
345451478040838144
345451364731727872
345450962036588544
345450721476476929
345450245750153216
345442757931839489
345439173378969600
345302748939558912
345300464780320770
345217019311972352
345208886397116417
345205325181353985
345204912960966656
345185668567285760
345177233930997761
345177010525573120
345172307486052353
345172006817390593
345148156230635520
345143651996934144
345135828135190528
345133439432937474
345124322471469056
345107425340305408
345106123147333632
345097144514007040
345093401521315840
345093079210012672
345093019801878528
345064926513074176
344932963429007360
344932710797701120
344918043798945793
344917479807676416
344917298106216448
344917135937658880
344909904919793665
344909228491816960
344816829518188545
344706992406941696
344706856175935488
344483712513224706
344473042979786754
344462113890246656
344404423147143168
344362422733250560
344206537989971969
344164682246025216
344164253760098304
344164109622849536
344130114247852032
344119633063845888
344119148080668672
344106661029502977
344086446833012739
344086194965053440
344074610637160450
344074175977230337
344073875140775936
344073569388609536
344030665861369857
344003675292844032
344003099033227264
344000569901449217
344000518659637248
343983808439267328
343850042022572032
343721963522519040
343691386060685313
343635020004589568
343634955076763648
343414792398188544
343414481239539712
343414077957222400
343410719762563072
343410563868667904
343405329591185408
343403772963336194
343366958621786112
343309133484802048
343308285958565889
343308023500001280
343304660628684800
342759366195298304
342759263858479104
342758508875378688
342758251282182144
342757963154468864
342757780035366915
342755363927506944
342684464889098240
342589780342755328
342586562732769281
342533433685323776
342328602446139392
342294481330135042
342264710789464065
342232625492148224
342033826480001024
342017884488339457
342017267795636225
341945205949333505
341821336638853120
341820454358622208
341665366310801409
341659170837250048
341595170560700416
341590973211611136
341590943910223872
341590714104291328
341539514268917761
341533505718722560
341533227749625856
341445175605870593
341137388531228672
341137260516880387
341137094061735937
341100434674561025
341100217418006528
340787558290173952
340767093744099328
340760185171742721
340537352147570688
340522264875368450
340518359873495040
340518025910435840
340516945516441600
340516620239769601
340516216970035200
340515766006857728
340494858730995712
340368308027146240
340368141567791104
340203532831571968
340040249503789056
340039508496113664
340019093518307328
340018440687464449
340010845641797632
340010391247667200
339867226930814977
339867072039358464
339866714818871296
339866500062121984
339866074029891584
339864461898821634
339860750958985218
339858981377949696
339858716629274626
339858070089891840
339857731445981185
339857549354467328
339857498674708481
339857110307311616
339856967646461953
339856929180499968
339837841817346048
339836588936798208
339827944929234944
339827735897702401
339752713418076161
339688940657328128
339680194497495040
339679806872494080
339672613276229634
339672192553984002
339447085155885056
339446988925972481
339103722401562625
339103156829028352
338925286265585666
338625796916801539
338621861208420352
338616119436922880
338593951969837056
338593862970908672
338593502206259200
338566442851110912
338221682877689858
338033972581920768
338003189360107521
338002475359563777
338002072408584193
338001889813729280
338001233447120896
338001024390422528
337979614255259648
337922270548856832
337904104133234688
337893323824058369
337893075424780288
337892779369836544
337892642874597376
337892515833315328
337892423579611136
337892135003095040
337841909248708609
337809859946885120
337809066107731968
337808782996426752
337623283547652096
337623059592785920
337569189617348609
337559998861303809
337500740996169728
337500533130686464
337500383431770112
337473809496023040
337328579455090689
337328460303302657
337327141907730433
337310452004569088
337308919980511232
337308351765557248
337300393983877120
337298631122116608
337298245728485376
337298095366864896
337296543575060484
337281955794141185
337278894581362688
337265772369940480
337257533225979904
337257419707142144
337217063380713472
337208531537235969
337208165294809088
337203500868071424
337203136089436160
337202845088620544
337177533831327745
337176941373300736
337176653795057665
337143524036317185
337143399310311426
337143380977004544
337143310483324928
337138410579976192
337138105989603328
337124645394345984
337088849241067520
337085071150444545
337084769865175042
337084631977455616
337084192364036098
337084155533869056
337083563910496256
336958904854519809
336957360822169600
336951776337088512
336951613283512320
336946351101333504
336945714179485699
336944676106022912
336942323621572608
336941145118629889
336940884547469315
336877561260961792
336873515401740291
336829656483364864
336829264219484161
336827584279097344
336744744610836480
336581384011407360
336581125487079424
336576486339387392
336532078931886080
336516299612106754
336505596134174721
336500140389040128
336451646257262592
336449509573947392
336448445793579009
336443208114528256
336419591003725824
336419225805660160
336410580959248384
336389743426301952
336384978826952704
336384881972101120
336229970814857216
336087152574222336
336081735085346818
336077291694206978
336049979040862208
336037414856437760
336037147477946368
336036969039675393
336036547499536384
336036143449665537
336036032300597249
336035826439946242
336000403965620224
335876772463771649
335876549649768451
335876404753358848
335871851890884608
335864142961459200
335857964793602049
335857923324518400
335857629815508993
335854641633951744
335801872298409984
335797572964868098
335797372405821441
335796590730149888
335793355562823680
335793216249020416
335789442642096128
335740564974739456
335729321358540801
335728030683119616
335727617787441152
335725558019268610
335724966198771712
335722321883041792
335721712048029697
335721553889198080
335720895475752960
335720042605985792
335678912602451968
335678876581769216
335678453464571905
335665930942156800
335501743788023808
335498354085728256
335497327831838720
335434649323044867
335433899285037059
335402618572640257
335392717318279169
335379624844480512
335378390347546625
335378109304029185
335363641115295744
335363499943411712
335363498752212994
335362882189553664
335361962500300802
335361128702042112
335348142448988162
335340025136943105
335339540845830144
335339103040200704
335338854049529856
335338060084559873
335337977117024258
335337702335594497
335109678566604801
335105190392897537
335104892895117313
335087807490052096
335050532613922817
335045256435355648
335044263735861248
335032164091580417
335031166207934464
335026220217561088
335025413338324992
335024489249259522
335024203139002368
335023808069107715
335023535888154624
334937391561334785
334936584094883840
334936531137613824
334929819018096640
334780084776996864
334739005943971840
334737349923717120
334667300076654592
334604797061767169
334579768433455104
334579688087371776
334579489570947074
334579359379759104
334445986380394496
334417513062469632
334405586391277568
334405283671597056
334404562494554114
334403923475566592
334374914691829760
334374620234928130
334347739993366529
334347428272693248
334306802198011904
334297453610270720
334271851817734144
334271391740338176
334271127574695936
334270821541478401
334270271689216000
334224635312881664
334224451027730434
334224387316252672
334224241950081024
334185769990225920
334047299112153089
334025780533280770
333954821826691072
333952445849956352
333948071115358210
333947960951980033
333947539218919425
333947238290173953
333947106316410882
333905503564484610
333893681058824192
333875779760959488
333873045846507521
333861501934911488
333861050975932417
333860841965367296
333860747086020608
333666600458797056
333666070856597504
333574071965073408
333492972932976640
333492536343670784
333491911438512128
333230639363022848
333229691953635328
333224522939502592
333135053070667776
332874933027864576
332858302037901312
332840595435421696
332840390434619394
332840116022300672
332839970404450305
332839470120435715
332827909922357248
332827252872069120
332826203188781056
332825938888900612
332825702640517120
332803712089219072
332760843680878592
332760453354762241
332760204921950208
332759925082177536
332759748317437953
332605267579658241
332604938087702528
332604729798574080
332591816299913216
332589525127798785
332530529893236736
332433226754846720
332432575752720384
332432338250248192
332413400485347329
332397601859178496
332394378263928832
332393961253650432
332393828541685760
332393652699688960
332393181498994689
332194484853043200
332176361638739969
332175900231733252
331778090147647489
331767772822511616
331765610910470144
331760919224934400
331759102369873922
331733605166501888
331733089778798593
331732876561375233
331703776593473536
331647437959737345
331510017054363648
331334896326955008
331148356158115840
331146994036912128
331020841984860160
330988068263829506
330805681177374720
330805193891540994
330803822324744192
330726541048811521
330716839170678784
330700144309846016
330616516796088320
330616104110129152
330614977952104449
330334317966405633
330308245560385536
330285124140814337
330284846154932226
330283620738686978
330283334884290560
330274069670924288
330273650915815424
330079077937586178
330054795144593408
330054467963727873
329965447606841344
329896617593405440
329871934412173312
329871283330367488
329870098254921728
329865183898005504
329674778128556033
329673851904598016
329640728122753024
329632738770554882
329632314000809984
329632125164855298
329631707936468992
329631029063200769
329519716957831168
329511320397430784
329506041161187328
329336481552400385
329328236414783488
329283524056207360
329283094970523648
329282845761740800
329262524061061120
329261470816817152
329177869542621184
329149586021175296
329113203453870080
329113069848510464
329112946208808960
329107948624306176
329107495853371392
328989958536826880
328988993586884608
328986585204924417
328985994646925312
328985803164352514
328961290217328640
328789627752304640
328789412647411712
328526979320139779
328525711654649857
328450191617314816
328450020145770497
328449842751873024
328437656465846272
328437448428371968
328437129090838528
328437094575906817
328436868133818369
328436741209985024
328265698067509248
328076934435180545
328076641219784704
328075544652562432
328075331045048321
328074708211875840
328074120128516096
328073593504292864
328072286039068672
328070502092505088
327800901446270976
327758909739761664
327745382643798016
327692565245751296
327684599884959744
327679949014188032
327679805321527297
327659200077524994
327538063049883650
327537143088041984
327536084684791810
327535877758787584
327534037893804032
327533608724201472
327510665302519809
327495125137768448
327466710846300160
327465733183381506
327435559066796032
327432135411630081
327425141401329666
327412517242564608
327364086478290944
327326548074065920
327326424123994112
327326152156917760
327326098318827520
327325194911899648
327324826375184385
327324565149720576
327324422828597248
327324158549716992
327322977987350528
327315921272188929
327183582974058496
327175477179588608
327115465333805056
327053530957479936
326987177269534720
326986076025659392
326984973548654592
326973646604214273
326971778876461056
326963767793549312
326963643520516096
326963001435488256
326962579928936449
326962133726273536
326961036483784704
326815331001708545
326814517470310402
326809617013276674
326739619158839299
326737237192617984
326737108284882944
326736627051409408
326715637621719040
326713345719816192
326712763630116864
326712349501296640
326712348272377856
326687526041579522
326681311064498176
326676682931060736
326629798132736000
326609823917543427
326601289041604608
326600857862938624
326600017798373376
326599709059858432
326599130283659264
326598841900097537
326598633229266945
326598565445136384
326598042012745728
326572232207900673
326413507652358144
326379032860049408
326363000833454080
326360371201974273
326360314616635392
326349326844559360
326340872734126082
326319031957200897
326278489063948288
326277530766176256
326277281100210176
326258064875462656
326238697353793536
326238431615270912
326238370093215744
326238270759505920
326237999140597760
326068580867252224
326058078728503296
325697028753616896
325617857109053441
325603689979064320
325597383633276928
325530954254929920
325499734955552768
325327619409207296
325273846162792449
325273348923850753
325243142746017794
325172098337218560
325159621121683457
325147611277451264
325129029231456257
325121133252861952
325121007088185344
324981813112098816
324981699127697408
324977472737275904
324976026256015361
324974891860369409
324973860141277185
324972534023991296
324972164786823168
324885318132191232
324880753185943553
324880322707730432
324878747931127808
324878682546135041
324878473179045888
324877714748239872
324863631667912705
324863512021172225
324787904113152001
324787829194489857
324787568237506560
324786406113308672
324785892931809280
324636491810762752
324626600299724801
324616210291494912
324599742057287681
324598688288763904
324598386030419968
324560043209003010
324559661007249408
324550214683881472
324525517611073536
324516334979387392
324515495594311680
324515238957420544
324504786567303168
324504280897814528
324494505501917186
324494083198443520
324491575579275264
324479902210461696
324460246603022336
324450622868946944
324445988469231616
324445304080445441
324269747883618305
324269283548987392
324252474045255682
324219668468490240
324219565242470401
324200266654154753
324200265190359041
324200258039070720
324199825727950848
324162525937664000
324073402069553152
323889679453802497
323883140437385216
323795370503192576
323794752753512449
323784911226040320
323710343706718208
323548716407611392
323546415479521280
323423884651147265
323422529718992898
323421593382559745
323419881200553985
323396587357343744
323380955295399936
323378066611118080
323375423079735296
323375388002775040
323375354448330752
323373340851048448
323079376554057728
323078521364819969
323076333691359232
323067816225943552
323066039392948225
323065618096070657
323064827486539777
323057333771051009
322693880099246080
322642462118133761
322630494632148992
322446165985599489
322445598823432192
322430128376397824
322430056163049474
322427628957081600
322341262147604480
322340968433057797
322340597740478464
322299484937809921
321715292608811013
321714868753408000
321672989634592768
321356503196000256
321346899770748929
321336670630838272
321317386991050752
321312226877247488
321312110380474368
321312058979274752
321311754170810371
321311556027707392
321183053319897088
321160716361019392
321160207436750848
321159605369569281
321157639079858176
320906548341768192
320809911116247040
320597183047028736
320533286919225346
320140887122391041
319938214519533568
319938048366358528
319738359981428736
319738016782487552
319736869736808450
319725649268989953
319725063458926594
319568293189001216
319409296242790400
319409152839528449
319403289290616833
319401844109635584
319401582099832833
319401417309831168
319401227748257793
319401144126423040
319400922872705024
319399505931956225
319392810086309889
319392720424685571
319392500756381696
319392099223089153
319368976813678592
319368715164602368
319368103391813634
319368037050507264
319367799078260736
319367594572406784
319367428180156416
319367302594310146
319356298539974657
319356170370416641
319355957027172352
319213726878269441
319212266010595328
319018914354970625
319018581243355136
319018104283881472
319017523536351233
319017352169668609
319016406563827713
319016099012304896
318791137626292226
318790831312097282
318790074663829505
318789733901799424
318764701116952577
318652213289447427
318651964139372544
318651080835731456
318650490684592128
318649914987016192
318492151510085633
318491497651662848
318490744044265473
318490338597691392
318490207584399361
318488376040886273
318487881289199618
318487673528528898
318487427729747969
318408501091258368
318408184953970689
318403314981171202
318401927064977410
318137655273586688
318089586045755394
318089197040844802
318089127897739264
318046315193987072
318046166765948928
318045370255024129
318045182685749249
317425658504568832
317393551581384704
317380190143672320
317369268108926976
317369122377834496
317350418361507840
317322221053935616
317301269549162496
317301059129327616
317301049218199552
317272854251061249
317272598813745152
317272209322283010
317270958610214913
317270823809470465
317190799974600704
316991229512527872
316978553864462337
316978391930765312
316918362976444416
316918019295158272
316917569099554817
316901693344333826
316900845713231872
316900635595386880
316900566963982336
316900228546568192
316891830497206273
316891552087691265
316671489917206528
316670917319213056
316670862851981316
316660848745648129
316637851171319808
316605877421486081
316605366261653506
316559185074589696
316232115811409920
316215990608330754
316212439098212352
316210427530993665
316164670329331713
316154161412599808
316154017162084352
315951192519880704
315783163743977472
315780966465564672
315523145295605760
315408912620867584
315231783400652800
315155540181393408
315147461020770306
315107130535448576
315106952369823744
315064013413306370
315039869879599105
315039538210816001
315039097905369088
315038898520748032
315020685456052224
315020272640090112
315019982666866688
314793132686454785
314791498954731520
314763781047734272
314726818076844033
314726776611946496
314721491088465921
314719994242007041
314666618145882115
314652414982635520
314440140078596096
314377834665766914
314338083996831744
314337794568884224
314337760917983232
314305948132974592
314305086073491456
314304935284064256
314303772249698304
314141959033847809
314118461892747264
314102110188871682
314101850104295424
314100981849788416
314082524143968257
314069897456013313
314051178977718273
314041816615882752
314041369427578880
314034624022052864
314034481067618304
314020261760479232
314020237685166081
313999535917658112
313999132522070016
313996872119353344
313996651159244800
313995922994503680
313995669708894208
313995188886462466
313994373392130048
313713120445083648
313712893440954368
313712464246222849
313711963282739200
313380031923625984
313375685790015488
313363372827607040
313346609301815296
313339067616079872
312897324185686016
312693878610350080
312659646475288576
312659562715041794
312582264741576705
312582219078176768
312568530849652736
312558208160002049
312555786226266112
312554760471445504
312554115127451648
312550814973583360
312550798569652224
312550273488924673
312549604505829378
312548959518347264
312548892682104832
312548694312505345
312548544802344962
312547749851705346
312546533520314368
312521968022863873
312514518028795905
312506578446192640
312506283523731456
312506001611964416
312505960948191234
312505702604218368
312492599023915008
312492143329546240
312482563061080064
312482491627888640
312482368369852417
312311391191179264
312308910453293057
312307458276225026
312307014028107776
312223842145820672
312140144541061120
312094967763959808
311892925502066688
311834882240307200
311834336989171712
311777743534690304
311601287038898177
311600372093435907
311482954834640896
311458446841114624
311452553147715584
311446254888579072
311445952684765184
311444850245505024
311442272640196608
311441895953924097
311441161468391425
311440871755231233
311440829921234944
311394447210475520
311246408101535744
311215734426591232
311215489986723841
311160571653414913
311159907787358208
311159629319131136
311159212589854720
311158925221306369
310818645343363072
310760188380602369
