398162915003727872
398076414182064128
398061022902497280
397428710930124800
396629494565715968
396475202156384257
396231544685080576
395927278191771648
395851543276421120
395850919847665664
395850441416007680
395750475683069952
395743908829085697
395743876604248064
395532504016637952
395485148772581376
394982247499304960
392761331306471424
392432248466972673
392390870932025345
392390350418898944
392390247528419328
392390148014362625
392386594596200448
391627098743644160
391592884539232257
390960282128097280
390959858046205953
390954064680587264
390953449875308544
390635268790685696
390633788075565057
389848284019589120
389389164417794048
389382025112588288
389146229210234880
389006778391724032
388799383346483201
388795641670823936
388765291095670784
388663329423491072
387604962794307584
385136341983694849
371781876648017920
371779230553899009
370133734814937088
370133193519009792
366693904206151682
366693666384908288
365519266126102530
365519231095291905
365519209167454211
365177032923029504
364837182395006976
364341411392815104
364042947878477824
363678541369856000
363295983960350721
362988255190323200
362597601129938945
362280543871705088
361978776663494659
361978158435663874
361934205573279745
361931029147172864
361931004161695744
361930300969848832
361930170283737088
361929930445037568
361929701649944578
361929648063520768
361929546238406656
361884494434803712
361874310538870784
361862663967481857
360789301568618498
360388879137771520
360072928743792641
360072516577923072
360008691111571456
359783736566489088
359362065862889472
359300655191556099
358597258671312896
358557358110150656
358554458684268546
358219655258710017
357915354271457280
357518123336863745
357518052918706178
357168009296609280
357167906406141952
356895186284068864
356882683747500033
356856236777549824
356036138609283073
355824661772247042
355372983499489280
355141403568898048
355137071289077761
353173466926694400
351979926083215360
351702004793475073
351701522888921088
351701492106932224
351701089290170368
351198458423676928
351074116033445891
350712396899287040
350584731378794496
346727683553640448
344888967734378496
344486100338876417
343517153514901504
343181675745927168
343178205655621634
343034859977064448
342710625543274496
341717336333631489
339983370501107712
339977243734454273
339859675250057216
339841661578391552
339763225421807617
339596652518187008
339592683788054528
339523683863379968
339523485137248256
339498907702804480
339432215844884480
338823120188219393
338801359996452864
338668685411635200
338651808505421825
338327912501633024
337968876245635072
337945836354932736
337614573559488515
337414298819260417
337261524924112896
336719793161916416
336717746282835968
336693933205749760
336692748516196352
336691444167352320
336629840440598529
336628078845509632
336515423401041922
336514658410315776
336445096436322304
336349553391435776
336172174924734466
336170007102894080
336005719147020290
336005054354059264
335635785720139776
335426689825898496
335275846715703296
335269909879717888
335079563233202176
334398519907594240
334040633687805952
334018918467391488
333700380338819073
333416651477377024
333397210119163904
333328315094016001
333328153353281536
332962982210453504
332961581375832065
332937660102492162
332931545981665280
332736844355739648
332673339040595968
332543249447264258
332354755504517120
332344816241344513
332320487675920386
332319083737542656
331958433316225024
331957541867241472
331895744061640704
331854716642402306
331850040031186944
331663291652898817
331657505270820864
331654792994750464
331654368753500160
331597496461692928
331452611918176258
330964109518585856
330963005363863553
330725022769483778
330492138993360896
330380104150683648
330058769721610240
330006044535296000
329998855175290880
329998372549316608
329717583408422912
329658980873936896
329650945501827075
329635152202444800
329609595179913217
329609238227857408
329607219719049216
329607137426817024
328661440594583552
328660293473415168
328617846101925888
328103818493575169
327837057844146176
327834402971336705
327146691608313857
327058846470254595
326960146729295875
326422764145766400
326346539872182272
326346207062552576
326345037241790464
325993711978807298
325586668910415872
324990761760342016
324607903367565315
320627919997239296
320242311567142914
316197246569951233
316180228542189569
315844915856809984
315462524218773504
315457346887364608
315254019067105282
315253771863203842
315248627545161729
315169913633382401
315139373773500418
314362560168202240
314126007353352194
314123318485737475
314107636712873984
314106192765022208
313821170795421697
313816784815915008
313784178577661952
313060710177439745
313056257772748801
313056119570432000
313053316332535808
312939697762627584
312803016841502722
312801041005547520
312317925300269057
312196525507891201
311979790397759488
311891585942040576
311694392635297795
311693659223498752
311692567416811521
311684875000369152
311683381878472705
311560246743158784
311532418299465728
311311796084539392
310188276235522049
310187152543723520
310184305320136704
309948819834023937
309517512104632321
309139539157454849
309123251420946432
309069884036358145
308353907044790274
307927187963670529
307625154064834560
306504323427364864
305871590174887936
305820329085915136
305115741189980160
305085277142151168
303955701166911488
303212264792653825
303208895072047104
302885828496080896
302790785038946304
302747330250166272
302616008135421953
302400058442276865
302192159732400130
302155627818524672
302132467463233536
302125645952057344
302098626442850304
302097154200178689
302069294991294465
301440617697906688
300249200111788032
300234064051445760
299982679057760256
299940095446876162
298555282315935744
298185007208468480
298174609210101760
298064828784836608
298063813025083393
296993767381147650
296819234443497472
296354688801067009
296312316746674176
296029381313314816
295946250363207680
295945463432085504
295945229926793217
295944617520660480
295493749084127233
294903099934511104
292662567258705921
292623419533561858
292611240616927234
292609463272230912
292400204332822528
292399178078887936
291984626220670977
291980654218997760
291960828960329730
291220822595600384
291012350805413888
291005115257741312
291001644362121217
291001484882096128
291000814946885632
290997708540489728
290995665822179329
290618832425451520
290588071647387648
290528748774756352
290145952629673984
290089247216656385
290086432297590784
290082972957290497
290078959171952641
290077520030756864
290038615982100480
288682042592464896
288274418470371328
287926638254116865
287321051506028544
287163157590454273
285536252894273536
285401170434990081
285106188704681984
284680634394349568
284629551928180736
284437228736897025
283600322067304449
283590072069152771
283263209224409088
283260465277190144
283259912807645187
283182992908750848
283042090483580928
283022573267189760
282404274921668609
281517097497001984
281500248357076994
281485977703292928
281179121793511424
280910085952258048
280876249587515392
280798885004333056
280795417799708672
280720296997167104
280570825101434880
280556609682407424
280194760625516544
280107237748387840
280105203288641537
280026826888314880
280000938377375745
279824812900237312
279823373872295937
279823083274108928
279753464182079488
279752493729189888
279751332141883392
279001196499456000
278958579816484864
278957239023312896
278622652397133824
278620777622937601
278620390983614464
278598173239410690
278555012370681858
278550263713910784
278533134398656512
278356640271564800
278338167323635712
278009771456593920
277890968924069889
277867486559498240
277853054076866560
277644198155546624
277624830919053313
277614905891364864
277609613631832066
277550918243864577
277536746663714816
277515502513975296
277297393244962817
277282649826021376
277282552295854080
277275348830388224
277270531508690944
277270252314820609
277262508790788096
277221491433689088
277217132645855233
277208299756212224
277162008913268736
277158821145755649
277150939582963713
277139869162168322
276933657317502976
276784061765255169
276740140284665856
276734168967294976
276733015961501696
276696890576363520
276511570916429824
276178795365560320
276133863288348673
276079936735965185
276024441874571264
275589640646426624
274825538361761792
274325154702708736
274183787015974913
274155663763046400
274153495932850178
274152947569528833
274152459268669441
274152204439527425
274135316032524288
273911032508985344
273867229420978176
273722964057419776
273409147326840833
273204727439839233
273204574083502081
273198420590723072
273193397177683968
273191786653036545
273191608655179776
273189585079652355
273156471758389250
273138824920588288
273055012589039616
272377788093325312
272336204236746752
271964217807089665
271572795027230720
271223060017852416
271217570315661312
271074760887263232
271072583284310017
271053261329551360
270975341227565056
270945000529993730
270944790605074432
270944381572370434
270943604221030400
269591645333356544
269590738449346560
269589284720373760
269550758909857792
269080731437916160
269080521252937728
269022612389232640
267478163515387904
267317572423262208
266651192661250048
265590312594980865
265554804166754304
265196186120622080
264516369641525249
264205583580803072
264103370359439362
264079233792503808
264004006429487104
263731896482152448
263319280651735040
263317743363837952
263315836574523393
263311059182579714
261904041653719042
261841300976959488
261666398613422082
261659924600328192
261655845211881472
261654033129943042
261642458226634753
261581738822729728
261287934173523968
261224248071311360
261172154069024770
261139461675565056
261135902926061569
261134469543628800
261130775569780736
261130147099443201
261129647356530688
260543532941594624
260490184519454720
260477688039493634
260456159528488960
260388532005249025
259060439311347712
259057243541106688
259056158818574337
259055030534033408
259023543604477952
259009592837668865
258716054560313344
258710471773937664
258627948230352896
258546900029014016
258522925395750912
258515932329152513
258497863707947009
257890885407227904
257878300012208128
257606070078427136
257552261272702976
257550581877583872
257536499749380096
257195012226445314
257186164694466561
257178959983296514
257176459800633344
257158083338465280
257071592931213312
256559652660195330
256557944844472320
256555947076501504
256553738641227778
256551776218652673
256381641243648000
256171563047608320
256168586165493760
255753339046879233
255752831888412672
255730799859625984
255696764907167744
255694353798922240
255693922163126272
255693492737687554
255304301159788545
255084665319346176
255079403632091139
254918185185341440
254745243436589056
254565480621277184
254254804661043200
254251608240697344
254237741800386561
254237670652395522
254237331979124736
254234915514757120
254231905631883264
254009495443894272
253933817008627712
253842240387039232
253210750808637440
253151476522811392
253086464353644544
253079132009807872
252903195578343424
252857577413677057
252852649010016256
252852385398013953
252850658808590336
252389121371287552
252389082993397760
252186093204668416
252185815302684674
252185063712780288
252180401504808960
252160739572334592
252071129219481600
251830658098421760
251826660872167424
251819901893885953
251728020015038464
251697273082363904
251054071354621953
251053933844385793
251040651154685952
251025592265347072
250269407245369344
250269333413036033
250265964803944450
249988863756488704
249637548182364161
249469829835264000
249263806176452608
249256364134768640
249238965037719552
248843724778528770
248519364071014400
248457252867039232
247831874238574592
247822103670321152
247404648317714433
247355738215825408
247346528186949632
246621346044456960
246616232441286657
245923357801988097
245262754741633024
245238115025965056
245117994064289792
244941782507474944
244873243041869824
244873000149741568
244872879827714049
244827503485677568
244033627632054272
243331288940019712
243329609440063488
243325504030113792
243323597396000769
243134885739503616
243018082015121408
243000131593568256
242523507316097026
242284796431187968
242283783267700736
241658682797072384
241658437849735168
241600846725517313
241599684597125120
241551606846468097
241108774314725376
240932466381180928
240919624244396032
240901020308369408
240860218660118528
240704078081036288
240553547563937792
240497894766047233
240427647958671360
240427577674723328
240405547487199232
240205881235611648
239807026497208320
239806607372976129
239364717108396033
239108503535493120
239108081533988864
238678112039206912
238382312960700416
237284221062885377
237276212093939713
237275388701716480
237270768713613312
236666378541731840
236665271664918528
236608000834535424
236599734440185856
236598172611399682
236595292781305857
236595110404579328
236593650006622208
236588441666736128
236243097481273344
236186412158951424
235866008773074944
235845984524046338
235738894811951104
235503465609195521
235473923607769089
235473335465701376
235431457793916928
235431420598841345
235241988922937345
235225934238720000
234848428721590273
234837701688430593
234401060800823296
234029350306054145
233723285903388672
233723016654254081
233238704322404352
231389574839017472
231380766968381440
231197309025783808
230796210682871808
230724802393030656
230716191948288001
230672646797422593
230135618976501760
230040072374870016
229274340489834496
229265000995381249
228931371823923201
228583439492845568
227978107762663424
227951811733106690
227792402528755712
227460305301671936
227459246839705600
227448989845450752
227446463867797504
227445859296628738
227143901226622976
226924028076621824
226923257683648515
226883651370094592
226756154036994048
226092310872612864
226091345108934656
225840084623175680
225831459674529792
225830245658398720
225726468913770497
225699811054202882
225656436980580352
225655778076405760
225654140905332737
225623780721045504
225614714196082689
225441930245443584
225285533658660864
225077518951124992
225052211057664000
224672008791801856
224639361646473216
224425107379073024
224424296515244033
224189239015911424
224042673181425664
223907197057384449
223866020698406913
223632896890642432
223630351564668928
223624130250018817
223528970895892480
223510667100045314
223505279956959232
223250394271322112
223220953029672960
223220154153189378
223220096355680257
223113437914480640
222970749978284033
222970331172847618
222819360710983680
222809207429279744
222747147982995458
222743531213688832
222742947517579264
222738740609679360
222725867665768448
222725451100073984
222722192830509056
222553999302340608
222549759376887808
222549210275393537
222485822014885888
222431552569741313
222382963004936192
222382534883946496
222380190406426625
222362424232251392
221831813730025472
221829980554924032
221460470756945921
221394002174418944
221388244326162432
220863275368321024
220473087899086848
220157659054215168
220156185872048128
219929479529775104
219892558988455937
219869398826106882
219563072359104512
219453672827006977
219088938789371906
218851900076982273
218847343032795137
218832999972732930
218832667481878528
218774690062278656
218769135151218691
218768794326286336
218472539050098688
218457897917612032
218439816256307201
218435134565789696
218040261761183744
217747412427608066
217624425158291457
217621975651188737
217605707208462337
216968073117319168
216496660946227200
216304080325316608
216243454647349248
215946447823183872
215946303702708227
215944502374961152
215886657533124608
215884048910925824
215828676200243200
215742094206181376
215577055708987394
215575101490475008
215505244916944896
214773096635310080
214739410317623296
214325446685376512
214115958447538176
214080179579011072
214079327107682304
213988656824848384
213918225417777152
213906815912652800
213678772317200385
213660307489431553
213391651262054401
213229492469104641
212534826522251265
211145772593459201
211041656403795968
211038899252895746
210732039459192832
210419892191641600
210400779587158016
209413868684972032
209356064779546624
209292746299678721
209058249721389056
208871303300644864
208759964519497729
208686710186459137
208581969523650560
208520665291161600
208317541267947520
208317156851589120
208316221756682242
208261643619151872
208251277182906370
208242732534202371
207805165896605696
207789331904069632
207789120653762560
207597436011692032
207588350541037568
207193775460728834
207056277342392320
206773545634758658
206120626338017281
206111265700057088
206006272196231168
205967839524438016
205791401340977153
205761019992211456
205747754499182593
205673010294829056
205633759939280896
205608979060105216
205345401577021442
205029286481104897
205027449422094336
204988021907525632
204984384208633857
204981934147903488
204965894298943488
204964348588867584
204936376322502656
204908879467917312
204861634555035648
204205233990152192
204201932804468736
203835312236015617
203795240140804097
203524062595653632
203506251747966976
203436733797371904
203436162440896515
203231568645464064
202531355039498240
201446516823556099
199952735066533888
199632875904180226
199599556147687425
199535096271872000
199198803633508352
199193495632748546
199054592384843776
199053045034795008
198769511393017856
198765491513335808
198764234950180864
198758761412829184
198533156863868928
198508429319483392
198412850291671040
198410555768311809
198188360379023361
198080688396828674
197762989162643456
197712838607900672
197709797951414273
197709499841257472
197700820010151937
197696297313116160
197693814163509248
197669879145439233
197665812327301120
197429825076592641
197425380733370368
197361573122146304
197055268524261376
196968413401321472
196943463823052800
196942129237475328
196941798290100224
196684633285472258
196683471966576640
196680074127343616
196555841900511233
196531185894170624
196372743065829377
196371597903405056
196343152527949826
196251059390382080
195929483491024897
195928837371076608
195926763547791360
195819367043309568
195818564693934081
195788194845962240
195568777679732736
195563013665857536
195506727150567424
195501520068939777
195497305460314113
195302047640322049
195300304382734336
195297991580594176
195297288069980161
195295872274276352
195183914753605632
195114121912524800
195067486616551424
194484754765197314
194364273609289729
194360087488376832
194192714152161280
194140818372698112
194049657951883264
193723681585901569
193315497289318400
193311173314220033
193291876495933440
193279845713719296
193083857870913536
193003905418924032
192971999000272896
192944756454723585
192940116728217600
192931600768569344
192716407631392768
192686620330295297
192592374105505792
192536544211501056
192302308489568256
192294744158769153
192286382201384960
191926949076140032
191867219699970049
191865552870977536
191861678395236352
191861422702071808
191859007626022913
191858992748830720
191858179775266816
191854249594990592
191836201743949824
191652517057282048
191619368327712768
191616177787768832
191607762717908993
191551171008282624
191536027607904256
191534922568175618
191533521213456384
191349887395315712
191305280271818752
191275295691644928
191147985734877184
191133136694939648
191132804636090369
191128812736618496
191118636612714496
190774452022296580
190728547042721794
190727331793473536
190566894342905856
190522649246568448
190522207171125248
190521219953598464
190507596057288705
190453881891860481
190453450771935233
190446233754664960
190413476001361920
190410346572414978
190196462318141440
190165102744436736
190159127501221889
189084563379720193
188292827032207361
188290125900427267
188289141518254080
188288072448868352
187968792113057792
187967978149654528
187967533347913728
187898382986117120
187895203649171458
187887457503682562
187883088154599426
187878511858565120
187276568836579328
187272476579991552
186863154742050816
186713958571458560
186572682014371840
186571430727647233
185781735689158656
185759587603984386
185757880950071296
185756630103769088
185755996516401152
185754661821747200
185754537565503490
185754448499449860
185751951076634626
185750193331904512
185732830716899330
185379134967525376
185378913403408384
181919021153787904
181918813485400065
181918741255290881
181883689444192256
181879614329716736
181780842694197250
181737306363932673
181722603021541376
181540871148285952
180732849614364672
180605018884411392
180604851456196608
180549369966231552
180431409377320960
180429657320071171
180426850001104896
180365684491034624
180015555045113858
180001868901130241
179719315724050432
179250847417499648
179250038466285569
178908022045810688
178573429916700672
178572035323215873
178571615586631680
178557456367104000
178155275885355008
178103020813426688
178059441214730240
178059144937476096
178058368181739520
178058187390459904
177911521324711937
177839701078712321
177807520004452352
177804762555744257
177804686148124672
177803254070132737
177798899388514304
177797376373825538
177487338350452736
177473271904739329
177160923402862594
177144242077057024
177125850288898048
176803594899689474
176641842522238976
176637448162525184
175697868466827264
175540424805593088
175272234028498946
175267811927666689
175266510263169025
174226121615880192
174209111481778176
174195198597935104
174175179067506689
173500362471383040
173490853438947328
173386789384486912
173119382581559296
173117116344573952
173114889710211072
173076846957690881
173076602949877762
172812338586591232
172811431673208832
172811159223799809
171726963482955776
171631005160058880
171629505163694080
171628778366312448
171628249774960640
171627835100897281
171626987411095552
171626606895448064
171547550426480640
171404833339875329
171209772694122496
170694823706230784
170692353168916481
170666531544514560
170665990244405248
170454579350212609
170190658622078977
170189752362991616
170189383746584578
170135687356620800
169916276339245056
169916241119682561
169909397772959748
169905728981712897
169850968010272768
169459923728601088
169459232914161664
169456424525639680
169162788416135168
169102828340641792
169101670620471296
169098551765385216
169095408889495552
169092316999593984
169090567567974400
169088514737188864
168494513780817922
167975669588963329
167974383011364864
167973113890484225
167967470206980096
167967236278075392
167867394331639808
167681519639465984
167649684096163840
167649185645084673
167647922341687298
167645963576541184
167644851704303616
167643912616419329
167643586047909888
167643414865776640
167292124260352000
167291759641108480
167250346308153344
167250299860430849
167247378968092672
160360231816282112
160127041876926464
160082427019132928
160076490623565826
159650943489679361
159566904023982080
159345030887260160
159343386258718721
159343072772231168
159342180710887424
159237987664797696
159097653362294784
158521022331629568
158333649765412865
158330484919775233
158330180241338369
158257071169609729
156450364080660481
156447892251484161
155822819958210560
155821973769953281
155817325055062016
155807029783560192
155806278353043457
155805316238413824
155804411413807104
155799614908399618
155798666202988545
155798357808381952
155595004562251776
155592988268036096
155586170183614464
155438879330148352
155435212954804224
153607865406455809
147718310920847361
147715599819214848
147436811441012736
147379972196139008
147118417655234562
146991841135443968
146627078534606850
146351530583408640
143780877095272448
143459826230509569
143456308497088514
142254011607818240
142039111891566592
141999223104221185
141998550044246017
141979820774006784
141978890053763072
141965607104036864
141964852334821376
141964685091151872
141962051219243008
141961559684546560
141958428624035840
141941192706375680
141937239046356993
141936997110521857
141198266946691073
140153349021499392
140150942317297664
140145336462225408
140144707564081152
138356354510360579
138355961986428928
137986306721587200
137981882271924224
137979458484305921
137895742802104321
137565931625918464
137562757301153793
136887842461843457
136769233190273024
136768764149645312
136767408240197632
136767098692177920
136733091329867776
135325675769954305
135325289092890624
135322289016287232
135011799752900608
135002574339317760
134954310856478720
134614449775575040
132040908890832897
128662634370301953
128565137161457664
127948095777542145
127946630828789760
127893563731230720
126589440775831552
125054698616127488
125051440141041665
124801992345403392
124213258868637696
123522510397509632
123346968025112576
123085735690649601
123083450134691840
123076449845526528
122629869925433346
122624176854007808
122616721348624384
122615041898979328
122317098201522176
121596673607733250
121594969352962048
121581037737361409
120958861132840960
120954070138753025
120918720624332801
120826174313205760
120794576612098048
120453351988150272
120451794685009920
120183181520543746
120181658598113280
120164217507680257
120144147226165249
119757568473174017
119174726038990848
119049099835219969
118843257194160129
118454346231984128
118444060011802624
118273654055378944
118051805891538944
118049289481097216
118033755641356289
117979819425284096
117939126422081537
117033803465244672
116270661709733890
116222967935025152
115834639330975744
115825423706898432
113037129747144705
112954145476050944
111336006275448832
109774222150217729
109497736834981888
108908663367933952
108829084271915008
108620938085543936
108280905461800960
106740107343695872
105765304868679680
105587729361928193
105557793980948480
105301610934190081
103144555234328576
103119465495011329
103119253527474176
102861017016578048
102073124639612928
101996426917199872
101993974985801728
101742903415672832
101700251525726209
101373470256021504
100584595422056448
100502402985242624
99975789512097793
99503379423838208
97049545984311296
97047644991537152
96742624194605056
96741075519148034
96701920625954819
96701240028831744
96698726432768000
96694232701616128
96692675989864448
96691486732730368
96334750767263744
95967338649763840
95961591668948993
95894112846360577
95529225867632640
94359464601325568
94145148170141697
93414619359621120
93399136002523136
93394540840501248
93381306754412544
91680600502702080
91610408997228544
91441654019530753
89761046243454976
89759766540328960
89602942692376576
89601804991610880
89597769626558464
84073853285961729
84010000472752128
83940842963873792
83612238082084864
83569205840052225
83043406309376001
83036719854788608
83035971431567360
83033894437396480
83033565419405312
83032767562121216
82958667942592512
82603604548141056
81803899937374208
80842039192846336
80503968471592961
80499767372820480
80499226974494720
80498714539597824
79359303974260737
77952366460153856
76519039341563904
60820257597698048
60665783772123136
60148242612105216
60148002731466752
60145855394619393
60145304216936450
60143182838644736
60142788272074752
60138941491331073
60132437925179393
59752425984233472
59751801666281472
59750132559773696
59747622310789120
59746653057466368
59745429209882624
59743748711649280
59742610331414529
59742400435859456
59741035819044864
59349537915023360
58676669094957056
58671318865936384
56516935143264257
56513655046553600
56506838912466944
56504016603054080
56503557125443584
56294268444221440
56293223559200768
56293181385490432
56288271545798656
56288209264586752
56287194993803265
56287080703209473
56283623325843456
56172861823533058
56148081237962752
55744032982310913
55127234280833024
55126538831667201
55031956798312449
55009592211542016
55000695446831106
54002682804965376
53536337663492096
53480511158497280
53478150885212160
53246375562981376
52864362871930880
52862463242272768
52258344865509376
52257889376669696
52257132405465088
52253401030987776
52252960910090240
51832368293625856
51764799377391616
51371891453206528
50565696945524736
50434839521931265
50064961396936704
49940641932775424
49728737046044672
49261311120506880
49140394222555136
49067924056576000
49065913621807105
49064853498888192
49062137594777600
49061547410063360
49061477033836544
49061362114105344
48520294477996032
48396006563385344
48395826531274752
48179236091080704
48178248647057408
48172405948035072
48171609512615937
48168613848420352
48168475151171585
48166033168666624
48164383582461952
48163387577876480
48162470619119616
48161334357004288
48160209771827200
48154784758370304
48153447882694656
48152556312084480
48152442684186624
48151316584865792
48151121717493760
47976648322199553
47655314488700928
47449065990004736
47366258718539776
46719999301271552
46719952136310784
46719386106601472
46670541326782464
46565096012529664
46562685806063616
44525429830328320
44522923851132928
44521071118008320
44431038876893184
44343932573847552
44168052694188033
43738241542651904
43736908794314752
43732310041964544
43440240492429312
43437934891909120
43437113357778945
43435976411979776
43433064830869504
43286837669806080
40623550255738880
40373551752024064
39901315052077056
39900711663702016
39900157118132225
38806138698858496
38805699446308864
38573677788409856
38571871050006528
38570493640445952
38570302627643392
38569699889385472
38568741574807553
38567910196781056
38267410012180480
38264699854262273
38263820371755008
38262589892857856
38202454067646464
36950909288189952
36948403178967041
36042847383724032
36024395591843840
35092835589955584
35092802350088192
35028794293092353
34697390296408064
34697127858806785
34694297873809408
34693653054103552
34691852556828673
33915711831154688
33130543331676160
33130349726793728
33129399943430144
32989516079833088
32975898353336321
32974422042222592
32972297581105152
32969912242675712
32634380153266176
31133736317747200
28286780033736704
28282813249757184
28281455675187200
28249064533397504
28248275710640128
28178514221989888
28140110771912704
28138805923946496
27956484759359488
27952098083606528
27948676374597632
27796351119007744
27429901426499584
26879428034297856
26878181050945536
26877722315722752
24712365018718208
24160777137029120
24160313288953857
24158762919010304
24157491927457792
23700496967536640
23586936287395840
23439689050488833
23436269593825280
23436198051581952
20504883765452800
20407428814217216
20405873599848449
20405039751237632
19746776311406592
19364517733466112
19363293504217089
19360419499999232
19353796165505024
19148791760293888
18386098354913281
18378941811134464
18375558547120128
18367615223205888
16987948201283584
16983739909283840
16983266930200576
11191741759627264
11191491611332608
10120389137014784
10018356736299008
9995816575963136
9993360974548992
9664477007974401
9664028020314112
9662984464896000
9662123093266432
9613010435837954
9612480099651584
9369177592696833
9368496408363008
9366836852293632
9366701665681408
9039263391809536
9035867578441728
9034791361970176
8904000711692288
8223636968185856
8223205978279936
8222478308478977
8221583835406337
8220977565540352
8217642494066688
8066549365612544
8064127238930432
7818820966162432
7097166480805888
7096666289078272
7092877620416513
7090851473788928
6497550764875776
5684968927793153
5684069371219969
5588938915844096
5378827400249344
5329026725969920
4581402506952704
4535659674996737
4534315111161858
4532927526346752
4307073680547840
4193322553843712
4166742553133057
4161894046765056
2880248404254720
2802800798998528
2798386881236992
2796290689732608
2795913361760256
2430950315139072
2428916790730752
2428177175547904
2388746443948033
2209233881792512
2208448909410304
1995247793995776
1994183799742464
1823713154564098
1739178530308096
1738365154099201
1738332438536192
700089177735168
574356979712001
328231391592448
29399265541
28617515300
28616870739
28598671444
28539950120
28539285514
28539064236
28497206371
28488499602
28481860564
28053608315
28033015339
28032876477
27956475239
27945415818
27859273766
27841064845
27780956163
27780469500
27737369986
27737204147
27736481099
27733173448
27730521374
27725914535
27653190208
27652704132
27652561485
27637265295
27548041557
27523570180
27523383138
27522658519
27485841508
27379937632
27281871258
27261530781
27137935053
27135145372
27135109178
27134427352
27062310364
27059057140
27057493640
27029764442
27029383527
27029376032
27023897821
27023577541
27015744146
26953850853
26945479245
26904002206
26903677033
26841120479
26838034275
26837042060
26836927583
26836835416
26809786119
26681899875
26681794115
26681521739
26581271159
26539278307
26495983392
26402959329
26402614501
26314615490
26295557554
26272434455
26243399827
26115905097
26106592594
26106321589
26024648408
25972297857
25918889233
25918522595
25918384735
25815839152
25811808994
25624901260
25624623644
25589275624
25583174736
25521536897
25520401319
25519169259
25517651483
25497557895
25297594072
25254823559
25253634390
25209324348
25103054782
25102798397
25102610603
25102326608
25015844767
25014623826
24880764478
24838172005
24812920192
24797512772
24735839699
24643750997
24610378757
24536374658
24515600267
24515531375
24515095597
24511403667
23187135825
23161878416
23117561653
23115709767
23057914067
22924181768
22920909175
22914853701
22866359599
22866056582
22866023616
22835984316
22797319097
22662688665
22662541003
22555402023
22555252948
22554340514
22519260919
22510890371
22161092455
22125516314
22125228878
22120895039
22119709575
22107154445
22066121894
22065647291
21712914254
21712207338
21695312619
21556545159
21522340694
21522249359
21520138289
21517847745
21501213796
21501020882
21441325970
21335341753
21334951845
21289534815
21259793262
21184734931
21182543314
21182100632
21151615101
21151466337
21150668040
20997805556
20964608301
20959750688
20915546921
20913084222
20879444040
20830837261
20829651896
20555621452
20555236617
20555096511
20471052019
20469679052
20469576912
20469435005
20451289484
20401352667
20401089893
20336966150
20335703357
20315559789
20315489321
20314596834
20250797070
20118184667
20117822147
20087041225
20064964214
20064325671
20063159828
20058174646
19989728386
19989594603
19989472117
19984861545
19918187743
19906181786
19803038842
19802867664
19802690217
19802464271
19778712054
19745137569
19744314260
19686069145
19682635219
19661516438
19651053239
19636452123
19561465408
19561043690
19559707232
19450035592
19417549896
19355824559
19288825888
19275456572
19244271511
19112063177
19111628698
19109046527
19091026071
19090776620
19067651374
18992761030
18807912313
18712643410
18698405732
18697651587
18449873871
18415762960
18387481254
18387400707
18387332075
18387155652
18387148822
18387084715
18291623117
18291383289
18291186259
18244281748
18243912493
18243283768
18242668570
18242031173
18241903657
18156880827
17933536862
17933515174
17933438232
17903546551
17804328618
17765841619
17759779246
17759093886
17758978551
17607392439
17596015417
17551259678
17512790860
17472119494
17411504018
17288556322
17250033801
17227979636
17227627293
17227424568
17227368981
17172179348
17166913978
17156442127
17125833659
17086363100
16917923885
16796174844
16771870153
16770987655
16617112546
16397289055
16376336741
16376274369
16368066935
16331451671
16227997425
16182483116
16182354826
15979537500
15941291018
15940935416
15831934655
15831611414
15796070901
15548284560
15444038172
15438518831
15419363743
15418906128
15281221083
15275099076
15257991019
15245805087
15242038283
15206612314
15181425226
15171903222
15137011468
15136793183
15112181646
15102629572
15024468973
15023750575
15005555443
15005332109
14981873824
14771947913
14771933984
14760721567
14724802841
14721246607
14704767884
14695010727
14694482558
14672756772
14643409781
14611743857
14609329905
14609279853
14589975749
14589858152
14589628534
14588993493
14355520925
14194733196
14194331222
13800394583
13737162254
13685799779
13509694696
13436746086
13367043359
13348696947
13303580270
13178797020
13145406720
13130363716
13090073707
13012717938
12952001342
12951966651
12935385480
12900195886
12819065399
12694343061
12655059168
12419812151
12185221965
12156166452
12113188725
12109197720
10597178903
