398170898290966529
398122827745730561
398045461644181505
398045298095685632
398043410256261120
398043132031279104
398042124337168384
398041468016656384
398029140965588992
398018843286994944
398010918610956289
398010494625521664
397996542289653760
397849801142042627
397837719050547200
397837321044623360
397789575583903744
397742301126361088
397667931506487297
397635927352156160
397633630937161728
397631059443322880
397628657981988864
397627591278198784
397626837545013248
397620268006645760
397620187169816576
397616542235365376
397616457728548864
397613351733579777
397388116107214848
397352962521321473
397096654345883648
397089921619738624
397049808286154752
396966373034692608
396720621578887169
396654345431052288
396591599389401088
396563360105648129
396561531833700352
396331155337011200
396314613048156160
396226218598473728
395972284173012992
395860697638522880
395854587707785216
395854262984790016
395638556993290240
395627068408754176
395516365869969408
395516076311982080
395515778113761280
395496358934630400
395496190357151744
395480298843934723
395476633483608064
395470986696343553
395458306975997952
395261343080931328
395213703978975232
395139805283381250
395134745983848448
395129611920871424
395126622430695425
395123585809133568
395123396897689600
395112733198532609
394862323888041984
394850733885227008
394844548821966848
394825694339170305
394824475398909952
394823518883704832
394752143858884608
394515989012172800
394512033846419456
394500079631237120
394433957745688576
394403275682103297
394184576324870144
394172754465161216
394123221274198016
394119377983123456
394061752377561089
394061647922593792
394017875809554432
394017588285812736
393754963374919680
393741065666441216
393726803057344512
393700117309825024
393689565221122048
393689339802419201
393683495983521792
393678849491611648
393678717119369216
393668021786771456
393645263111589888
393644768162742272
393441136511295488
393440078376476672
393354187981225984
393352529725382657
393349898546192384
393344340053221376
393335962245545984
393306240023273472
392989241963479041
392987789626994689
392943138215444480
392716990043140096
392706363572617216
392615958323683328
392607497405874176
392592415879864320
392589783467569152
392589237205602304
392586831076012032
392583663239831552
392583545996447744
392284155083763712
392254037833564160
392249070347382784
392229119489888257
392203233613328384
392201430141902848
392200045107232769
392173312455233537
392027692843143168
392022306345979904
392019422657134592
391999225053335552
391922643647352832
391878578180460544
391877537103888384
391843599861940224
391842932321689600
391605931710369793
391596821598199808
391518710303043585
391513273889472512
391510324337442816
391510190891495424
391253017162682369
391250817006596097
391226633459597312
391187026298417152
391115434386145280
391111712465645568
391105070215213056
391100198015234048
391077788822044672
391077752834895872
391077470868611072
390894507681935360
390862284354244608
390847051292217344
390846128180449280
390843312351236096
390843104271814656
390732620369514496
390388456108470272
390373578882830338
390199465287901185
390165118228910080
390164551188369408
390094362988007425
390081824036495360
390058688175943680
390036253007446016
390036170962653184
390027407442591744
390003902076420096
389849822574182401
389849691850289153
389849629304823808
389794930727481344
389772614815981569
389770015215742976
389698275601022976
389679609211789312
389669977802145792
389636999059357696
389500012180541440
389311154071547904
389083362981597184
389083251496996864
389071767245172736
388958189603274752
388943403146551296
388936861206732800
388933526206550016
388931431575322624
388930656405041152
388929069171347456
388676332084666368
388654527118704640
388654360713912322
388576392398393345
388558825109725184
388557945056686080
388317978632388609
388226542889078784
388193988479426560
388188526606442496
388185346821091328
388010514791800832
387967654667227136
387965697592393730
387879742960959488
387828445486788608
387650222509555713
387617279414140928
387602348195213312
387600457080008704
387600385399353345
387504148562059264
387487974562086912
387482839820009472
387322408044343296
387255845253169152
387227653763497984
387207483112304640
387168796122681347
387164433350287360
387155413654728704
387124077145489408
387123059447984128
387122956255502336
386901950324686848
386885745296027648
386762259990843392
386416922704613376
386413337145536512
386413120266436608
386412718066237440
386411150038278145
386169406591885312
386163104112840706
386130902352265216
386130459588968449
385808894267629568
385808657222344706
385807477192671232
385807225450553344
385806870985707520
385745758600716288
385745401791258624
385711043118260224
385701216929742848
385666460129169408
385666287516786689
385664160128045056
385652639394185216
385615483569176576
385612304907534336
385507193933824000
385437215720890368
385344345253376000
385325515265282048
385314605880209409
385293719345180672
385173955524694017
385107426401595392
385106173466521600
385090112260169728
385062943769264128
385062906280570880
385062654190317568
385062400183242752
385062302166573056
385034370924699648
385003517465083904
384959970800050176
384958909574033408
384954662161764352
384948773967101952
384932744641658880
384919837547720704
384748883739299840
384733230265815040
384663087640760320
384647262787231744
384623788668624897
384568276388696064
384363657158619136
384074123162697728
383940504301629441
383884094733426688
383526796165410816
383514709103628288
383296785730785280
383294256858673152
383217662123180032
383165898259169280
383165603684835328
382920319935057920
382851910501269506
382849493965615105
382846873008345088
382846233754501120
382804837781757952
382798050026336258
382494607055269888
382460505488908288
382428347894341632
382419047167442944
382418776534163456
382418437479215104
382169455624990720
381854170099490816
381833397410078721
381730942248697856
381478332547993600
381400923157061632
381355099315916800
381346635587928064
381116588579360768
381115906149322752
381106783512961024
381096752583303168
381070545804353536
380961521461125120
380816132359610368
380735723479236608
380686944138960896
380666148791922688
380658611657388032
380644425367838720
380639680804708354
380633347463979008
380632322946498560
380631379970514944
380625230974427136
380623795863957504
380605715079262208
380602713878577152
380386160591503361
380382753734557696
380375011481382912
380373226540781568
380373143644557312
380347028837892096
380346974785912832
380346578403225600
380296642928574464
380279629673951232
380229108237893632
380019360729149440
380016316520071169
380013726189232128
379973360270049280
379953182329151490
379898528723902464
379896795595571201
379896389708562433
379874866679537664
379595970688090112
379514586527199232
379334135807868928
379333966123114498
379286881961132032
379174428351156224
379174289188327424
379138170853789696
379017581900087296
379010000469114881
378891754847883265
378852907661021185
378852726060224512
378826152497795072
378821469272547328
378804555443478529
378540522102857728
378538264820744193
378468843443986432
378452656207183872
378450050013483008
378447014285299712
378446107090903040
378435719435673600
378410471613030400
378212745403170816
378205874961276928
378205643074965504
378203623320469504
378203456072613888
378196570799607808
378196398099156992
378187781182607360
378180065210941440
378143045352316928
378114917603086336
378103845135872000
378086989620580352
377785920713269249
377770464455974914
377480638229512192
377452420327960576
377367050370711552
377361504385118209
377359042483855360
377359013073391616
377355041008783360
377345797815554048
377341699049009152
377339834857033728
377339724836253696
377339673611231233
377335838340055040
377335770857897984
377335300844191744
377334215635128320
377332915237289985
377179017302261760
376660375334170624
376403105501696000
376403028712366080
376086530068324352
375897630288920576
375886778818777088
375885951647506432
375885860660461568
375883946816327680
375724314508935168
375672231592202240
375622348260794368
375540311856279552
375504350426456064
375501607464894464
375492122843287552
375258467831136256
375246338830925824
374998220965158912
374854524592488448
374846096985817088
374824761899376641
374823238674575360
374822037065199617
374781037584588800
374585409814028288
374575578088611841
374530388267663360
374514660944265216
374514611040423936
374465001219579904
374220849697804288
374197315281510402
374195835350695936
374063666460508161
373373055269355520
373371138833149952
373370933295468544
373369165668941824
373368036662980608
373366595113861120
373360651064074240
373352327501328384
373337964769980416
373179575242850304
373179147943964672
373073737081704448
373040848923295744
373040781353041920
372999508906766336
372996716574027776
372762586288488448
372629214773919744
372623734978662400
372359125520613377
372319616129052672
372317693413965824
372317621670395904
372317258494009344
372316596833775616
371848254105059328
371200003504893952
371199242242916352
371197922765185024
371195520016187392
371105883398209536
370224163321286656
370139660015923201
370131545677647872
370116567419588608
370101218762588160
370083386649759744
369705032436178944
369687272016596992
369676811946696704
369675715283025922
369332100362932224
369331827443380226
369024002645192704
368734714758062080
368654001996173312
368258922689626112
368244827865251840
368244588513079296
368238115019694080
367948382457040896
367915464015368192
367913905105805312
367897248388370432
367897156944134145
367891360357306368
367753487415005184
367734945600770048
367726192889442304
367717609300836352
367676399152533504
367572049277231104
367353587158228992
367231645893394432
367219490599493632
367211434041540610
367037760357806080
367037136262168576
367036760716349442
367036066613985280
366976524227837952
366933541541523457
366909244789886976
366908829713182722
366873497634471936
366857350470041600
366854243791015937
366555291027906560
366481900765851648
366479411740028929
366478394067664896
366478036893302785
366470992224198656
366159619367780352
366157662636883968
366157525063704576
366157217579286528
366156665390776320
366155487575678977
366154623112843264
366154509749207041
366154319478788096
366153496795414528
366153296207020032
366135373992173568
365913338707853312
365882977911177219
365826162632572928
365824346280820736
365823907195928576
365823800274731008
365823669206925313
365821548273213442
365783893086965760
365574101668073474
365567696009576449
365447550402174977
365395382089420800
365119286026977280
365064986436972544
364812877540392960
364800673952432128
364784481644711936
364764097293729792
364758456592379904
364756721169735680
364754307012235265
364750310918467584
364717873798713346
364713923418664962
364673282550677504
364648478820941824
364422714523918336
364414711313735680
364373882079543296
364370732496990208
364369990171885569
364290171501424640
364285235782877185
364256881361293312
364135246880448513
364128773051908096
363980645804290048
363938644853141504
363937675889225728
363936707831267328
363727131609530368
363617335313457152
363575685123551233
363575577279602688
363330758036832256
363327845201752064
363306212869562369
363242814962143233
363239894149120000
363238681986875392
363230931089653760
363225084229468162
363224864166903808
363224759741317120
363046345285705728
362974278297190400
362936811829460993
362932656477978626
362932562651385856
362622004785971202
362608169777774592
362607297844879363
362605616214188033
362605383535173633
362579714885423104
362574058056982529
362572869387026435
362572863787642881
362572851645128705
362527832116703233
362523663213404160
362523502575759360
362256793667256321
362251458369961984
362230577237213187
362207430727303168
362195943845662720
362190684679184384
362190562733989888
362185160218783744
362170505572253697
362162594854862848
362157677234765825
362157588281950209
362155316210712576
361895961376718851
361861989703745537
361824600742572032
361765408564445184
361739180683960322
361591725854179331
361410898293817345
361410028651020289
361409033011339264
361392371855929346
361158950839779328
361029701973716993
361028500846690305
361009407057866753
360784875629985792
360778911828811776
360765347617456128
360682440920023040
360680857847078913
360412575864864770
360389998735925248
360343785164636160
360327780967256066
360313745488084992
360094530667675650
359982532709711873
359981012232581120
359776395343310848
359769267874447361
359765077638922241
359753671388569600
359752046288707585
359750080158367746
359738090165764097
359609345106911235
359607291646976000
359604753635876864
359561231377514496
359362185048231936
359340060829028352
359258851285016577
359241867923177472
359208348094169088
358919359206408192
358897142271709184
358896931126255616
358896355927793665
358891737244119040
358254545224216577
358223663511773184
358178083259416576
358115085840957440
357861869328936961
357833371986042881
357821599564578818
357818132519718912
357802146386808833
357793872455270400
357744638045589504
357499548005957633
357462744817078272
357462331199979520
357461811555074050
357449349761990656
357447443304022017
357425123097198592
357421142400708608
357417425173614593
357411549436067841
357404815405486083
357248269644075009
357230716125319168
357164973614575616
357160242301251584
357160185841713152
357155637790117890
357155045843808256
356874171537559552
356818139188695041
356792992788520961
356748766814023682
356713488988647424
356507591758721025
356491234631618560
356022492718051328
355988808849833984
355985073436237826
355822422752104448
355815712687796225
355691815489380353
355659454747906049
355649795945279488
355435461394702336
355430348307447808
355359793772376067
355359692609957889
355358333219241984
355357810084679680
355315306148798465
355289689617481728
355256032685076481
355070435769065473
354963106998398976
354942498424094720
354932549618896896
354643486064123905
354636787861307392
354636521162293249
354636238399082496
354537435264323584
354468260105814016
354310239077675008
354304121853054976
354302282965319681
354202925159034880
354197327017283584
353954099861008384
353910955790438400
353870681143902209
353452883074760706
353174846546522112
353162927114682368
353067298669608961
353067128661876736
353065113567232000
353037201820499969
352899555882311682
352800719604166657
352784311067475968
352782904323096576
352759139816058880
352743804501098496
352684624490659841
352676181981663232
352669003107414018
352440463640375297
352341258359947265
352319437862473728
352104491509743616
352103764842397696
352052656291856385
351994370771263488
351985623411851265
351984292647284737
351962876015157248
351962216964169728
351957157526249472
351724302212665344
351637851076706304
350988621131689985
350940682573185024
350921617708294144
350914749464190977
350529581708611584
350525160744427520
350518669249482752
350518248720175106
350516603064037376
350512530503909379
350510874353610752
350317711022231553
350315646787141633
350315539207434241
350315489270046720
350315408995262466
350315308088692737
350315265046749186
350315169928327168
350291576221736960
350282316645548032
350271417226498048
350266513841856512
350235974690803713
350189254896398338
350188445815152640
350181640846311428
350149689267589120
350148835974197248
350148048577499137
350137423071674370
350137043751419904
350000652870615040
349977983676723200
349952184131141633
349951226370199553
349941818642808833
349941534902321154
349940985389780993
349901085881802752
349900997746884609
349848171079409665
349848038371639296
349841777496301568
349832447904591872
349830905906475008
349830625081044993
349792581867147265
349791116431859712
349620082357448704
349619878728187905
349613880047190016
349589750249832448
349477397466333184
349476455278854144
349452137408897025
349076907817594880
348899216321572865
348872782001614849
348822863765184516
348822817481039874
348822814201110528
348816442449358848
348427961910824960
348383354028183553
348360800114728960
348092247335661568
348057852415459328
348009767245066240
347831292966092803
347799495196688384
347798336155312128
347794541136457728
347651344183734272
347618579631464448
347470789894864896
347470665772838912
347470584667582464
347470478434254848
347424799800307712
347421302434439168
347401501485973504
347371279793405952
347285416271028224
347008616580149248
347006510347481091
347003963629002752
346996681751027712
346996584032129025
346974757268365312
346956970063970304
346954493985972225
346925061288128512
346899459256500224
346879905130242050
346688836409122816
346588714471931907
346569922341642241
346544292451467265
346364122356658176
346212298265870336
345948113321725952
345914438844559360
345822635671830528
345813468626178049
345533773976326146
345532725010264064
345454544337133568
345454288425857024
345451895772545024
345189452890656768
345184721677991938
345182328320045057
345181851327025152
345142769444073472
345112309254991872
345096695765405696
345095199959183361
345091502827008000
345091330579496961
345086023333707776
344751166132981760
344709194441691136
344483377623203841
344463056044167171
344416458304016384
344405180789436416
344399321107685376
344387609612677120
344384530678943744
344345755387035648
344123515798188032
344123404623966209
344058494569299968
344058007228932096
344057335452401664
344057161917284353
344056049420091392
343986123837698048
343980381336375296
343728814116970496
343728668041961473
343708170138570752
343658417111568386
343296788301754368
343295184769003521
342929910182076416
342927613037264897
342914591455588352
342866705992806400
342863056671473664
342827123129593859
342676745108992000
342632472942608384
341723042700988417
341484606576533505
341483658252787713
341482372132384768
341466811956617217
341431771231043586
341366132491567110
341261366486777856
340413738987421696
340360044342284290
340354515033272320
340353973733167104
340353819919663104
340184494554361856
339806800243212289
339767225047207936
339764176845152257
339718339582631938
339463091458818048
339398591829393409
339371384046231552
339324793331515392
339125527992467456
339123751528562688
339115100986290176
339006041004064768
338583332319272960
338563856370634753
338559982264020992
338256618636603393
338249949940695041
337963382235856896
337869783494172672
337863866979598336
337863817818148864
337863767289389057
337863666261168129
337860107188707328
337825226224197632
337684278890598400
337630884855439360
337509508802813954
337508498009100290
337508216592269314
337468891469053952
337464742014763009
337459397569687552
337458334384934913
337449945076469762
337209888142917632
337198557469749252
337177979543244800
336915822025003008
336891180728082433
336887148882055170
336885593642524672
336881382867488768
336881245155897345
336880923373088770
336879808673882112
336879461783969792
336858641275711489
336857334468984832
336797152829399040
336788170446340096
336784097261285376
336783153807122432
336782122918486018
336763118443184128
336744566059331584
336739324815097857
336739232792080384
336734358113247232
336559727733518336
336516337587347459
336513189208522752
336507004250124288
336491142323511298
336488973255979008
336356127455453184
336355987550253057
336229852233474051
336207489848729601
336207455086321665
336203540349468673
335805763291336704
335797157405806592
335797058839642112
335796912722702337
335796308923256832
335796236177248256
335779840512888832
335779335107657728
335700062711709696
335699925113376768
335696599923695616
335438126824701952
335425633326882816
335419186257989632
335417968093704193
335417909155340289
335417725449027585
335387608576299008
335387451801608192
335319508912861184
335296107410247680
335279111452909568
335278582488260609
335081626121928706
335030485904400385
334941624318697472
334941566596677632
334941446085947392
334650748648448000
334396157432315904
334395387341324289
334387331064811522
334386247692849153
334386025252143105
334385644879085569
334272879585787904
334272611481686019
334259447746670592
334242410534170625
334234043040276480
334227593178013697
334227335861653504
334079821535662080
333928307676553219
333927328293998592
333895266535104513
333894734848352256
333637059854094336
333127456888336388
333126799468937216
333119226065858561
332797165682450433
332797108124004353
332797078218608640
332775719547588608
332766889019322368
332746297381642240
332741684997804032
332593314752782336
332575197297266688
332571554221289472
332380942637363200
332240321595461632
332205885629812737
332203930333356032
332191767627698177
332191666662424576
332122972531855361
332122693858115584
331889016750362624
331778477290295296
331777630829412352
331710234370396160
331409972715999233
331404565763198976
331403242883919872
331403157387231232
331324636019167232
330653000207048704
330020952236769280
330020866865917953
330019114628313088
329890813796560897
329857154012045312
329855473266356224
329853430795489282
329539274666016768
329522073229729792
329514504977268736
329495408986451969
329486279492399105
329267122310086657
329188429688623104
329174484684787712
329173754452271104
329165634845949953
329165538213392384
328953097772752896
328950527222226945
328949629590859777
328865219122184192
328820030806560768
328535383551905792
328535102864900097
328121527847510016
328107279683579905
328107214432792576
328102664716054528
328048646702645249
327775962068570112
327775475231490051
327775319434080259
327679896270798848
327673383116476416
327673041679159296
327671905962307584
327416609406844928
327338075233611776
327334223075766272
327133640968515586
326996033093656577
326977367274815488
326943498479734784
326706130652917760
326703721348202496
326689170544291840
326637778945339392
326635755839582208
326412169782624256
326363463138017280
326314463257047041
325918036118872064
325671850883567616
325671800459632641
325668582967111680
325594446219599872
325591317654691840
325309157299335170
325296548743368706
325291439602941952
325291312205164545
325169572531548160
325127351350468608
325009741501849600
324994714396925953
324984625321615361
324983171777191937
324931293374726144
324923326826962944
324821232656723968
324794591423393792
324792764413927424
324787055836160000
324782695156690944
324782517175595008
324778110019067905
324574021054251010
324566423487778816
324565532068159490
324442878631882753
324415186087841792
324250670477746176
324247024595791873
324240720405860352
324233572284252161
324105094410928128
324104973870837760
324104876370046976
324080310855815168
324048400066674688
324043959259246592
323918623699763200
323883478766723073
323868337471909888
323837066079252481
323831876399812610
323831421326209024
323829131815030785
323826011437416450
323796061326032899
323795450643759104
323747570599993344
323744735091126273
323346315427860480
323130824214052866
323130166970826753
323128412397002752
323124356672782337
323124128943067137
323119228225994752
323110218571603968
323077787252555778
323077726279974913
322974296383291392
322824977831325696
322752104768892929
322687249454075905
322605633985716224
322605160364920832
322410920053727233
322304620087103488
322235112685187073
322036532993196032
322036296627408897
321955396577292290
321680438135508992
321671292321398786
321638713849434112
321622808104943616
321329556676046848
321329342477107202
321328158156668929
321309240197255168
321258636812881920
321243425611603968
321229774460702721
321159339194867712
320901370737721345
320557409582080000
320181679387987969
319823361905680384
319821049682341889
319819106150916098
319816741096136706
319786377694814208
319591303413391361
318832494290030594
318730956922056706
318497198369284096
318497005364187136
318474502663192576
318472319712518144
317543677453008896
317540242951401472
317533104405364736
317405140678242304
317348190309453826
317284865169043457
317281890769977344
317281650654457856
317264814781104130
317252656290725888
317246193543573504
317215792829693952
317169834209210368
317040997592883200
317015526293504001
316964297274183680
316964181083582465
316911549673517056
316882327911415808
316879910675292161
316837626411896832
316837549140242432
316837479812587520
316837408735903744
316610851597590528
316530111967006720
316522775793786880
316518241457565696
316518136474107906
316517969977020416
316498673683034112
316494064293924864
316488393968193536
316487632089649153
316486430731948033
316486209348182016
316486044277170176
316485768619106304
316461700192817152
316461429710544896
316461347284086784
316461246717251584
316270202142720002
316128999313137664
315884445292953601
315476939878043648
315352963772194816
315347778740035584
315347735303815168
315346959995121665
314984658884521984
314343515519852544
314327260754767872
314327063920263168
314312161876918272
314295309557698560
314294927754399745
314294169877221377
314293802833674242
314067419880624128
313978582844182529
313965773729181696
313951099814035456
313637726484316161
313617893906608128
313248453868273664
313069367988457474
313044161181937666
313018349279932417
313018298260410369
313018169088409600
313018079129006080
313011668781236225
312571326567153664
312521205359996928
312513109241757697
312508582392385536
312115391088447488
312109387995033600
312096745444220929
311971250253737986
311968273333882881
311877270937690113
311864097081786370
311601676119314432
311547491982135297
311525386435563520
311525106927144960
311507004818595840
311490554028490752
311490485757820930
311436818446942209
311432389496807424
311212435023486976
310800414842957824
310340366110949376
310337959675187200
310337898320912384
310331667497775107
310320368009236480
310320260354023424
310143893238841344
310102696994680834
310027526330261504
310027448672718848
310027363603857409
310027263930413056
310027153997717505
310024439553216512
310022381718622209
309991886645518336
309977912155705344
309976595823738881
309943095854780416
309718237891923968
309717180189143041
309577189278502912
309574482060779523
309418457026424833
309344055836409856
309342481235968000
309336466381758465
309336147971166210
309263829722857473
309251387462668288
309239462171389952
309210926291222528
309204826204557313
309011890657443841
308937081114202113
308913129520263168
308879139639791616
308839803359748096
308837018446725120
308655030641233920
308640484593651712
308619023292170241
308596267976626176
308572211214688257
308565916386480128
308562957544087552
308524583458320385
308514825099681792
308318423430086657
308274102756601857
308262630504689664
308262488569442305
308193622141054976
308183227472945152
308174741167022080
307898798401806336
307892323897995265
307890713587220480
307890346040360960
307889519057854464
307886030537764866
307880105512951808
307877667955412994
307805395013992448
307792198328528896
307785461470986240
307764654992683009
307762844651376641
307761762311221248
307557760432754688
307505618028199936
307495956465733633
307470528749387776
307470266882199553
307462931937906688
307454195194277890
307449754256822272
307449252907466752
307436140816912384
307433346739355648
307432103556050944
307422372909154304
307381682221240320
307265967719854080
307244266051211264
307244196509667328
307240061596995586
307168457600933888
307165431096020992
307141882511769603
307112636359770114
307112317173264384
307110854120337408
307110635219607553
307106306219720704
307103925922836480
307085103610347520
307084961800921089
307084783886929920
307075699787837440
307071884351119360
307066427062497280
307066282694569986
307066201899663360
307065431582191616
307039432664571904
306896519561371648
306896351629811713
306896260168818688
306896101489913858
306895973274251264
306895871952449537
306895774392926208
306895670109949953
306895427939221504
306887366843453440
306887310367150081
306887273331433472
306887128808300546
306887054384566273
306886911786614785
306886761102073856
306886565265813504
306886478812819456
306886438157426688
306886293009354752
306886236272996352
306886156195340288
306886055100035072
306886034942210048
306880890183766016
306841748183842816
306841686179471360
306841462522404866
306836810263314432
306830747518500864
306830510544543745
306830387043250176
306830283628498945
306791243038482432
306789357686251520
306789228547829760
306789086692245504
306786152881459200
306786056311828480
306781808761126912
306781506653794304
306774519836708864
306769570230857729
306767225099018241
306766972488667137
306766787175931904
306764932098162688
306763630169432064
306762201757278211
306761229395955713
306758668165201920
306757414986866688
306756826798632960
306753904425725952
306753767162929152
306753170850332672
306753068916150274
306752875516788737
306745804901711874
306745444610998273
306742421625118723
306742300673966080
306733065814822912
306731078691995648
306730997314097152
306730926510055424
306730865881411585
306730036256468992
306725190258278400
306723375219343361
306722695150718977
306722583502548994
306722521946939392
306722275196022784
306721171368460289
306721044855664640
306720941470273536
306720858922156032
306720608924868608
306720488216993792
306720355366625281
306719510671536128
306718842137239552
306717395186249728
306717273807282176
306717209034649600
306716887327338497
306715420046536704
306715277033340928
306715189934440448
306714422896914432
306712705820160000
306712584747372546
306712524202590208
306711826538852352
306707435756871680
306700403205083136
306671263236116480
306669050497474560
306668808251273216
306668415081385985
306666718502219776
306430260944187393
306425924772061186
306314453417349120
306310418991837185
306024731197464576
305997159113834496
305997051286659072
305982436326637568
305980786920808448
305980115135909888
305735029932318722
305649718313222144
305628306739458049
305628239844491265
305628235952185345
305613742719250432
305042745356062720
305015388754817025
305011560370298881
304905665393065984
304905553346441216
304859831913820165
304858584750096384
304721772182384641
304668497986850816
304651174311759872
304639275322974208
304638076846743552
304637270424690688
304637064589225984
304595231460966400
304582781474848768
304308322453053441
304301063077523456
304299745252352000
304299655171284993
304295964678696960
304294172146429952
304293941161885696
304292683743125504
304290914296283136
304159415819436032
304159280054022144
304155638127263744
304151864788795392
304151776792297473
303847599893528576
303589417375916032
303586629744984064
303577173892165632
303563992864026624
303562760581697536
303451550003642369
303212756373495810
303192916241809408
302820974871580672
302819442503610369
302742400604975105
302741941483884545
302741775787896833
302718665273520128
302718540362952707
302714267751292928
302711206660165632
302710176186765312
302707079330820099
302706397156622336
302706248581791744
302462644235935744
302451053180354560
302164418295365633
302108436722769921
302103808090202112
302058959462862848
302058614695292928
301958060874813440
301769468152012800
301665905153298432
301636750453927937
301635510294691840
301633206036361217
301265184490659840
301263973699964928
301263809794953216
301263577036230656
301262934871531521
301057425895747587
300998057716236288
300962882437390336
300903803283197954
300686937449189377
300686764073435136
300243683897380864
299875568214740992
299430971701350400
299428298562342912
299154173205823488
299148364354813952
299085525837553664
298791708467019776
298789336592289792
298779966793977856
298675515475251200
298661612536090625
298478021378199552
298473783738650624
298203768170901504
298075638399660032
297735556371206145
297685403962572800
297655818805993472
297642827511382016
297632866295218177
297412254792568832
297409757126488064
297338258612973568
297322295024820224
297255551052693505
297255471822303232
297255277907046400
297084042149494784
297068926049869824
297033899337461760
297008723371651072
296941307262300160
296938049475051521
296918426570608640
296913767265103872
296906693458153472
296903786914529280
296707002174951425
296691262290014208
296677350261813249
296636204026298368
296620532323983360
296617547908931585
296530373213564929
296520095499419648
296371972978397184
296371904493785088
296371872600297472
296371824239968256
296368170506272769
296358768617345025
296301931192778752
296250097468063745
296217088681451520
296214262697832448
295890835222974464
295877788735516672
295604243623211008
295467679467315201
295462668653981696
295453761516756993
295442908381843456
295440936773754880
295096060647469057
294778104860274688
294773332258201601
294718354680344577
294708145312391168
294707853728555008
294436835944452096
294436642268258304
294411271216959488
294391127279276032
294347790795014144
294183076890812416
294163156299816960
294160597912788992
294118505576550402
294070675453386752
294070476584669185
293998640907837440
293989761729822720
293976829805613056
293428019752751105
293408488674189313
293366208961605632
293295915450654720
293295413593767936
293290667214520320
293252717240012800
293028259933847552
293025427864289282
293025165518970880
292968638816862208
292956596890378240
292682481990242304
292607012397801473
292598775728451585
292212249702060032
292209139239751680
292181506879791105
292174098447085568
291970419500666881
291937881528885248
291929161130467328
291875907864518657
291851558658920448
291837025320067073
291587993293168640
291565501312823297
291517066215825409
291214882416758784
291192492211175424
291146190488207361
291144945614614529
291091816466497536
291091304014835712
290865658776940546
290859348052283392
290859067298152448
290857445641826306
290857360702963713
290820728167727104
290819778749288448
290804831122235392
290795033802727425
290746319532879872
290502691518566400
290460511533944832
290431768560013313
290430051978182656
290429162651541504
290425052283936768
290424193168838656
290367605452185601
290364460441419776
290043159923273728
290029851396689920
290022995907461120
290022726289203200
290022342837555200
289809240485408771
289672454668951553
289649926911172609
289634712924860416
289634209050529795
289623265553567744
289055246641135616
289054224820604928
288540297988825088
288234972383428608
288232964653998080
288202672694251520
287840367179616256
286724950109335554
286722730391371776
286721769698648065
286657038988222464
286656999549202435
286656932050268164
286656899804438529
286054724829081600
286005292372725761
285967338094866432
285964151652753409
285699223574433792
285613731625451522
285385275872514049
285385208797224961
285385178992480256
285385142002929664
285385090517839872
285385027146092544
285324525636288513
285161123936870401
285130943117795329
285085838893797377
285085745788633090
285084481285652481
285084387765272576
285084242151616512
285084047242309632
285083910168268800
285083826735169537
285083713803546625
285041536863977474
285036951294316544
285027813076115456
285027761494573056
285019945102884864
285014408860684288
285014371917250560
285013322154266624
285009957374550017
285009804278243329
285009681544527872
285009597062840322
284997736883949569
284997619284049920
284997508751560705
284997008664715264
284996961315205120
284996896475467777
284996861826301952
284627766773686273
284282698804109312
283935433048588289
283884940016381954
283884622763417600
283884468085870596
283498292673921024
283498071462137856
283498011001253889
283135030023307265
283126823158689792
283126225982083072
283126047149547521
283125095248048129
283124933373091840
283124901357969408
283119979258318848
283118836176273409
282811986927042560
282504573250310145
282437176568975362
282318193706561536
282077902198165504
282060981771857921
282060292974837760
281804688641388544
281743425299173376
281740710099685376
281550858469117952
281378221637898240
281372937787953152
280966657583751168
280939059206037504
280938484414414848
280778465844801536
280663244778127360
280662413718740992
280661680764112896
280378187286982656
280377185204830208
280374490192556032
280374480835059712
279961769072533504
279960062439616512
279958633356357632
279953565370441729
279953053644361729
279951812226867200
279646666192216064
279613795293356032
279572449656459264
279521988773543937
279236653229428737
279180489716269056
279157232099291136
279155278497345536
279154862619504640
279144794989678592
279120149414572032
278877192061075456
278834841892560896
278834190458421249
278811843777146880
278805628338728960
278804382957568000
278593548901834753
278581635589492736
278581532048887808
278502118644649984
278402258142646273
278178219096678401
278084809237073921
278084437554630657
277741739454898176
277731371902963712
277515424919339008
277399166462865408
277383726915268608
277379033900126208
277123013999218690
277118333290168320
277016352018030592
276992239392141312
276990564409438208
276962123588972546
276961948023787521
276757758437629953
276405236275507200
276333847631757312
276223372013228032
276217357616156672
275915373092691968
275565237023936512
275564600915816448
275557887433121792
275506882473504769
275327563138756608
275289555136028672
274820151529066496
274784707957362688
274590738807934976
274590652564660224
274589670850039808
274574544285618176
274574433384026112
274529386399674368
274506885820985344
274427422932361217
274426933469671424
274421989001809920
274216800252723200
274207348053127168
274207073573666816
274190631641956352
274170371572367360
274145123825250304
273874042728099840
273873138612326400
273872993913024513
273872297687928833
273871526166683649
273870598709587968
273870446611554304
273870087616876544
273869238316462081
273838859157127168
273789474880761857
273749553528836096
273749384917839873
273749311383281664
273749173059321856
273741124479361024
273719428095549440
273718794126503936
273684060264615936
273475870948212736
273474675760320513
273461836437925888
273436361489522688
273435103764566018
273434978312929280
273425380482887680
273381989980196864
273381758685286401
273381089035309056
273360817934704640
273359215182106624
273356412581711872
273355668197613568
273355614632161280
273343197822980096
273330777314455553
273145603180081156
273142377143738369
273139407341625346
273134020777345024
273129774598193152
273129660823506944
273129565860286465
273117422716862465
273117198258692096
273087863200022528
273061890215792641
273015852834631680
273015799038504960
273015501448421377
273009187410292736
273008593010302976
273008361891573760
273008001907056640
273007328549294081
272985141570322432
272985102944980994
272984999786074112
272795410341441536
272791370291363841
272729566794117120
272704158841331712
272701624923873281
272259086911934464
272248720970641409
271931506367283201
271931110110416897
271678874880983040
271670753936670720
271325670787911681
271275760780734465
271257766419640320
271213703003770880
270582835369345025
270572248484704258
270528330795741185
270500415899041792
270496113629487105
270441931547475968
270439308035506177
270435424919502848
270249412163420161
270128595303817217
269848050309144576
269846115166330880
269754740521463808
269754584673685504
269750306714292228
269750092838342656
269710616409817088
269707101364948992
269502884054462464
269499637063352320
269454800343687168
269102350537457664
269046813242306560
269039786818428929
268979444310474753
268978870689083392
268796178819321856
268794259300311040
268781051084673024
268769547123822593
268715098682568705
268684575658610688
268646846447095808
268423788000071680
268419881538564096
268410920470999040
268410616237150208
268410239240531968
268330200801107969
268330108316688384
268297586157424640
268293004060684288
268292590330318848
268290244707749888
268289787633467392
268286666450563074
268286306071744514
268065204766654464
268056206889848833
268047045368094721
268041472039858176
267984327831339008
267982749909004288
267974519749230592
267709306634387456
267657353170665472
267568621503537152
267566550570119168
267305755823190016
267304614024581120
267253353099173889
267185448303095808
267011524768436225
267011491411148800
266923048895123456
266877928271396864
266823186845421568
266808728181956608
266808379446525952
266803795336503297
266803610082484224
266625592915529728
266625425910927362
266619416878383105
266619308061368321
266502603674882050
266475251037257728
266452393762357248
266450697770381312
266443421261103104
266441272879886337
266440956734230529
266438041399357442
266433675447644160
266429551368863745
266429325983748096
266427964206485504
266427772489052161
266427501948063746
266226301877243906
266225477985894400
266224585236680704
266139071259238402
266069773601873923
265829952786690048
265816370967621633
265815487861125120
265759446167343104
265751089062744064
265717793134092288
265717666323525632
265716381394280449
265716175693029376
265714929682763776
265526577926897664
265499933908545536
265482176819257345
265397013749854209
265396943348441088
265176646468894720
265078643993214976
265022835079139328
264701437324439553
264700750368751616
264700471447543808
264699330840113152
264478721874984960
264476495475527681
264443852646129666
264391592834646017
264389324215287808
264346846674186241
264293521081630720
264001563859775488
263999678708850688
263731364858327040
263712337851199488
263712055490654208
263645258590613504
263589115268833280
263588463729840129
263535971625205761
263363074935885824
263358961837809664
263344942716440576
263309297994317827
263282916627447809
263231393671299072
263184131062644736
263183519956746240
263179755065597952
263006595867344896
262981539728609280
262960736286941184
262912965060222976
262907435759566848
262906149282672641
262824623354298368
262649433827721218
262519483955036160
262506462704726017
262506355699613696
262506320387784705
262506292638281728
262453341156687872
262453264786812928
262453216233545729
262453120913793024
262452441251991552
261838125423271936
261807134004625408
261807065381621760
261761303910170624
261752164991524864
261750430374191105
261746779622629377
261743252045172737
261742952743837697
261737252101713920
261727482007400449
261711375976505344
261524382676029440
261522573198770176
261486595113361408
261482168889516033
261475940499087361
261432392135356416
261427075645313024
261400830744338432
261397333294608384
261380822622408704
261362871080996864
261165347414089728
261101731314806785
261101601505308672
261044489790029825
261030951029702657
261022889036378112
260991700581888000
260816334101823489
260816111489150976
260735954418024448
260726787452043264
260722227425726464
260680595682779136
260395479202926592
260395322126245888
260395031167377408
260394421860835328
260393586384855041
260363470682353666
260362439906975745
259943519869878272
259943019569098752
259942659987230720
259942596544176129
259941405487665152
259591255552565250
259329061443235841
259328970804314113
259293885589766144
259291525698187265
259283541630791680
259282600521261056
259280028511117312
259263394916483072
259236889905725440
259228070463012864
259220593755439104
259186483544604672
259184469976707072
259184359351926785
259021758697439233
258882430470066176
258644432184819713
258632603450634240
258623602121924608
258623376522870784
258581240213549056
258571361641975808
258570336428236801
258540170050158592
258539823680348160
258507415761330176
258507350200168448
258490300081766400
258480343902994432
258480209483939840
258479906051219456
258262923737198592
258262443501965312
258256202239184896
258227304927465472
258186237838512128
258160416784543744
258148383393468416
258148193471176704
258141091344285696
258138671000211456
257891634132418560
257865947463942144
257855813371191296
257829670144319489
257824720941096961
257750299383574529
257548570062897152
257535191566909440
257507730804330496
257440732573487106
257000370994307073
256794589447467010
256793543614545920
256744515547828224
256742806490595328
256742016778637313
256646825220661250
256448101739528193
256447975516168192
256442977113755648
256436391481856001
256435894846898176
256429907968671745
256419600349134849
256419314800922624
256408558298595329
256316604068020224
256314998572326912
256313229796589568
256080899576299521
256034678388187136
256006295017107456
255932404991139840
255931901519491073
255927246970298368
255722327197769728
255702449216704514
255649773896466433
255648070006628353
255636692281745408
255624854068420608
255603562757881856
255603494919225344
255580591683166208
255561527774568448
255552679978348544
255385394403753984
255357727910551552
255357497735524352
255355900401946624
255340935255306240
255337330745937922
255247703032864768
254895496110411777
254558912525762560
254558767998451712
254267783704109056
254253214222929921
254252719240519681
254105635703115776
254105543596195841
254105054246756352
254104702038450176
254094789035839489
254094633586552834
254094558126813184
253972499308617728
253972349215440896
253972094566682624
253920000069468160
253919314258837505
253900008611540992
253868735125925888
253852371019513857
253784341656780800
253483056281837569
253473297562497024
253472749119471617
253445703798501376
253431361719898113
253414128444645377
253411548184313856
253181197293871104
253178924463435778
253176488206163969
253176346140868610
253172407634907137
253061747932536833
253061556210913280
253060983378038785
252695797689376769
252494177076641792
252038068553527297
252036673725145088
251996212432105472
251995212900077568
251988230591889408
251667201201958914
251603508787286017
251598907241558016
251444042875928576
251443646258376704
251364623473864706
251259806902538241
251249974724149249
251082836059254784
251020196934979584
251019596914630656
251007303862607872
250878143446011905
250870892886900736
250870548488388608
250870468750483456
250868491865952256
250495130891603968
250349320921026560
250320665780056064
250255134486040578
250254918886244352
250248591350841345
250195451150737408
250194245061840896
249823466222665728
249784528393084928
249612914594570240
249542261526904832
249230040846458880
249197551557939200
249185891757735936
249111947088388098
248827063589556224
248778756796317696
248759817773129729
248759198005989376
248756105956708353
248754414645563393
248752039054688256
248747954163294208
248717999547248640
248696157822414848
248511495296675840
248442305776857088
248386509986729984
248333533628731392
248317540852432896
248042683250143232
247993416854691840
247952415146508288
247600380425404416
247596168006205441
247589578247118848
247224880242765826
247224423793430529
247221461612392448
247013557844209664
246922284315598848
246630442252525568
246546934867828736
246509427434332160
246192949489201152
246192721679765505
246190397683019776
246189675256115200
246188115373473792
246187936054398976
246185013824073729
245593307823099904
245590825789165568
245590580292362240
245565476711854081
245491749882060801
245192423259639808
245182566368419840
245137303247413249
245135475688480768
244425537810989057
244100064551763968
244099840299118592
244098090922024961
243731461138698240
243610468638396416
243600493056761856
243599129899569152
243394444555083777
243394156251205632
243394097010860032
243341383216287744
243238069191462912
243230135615107072
243230064538431488
243089751358459904
243081323525328897
242897011819565056
242896861080481792
242528110812205057
242508136701911040
242249259280396288
242222556013293568
242206204586242048
242179703497175040
242161044326318080
242159048999436288
242150530900705280
238639357291032577
238627041300344832
238626990998028288
238555930566987776
236850549495037952
236807868425330688
236535546833432576
236483826304577536
236483662391160833
236483552005484544
235998089029238784
235800426690252800
235736098125533185
235357941623054336
235355126649458688
235038107156762624
235036903487971328
235036155752611842
235019929596866561
234927124736258048
234791148718284801
234773047238868994
234754318954291200
234746725120741376
234739494773993472
234707549478330368
234634795651588096
234594615846649856
234360698476584960
234318323448438784
234166109480316928
233920627285839872
233920523397120000
233920423547531264
233835405332598785
233832875869470720
233590657543987202
233545018969845760
233474977477840896
233459390932463616
233455955591974912
233455896179666944
233452329997832192
233450447116070912
233449671698309120
233449412393832448
233245624445837312
233234972000014338
233147178544140288
233145787394187264
233117951287500800
233117853035933697
233116856066641920
232948367091724289
232776140509556737
232463319670345728
232383625990135808
232380811574407168
232355796095209472
232350052851519489
232346356654669825
232345821071437824
232344541544460289
232340426391179264
232219672412565504
232204144864272384
232130074508398593
231996472177074176
231991559086817280
231866917554618369
231863897697681408
231863720249270273
231859671038836736
231856245118738432
231855530593898496
231855371562659840
231853913505153024
231853720697188352
231853549284384769
231853474025975808
231853311303761921
231853190998532096
231848965069484032
231848329028464642
231845021500968961
231807259758456834
231804418251706368
231799428640538624
231784266374201345
231663269939650560
231657368147095552
231354266550407168
231352353155067904
231324692672290816
231065837052776448
231037249209397248
231029799961890818
230932829717028864
230919934396481537
230912702506229761
230912496213565441
230900879514021888
230728906901164032
230646484675203072
230644724816551937
230643978230448128
230638621768683521
230568108790792192
230541181715623936
230540059949031425
230190081602887680
230172621214470144
230169393970159616
229887134532788224
229878916087697408
229494026909405184
229493465971568640
229492999476883456
229492349632405504
229491725691920385
229141967219605504
229108771857776640
228987329451278336
228967178215497729
228966972233228290
228961982676627458
228960263557242881
228950686581276673
228940946639814657
228825785111281664
228769133225988096
228768390100176896
228732096498257920
228731597850046464
228475571720572928
228475015060942848
228371104387969024
228364770267516928
227884140677197825
227758865398251520
227711084289736704
227707827056173056
227695377099419648
227683533710323712
227680033894965248
227676663578759169
227392803196522496
227353156718321665
226939200669372416
226936756648411136
226936492746997760
226923684068208640
226645161374007297
226613902039994368
226609994794139648
226606177155436544
226604584892764161
226421059937767424
226229278759596033
226229070998953984
226228297401528321
226227838410428416
226227690536067072
226226775590580225
226187813085929472
225860453891448832
225832369100296192
225831526569492480
225831451885699073
225831376337895425
225644687367749634
225642386611642369
225642289115049986
225636215930621952
225630943942164481
225630882571104257
225628928621035521
225496892048543744
225471008428142592
225468870281015296
225467276068003840
225464812736495618
225462037768183808
225172210501951488
225166701602410496
225165597263142912
225164702492270592
225162789428269057
225158708425015297
224915078678450176
224881813720543232
224835746354311168
224727478311198720
224590123617091584
224588413347700736
224548656026615808
224432123849879552
224420892149682176
224400172392787968
224399633244356608
224012396723843072
224007887909961729
223832502643597315
223816226336542720
223796449643724800
223779251265085441
223779195396947968
223756017287168000
223755922848227329
223755857605828609
223748919979556864
223748548351623169
223690843909914624
223686278267420672
223685211823685632
223313535428591617
223291456918523906
223128251453800448
223118615296229376
223081466039517186
223079416031490048
222940692203323392
222940550913998849
222925841120763905
222925480259624962
222925296054190080
222924817735745536
222693598389485571
222394128619667456
222381160473440256
222366588521816064
222358464947687424
222348770854178817
222327178958868480
222218310039769088
222043296392953856
222040966566129664
221857496090939392
221857426092208129
221857258479427584
221855162594111488
221854994649980929
221490224092557314
221469522106925056
221274015774408705
221272072700182530
221217728164397056
221216861013028865
221216736735797249
221175308076843008
221175110944563200
221163445792411649
221161308895195136
221160911082242049
221159228918861824
221153456902246401
221153106291994624
221149731353661440
221125363181424640
221124160083079168
221122131386302464
221119020508790784
221116429066440706
221115819080429568
221099092242210816
220926148656377856
220890751326892032
220887506592333827
220806739237404672
220806674854850560
220802082255548416
220801521300938753
220796032865402881
220783769928466432
220779633363259393
220779258346344448
220776249004527617
220774661401755650
220611221450264577
220566234675159041
220560567612620800
220557466625253377
220557434228453377
220557371326472195
220516404569440256
220508157213024257
220470015911149568
220459535687626752
220459402614935553
220456251136557056
220455959959568384
220443355706949633
220438683537514497
220429246793912321
220420407348563969
220400884939620352
220396090749489153
220386417812054016
220380205922004993
220378973329305600
220378767728721922
220218085972508672
220210498375913472
220210411922931713
220210354767147008
220208179420725249
220207956501864448
220207373246136321
220207084669632512
220206687322243072
220206489393037313
220205801548156931
220203969958526977
220199495483392002
220176396109090816
220160444759949313
220138810414088192
220134038021738496
220130779475353601
219844390376587264
219844052550561792
219745905493028865
219745711716188160
219745549321117696
219745484036771840
219745290683555840
219745104913633281
219744906263007233
219744832669761536
219737919399788544
219677913027584001
219662376058888192
219447252719120384
219445931710496769
219444527050670081
219444103191080962
219436522594762752
219435856887427072
219435704378335235
219435282221637634
219434042393755648
219432226662780929
219045099659722755
218969835214864385
218949697790939136
218756913595289600
218724057124839424
218658868115419136
218658803858669568
218578389169225731
218574340067831808
218478767335673857
218408649863872513
218356711910678529
218346893846126595
218331838370947074
218284543554224128
218259300706025472
218238202283171840
218238051955122176
218237124841979905
218235678440439808
217997551138381824
217985390303383552
217954113504292864
217948087228968960
217947770743554048
217911279199858688
217890155728613376
217890062124322818
217722813073719298
217606769650827265
217586058999762944
217559852837384192
217552985495052288
217552809527214081
217530614973349888
217497161833791489
217234845154283521
217234282010259457
217223902114488320
217193976632061952
217128969634447362
217112971070021633
216957167742369794
216946830477492224
216920357267963904
216847953715937282
216847672403959810
216845834258616320
216510105322139649
216429874695507969
216429619107205120
216426634402734080
216215599980879873
216178076021817346
216177947248312320
216177569228275712
216174933045293058
216174775515611138
216174610922733569
216122080679297024
216120546751025153
216104423024373760
216104234406518784
216099158786965504
215910358865559552
215910101456928771
215909851782578176
215909778575208449
215747595350450176
215743734082576386
215739252141600768
215734083945365504
215731370297794560
215519871247724544
215494677833588737
215494635307548672
215478613359865857
215189934473101312
215122308946341888
215107724927705090
215086861155184642
215086680502312961
215086540550975488
215075231080001536
215053954369863681
215051425938546689
215026395292766208
215025355013095424
215014579384762368
215006555832205313
215003354160562178
215001719220867072
215001129841459200
215000403023101952
214999724107894784
214996531655356417
214993133547696128
214992642214334465
214819977050599424
214733160326512640
214406659286646784
214285644627841025
214280686578839552
213922609040064514
213922147381420033
213620448229998592
213619655519121408
213585353091715077
213585224200761344
213585162431238145
213585095024590848
213532381288726529
213291334897897473
213291130995998722
213291051048386560
213290881372004354
213287509097066497
213202832772444160
213202574822748160
213201860893483008
213195598621450240
213020728549838848
212965612220190720
212913147403714560
212870590661525504
212839151131832320
212604528439209985
212547678360453120
212497858258145282
212491546715627521
212483045729636352
212482828087209984
212482081861808128
212481317139521536
212479875725008896
212479684401840128
212476689219993600
212454721464713216
212443935149268992
212422727636758529
212223160903413760
212222746661359616
212219131213262848
212207881318178816
212153496869416961
212108558567878656
211775756932624384
211768965838548993
211530002842390528
211419960910688256
211410592936886273
211104866293133313
211084507669995520
211069175072952320
211069070949359617
211053418549231617
211045778309918721
210806076264812545
210804686754820097
210778152992120836
210748552597606403
210748273135329281
210705008449159169
210704704378900480
210621637819768833
210372064375353344
210363613834264578
210363468249960449
210360524834222081
210300953327452160
210295957215117313
210256072525615104
210255205789478913
210255070065995777
210094996815220737
209730793982009344
209699685856841728
208954100136677376
208941338849329152
208616178573262849
208556574896168961
208489720701927425
208489611163484160
208256635993468930
208256245939974144
208256132022669313
208256087076519937
208255742917087232
208253951458541568
208253588017913857
208253380974481411
208253189781327874
208252130929278976
208250803050389505
208245735676850177
208227615176269824
208217425085341696
208192470482292738
208190517601771521
208170998141423616
208159373959245824
208138177884585984
208135383307927552
208135017807872000
208134078908735488
208133945290784768
208128147193995264
208097542968328192
208081321203990529
207923386595282944
207922969933123586
207897452576129024
207877633655046144
207876653907582976
207873939412754435
207873885360762881
207871460851716098
207870890355077120
207869759457460224
207836159638896642
207811025553207296
207805918153412608
207795044319629312
207790961881915392
207783105887617024
207764930756227072
207757915547906048
207757852419424256
207756175058546689
207753229541453824
207718403853647872
207542126345588736
207541951245975552
207519138044846080
207495883691003906
207475651664543744
207449097408483328
207411910814076928
207411721516756992
207411508693577728
207411361544798209
207411264501186560
207406177867407360
207370823181406208
207163902939770881
207105885628141568
207056896618795008
207008991757352961
206669522457993217
206360220262342656
206287737895141376
206277176729935872
206077641797804032
205941926409674752
205935708723097601
205933715346554880
205933683914457088
205907092031279104
205906960447574016
205900888647286784
205900667599060993
205780270576709633
205546247203979265
205543726393737216
205404177936039937
205348932807688192
205329580175794178
205324332124217345
205315492838244352
205292505883881472
205234133985804288
205216232675352577
205214569956786176
205213258389532672
205210627252305920
205195700693245953
205011952316067840
205009899971817476
205009598602674176
205002770602926080
205001562907623424
204944716238823428
204875795838148608
204842669153857536
204821692772646913
204819122834518016
204813096278179840
204810441023692801
204810318965243904
204688686309314560
204687155224780800
204686432181293056
204630030700118016
204577219991977985
204577190384386049
204577122554085377
204526792176975872
204526676611317760
204517723223490560
204517651362484225
204517576590635008
204517481803558912
204515738369789952
204514787579789313
204511462474002432
204469644948549632
204250996946374657
203905120092692480
203882296342876160
203775436717690881
203759879570194434
203755057873813504
203754307407982592
203748800119050240
203743647534030848
203743014189932544
203741475996049409
203580707002519552
203579892137332736
203579805562716160
203579581872091136
203579518076723200
203539816716042243
203532632594718720
203532041202057217
203528939400990720
203528874385096704
203528679148617728
203524702772281344
203524569368244224
203524166731825152
203524104781963265
203523935395004416
203523622755774464
203523407655079936
203522961318219776
203522516747157504
203521805795868672
203520490717982724
203514336801595392
203450750796435456
203431943398887424
203431154982977536
203416915903922176
203414798266933248
203414709498683393
203414595451371522
203384335376719872
203383166113816576
203229368493932547
203176523417657345
203176305267716096
203149924647440384
203147976078663680
203137797786312704
203137750571024385
203137617791946752
203127769071235072
203082465512914944
203081840423211008
202832649562234880
202832508675567616
202749272989515776
202749203313721344
202744786594181120
202744704201269249
202742479026524160
202737910234091523
202737787512950785
202737738489937921
202737709310152704
202734798337351681
202734184744230912
202734100879122432
202733806816460801
202733658661076993
202733513672368129
202733279147851776
202732739223494656
202732444229705728
202697331240480768
202651607991713792
202651162028146688
202487394681880579
202467013791191040
202419055175548928
202418870877822977
202418527586623489
202418152355799041
202418047363989504
202342475120119810
202340284812623872
202340113131384833
202314875454754817
202134452514721792
202128583030870016
202127698552815616
201978468790046721
201930879105380352
201929713931919360
201928948530163712
201311407189401601
201296066635759616
201248089028304896
201240146438406145
201238622689689600
201236242447351808
201235667538288640
201234865121796097
