397840992621322240
397768123274645504
397455282869391361
397386622393909249
396350476801036288
396349765317054464
395594167281537024
394824861027426304
394792118901669888
394791769721679873
394786518923231232
394741609109397504
393691478817402880
393329497996791808
393119744683163648
392766493379002368
392682454902779905
392681839086686209
392681837048635392
392681089610678272
392681003153911808
392680590496919552
392680386603802624
392680166066896896
392679934562672640
392679731784474624
392679584896131072
392679404758790144
392679081671950336
392678922380275712
392678705774231552
392678432066117634
392678311920676864
392678056164212736
392677939390976000
392677689221324800
392677345313583104
392677217417064448
392677103998468096
392677031546478592
392677013829320704
392676925237637120
392676688401682432
392676627953754112
392676418200408066
392676322184798208
392676157205659648
392676140688887808
392676038011936769
392675893216559104
392675591792508928
392675540941160448
392675309842989056
392675241207803904
392674936189231105
392674755570323456
392674643607175168
392674640507985921
392674543590178817
392659275568267264
392328378771980288
392284323023310848
392218181638451200
391228172382912512
391175895999717377
391168251079569408
391162098861871104
390822518350569472
390811854299078656
390501090539487232
390492973202276353
390471977934147586
390440789609676800
390430412255666176
390418746340171776
390097808461549568
390082968355487744
390074527280934912
390065615408353281
389651646063448064
389643913532678146
389392863647117312
389379601585029121
389372649064771584
389362038746529792
389350313863286784
388776128078303232
388259732181774336
388257326748020736
388228158354620416
387932376090685441
387899938564083712
387659437793890304
387609879063437312
387572740703543296
387254833574461440
385336927789907968
383659566132920320
383532490377269248
383258377121325056
383217363182579712
382458331085819904
382151179695710208
382150893669330944
382150715981832192
382150259461222401
382150217446862848
382150153752154114
382150092779581441
382149556370018305
382149390942470144
382149231852527616
382149014226870273
382148795921731584
382148761872392194
382148488739319808
382147987704524800
382147879839621120
382147395976302592
382147268737908736
382147003628519424
382146883734347777
382146697893134337
382146620910862337
382146456452231168
382146035499274243
382145952422719489
382145907703033856
382145736965517314
382145644128784386
382145491124764674
382145196747546625
382144999288094721
382144905608302592
382144817645359104
382144425377280001
382144340883021824
382144040533123072
382143994383187968
382143843711217664
382143797548707840
382143647300329472
382143509681041409
382143321746833410
382143162392670209
382143065235800065
382142901578260480
382142804769505280
382112722512408576
380991708743221248
380387213696987136
380353179637911552
380280717051437056
378566559590932480
378449698861756416
378433949946507264
378126061491326977
377750118927060993
377477207213359104
377379533306855425
377043426665308160
376760400760832000
376440901134209024
376346970493042688
376300258592317440
376036658703249408
375652719962632192
375651181345120256
374797253393018880
373045470811013120
373045439278612481
373045114295181312
373044958728429568
373044867229696001
373044655236993024
373044489704595456
373044354610237440
373043979983392768
373043836055851008
373043768879886337
373043418957496320
373043351483711488
373043312015339520
373043216729141248
373042995345371138
373042950973837312
373042630315098112
373042267260342272
373042251305193472
373041740304769024
373041516597366785
373041313840517121
373041283360493568
373040997313179648
373040932527939584
373040792262033408
373040673634521088
373040539089657857
373040218602885120
373040210436554752
373039826624192512
373039717173841920
373039456602710016
373039337476067328
373039276218265600
373039130596212736
373039060366811136
373038979672600576
373038922646827008
373038859967135744
373038801838280704
373038696632549377
373038576805498881
373038460161912832
373038218087649280
373038117483057152
373037951405408256
373037845591511040
373037740008669185
373028654239854592
372659724321185793
365052028436758528
365027025951531009
364031662163644416
362926096125145089
362925139127582720
362541024884695040
362217927317012480
362215136817201155
360837761219051521
360724959183634432
360358510812340224
360343466338816000
360021998807687168
359973853205774338
359806113316749313
359617551044603904
359399235441008640
358919518883950592
358287094273163264
358258510649253888
357832956720582657
357832874789048321
357832435360215041
357832374710583296
357832369144741889
357832196955967489
357832168875098112
357830865285414912
357830862802391040
357830850592784384
357830703846653952
357830403144425472
357830396483870720
357830362388365312
357830241084915712
357830126387474432
357830079251886082
357829827417481217
357829738510823424
357829522269278209
357829368770334720
357829231964725249
357829159055138816
357828870843531264
357828629411008512
357828592429826048
357828208487448579
357828208265146368
357828106226118657
357827946137911296
357827840961544192
357827422667804674
357827377780367361
357826982513360896
357826889278160896
357826568158052352
357826498624892929
357826387186425856
357826345436315649
357826319431643137
357826044415315968
357825887594491904
357825876026597376
357825875057704960
357825636322123777
357825508681056257
357825443962945536
357825234994331648
357825227956305921
357825069214482432
357825008959111170
357825006912290816
357824834958397440
357824801349451779
357824510071799809
357824478618726400
357822569656745984
357810358838239234
357795470640291841
357426704618225664
356834096820924416
356709513048498177
356709056032940032
356708508957286400
355779767930327040
355775905605492736
355684130861760512
355674562194706432
355313744487784451
354954240592060417
354917785278742528
354899026157633536
354238551602368512
353913286229622784
353497626752200705
353195557495377923
353140886449831936
352823772929224704
352817567976529921
352756136455315456
352408558517768192
351986250531602432
351969404138962944
350660552118374401
350656222137028608
350263495985623041
349556646944579584
349512115373092865
349511582079922176
349171149785157633
349170530663944192
348460929379348480
348396767294922754
348009167853846528
347665307810271233
347664820910301184
347664809392738304
347664697681657857
347664002861645826
347663902953328641
347663882636124161
347663836347772928
347663592952303616
347663424303542272
347663380003307520
347663190622093312
347663087828086785
347662619395641345
347662393234575360
347662285025718272
347662252339507200
347662136668983296
347661726977769474
347661618999595008
347661532299132930
347661451948867584
347661343949742080
347661334357356544
347661031176298496
347660834132082688
347660427414605824
347660251648106496
347660093325729792
347659892200443904
347659725447507968
347659702106210304
347659380176609282
347659323440242688
347659173913325568
347659067281510401
347658816118206465
347658411648892929
347658192920133634
347658086279942145
347657989030830080
347657908655370241
347657761993142272
347657564126846976
347657467896926208
347657033941651457
347656805649887232
347656804970405888
347656546781642752
347656336659587072
347656190609743872
347656188688732160
347650010759962625
347334815961464833
347018271716954112
346979642852397056
346977301122146304
346580048473632769
344920143320731648
344434014897180673
344428192347586560
344423077800734720
344134683237433344
343816120807075842
340460508241080323
340451953995829248
340447185453842433
340098266790244353
340096469010874369
340063271635808256
340042122390552578
339767916046204928
339068800009920512
337915048775274496
337904705399320577
337555425488683009
337555281397571585
337248294046683136
337208482015109121
336883583778160640
336881844396113921
335063052661710848
335044479247585281
335035539260588033
335034152330080256
334603444432302080
334600192252866560
333913157808553985
332887903376134144
332884870156152832
332877711389372416
332808617101238273
332171545038426112
332171241383399424
331857067402993664
331761784082006018
330325051452817409
330069108899069952
330068305572421633
329972904580235266
329899707516198912
329898341850828800
329574548443893760
328890773137416192
327777392485621760
327776927484104706
327776848236920833
327776128989278208
327775730257760257
327775549093187584
327775446445989889
327775296294117377
327775151859048448
327774961462824960
327774836925546498
327774689743212545
327774571077976065
327774532834316288
327774295579303936
327774126569820160
327773835137007616
327773474179395584
327773388825309185
327773244247662593
327773226862252034
327773113993527302
327773007625994241
327772747805626369
327772696240865281
327772629975052289
327772548613935104
327772476652265472
327772470125920256
327772263996858369
327772248876388352
327772101387882497
327771949830914051
327771766242029569
327771278515769344
327771229161406465
327771083170279424
327770930552127490
327770758329798656
327770738394284032
327770558982930432
327770479278563329
327770325368569856
327770313947480065
327770119705071618
327770004818894848
327769856126636033
327769781728051200
327769468296130560
327769352663334913
327769116096221185
327756973644865537
327463979616194560
327433253051056129
327424741860319233
327420199047401472
327025221754294272
326643440572063744
326627499310198785
326369998262132736
326340469560864769
326321510207873024
326317117928509440
326310865982877696
325871182098341888
325662916168781825
325576585237364738
325521455276232705
325283578625785857
325218988479111169
325202824017362944
325181022100652033
323904758412877824
323864619582107649
323823992504983552
323812539836284928
323657360512016384
321955780427382785
321629468714233856
321236475930873857
320202183381495808
319792982968635393
319487515386052608
317324929706102784
317291257661628417
316980711192133632
316975359637716992
316591556394090496
316213752204754945
316210285482496000
316152318305386497
315123508785074178
315123379868925952
315123346218024961
315123179528011779
315123166219468800
315122860857372673
315122857137016835
315122520909025280
315122425597681664
315122350179889152
315122307247009792
315122218973659137
315122084755931136
315121848042020864
315121253633622016
315121250999611393
315121078081052674
315120974116839425
315120830919081985
315120767656419328
315120743056822273
315120512122617856
315120156932182017
315120025411411969
315119756023844865
315119712935739394
315119298953740290
315119196113612802
315118954274254848
315118949752782848
315118793682743296
315118787978469376
315118605312327680
315118599306096640
315118178730643456
315117931962961921
315117802900049920
315117636080001024
315117479775064064
315117225801547777
315117185821450240
315116984419377154
315116862402859008
315116603844984833
315116324651167744
315115931082833920
315115830981566466
315103182399356928
315063937513172992
315051631580434432
315050138601132032
314797191124373505
314425115205058560
313960458430320640
313323727356063745
312619068240850944
312584601862291457
312575582993018880
312504331238780929
312248242698072064
312212547019370497
311800677473071104
311797330456223744
311117281495244800
309997583479209984
309669759681695744
309275468195049473
309244710147461120
308976910564737024
307510903211978753
307434717479858176
306757415733428225
306403295180750848
306375219847786496
306079110994726913
306078683582578688
306078580813750273
306078480116875264
306078184632369153
306078091514634240
306077797489713152
306077747657179137
306077574939959296
306077479922196480
306077305535623168
306077217417490432
306076832359411713
306076377608769537
306076299426926596
306076218560757760
306076126898429952
306076015090888704
306075139005636609
306075047888576513
306075008097214464
306074701506150401
306074698251399168
306074343006408704
306073947852660736
306073591831732226
306073556633145345
306073188775895040
306073168043470848
306072985092116480
306072878896513026
306072670611599361
306072585781796864
306072406018105344
306072242306043904
306072047262519296
306071875921010688
306071549201502208
306071417005428738
306071261484834817
306071032064786433
306070869489360897
306060089100488707
304622106027630592
304542347608346624
304175398109982720
302371648676429824
302067948011548672
301733109035057152
301334555137298433
300571488816349184
299912943204696065
299554424366444546
299478035932000257
299149825134444544
299136795550035969
297320268764950528
296308923877699586
295611087280300032
295609970253262850
294845979574824960
294845800238964737
294474117074259968
294443347865661441
294167772437561344
292260168840904704
292260044337201152
292259949696909312
292259740979961856
292259605533302784
292259399911739392
292259328931532800
292259187554152451
292259090023976961
292258925766639617
292258877452451843
292258645247414272
292258475008991234
292258285933969408
292258244485844992
292257930991005696
292257796253175809
292257499418079233
292257359881965569
292257313308413952
292257266793598976
292257058814836736
292256810348453889
292256673396051968
292256576927059969
292256342645825536
292256146432081920
292255916022194177
292255728184483840
292255527642222593
292255344070107136
292255320393265153
292255087307390976
292255033960067073
292254924828442624
292254892934955008
292254593293905921
292254477535301632
292254328729763840
292254251420377088
292254072797556737
292254010541498371
292253794757128193
292253748611391488
292253626854948864
292253559142113281
292253413075460096
292253369156902912
292253122229833728
292253040566738946
292252829115101184
292252675809091585
292252494610976768
292252491997904897
292252423857262592
292252244466868225
292251873342279680
292251776336424961
292248338441584640
292220198214332416
291950149574483968
291853804272484352
291513329522987008
291512937376522240
290870329486745600
290786884651732992
288983222715555840
288608866034413568
283300315330138112
282812021970440192
281746795103666177
281746040636440576
281746016909287424
281745618152599552
281745585353138176
281745217676263426
281745080786767872
281744923273875456
281744667442290688
281744632528912384
281744461736853504
281744432980697089
281744211471110145
281744116130402305
281744018398908416
281743960513314816
281743814341820418
281743694258896897
281743380826951680
281743353794662400
281743025036726272
281743013133307904
281742827212382208
281742786175315969
281742374395326464
281742028017135616
281742014876377088
281741718494257152
281741580338085888
281741183661789184
281741168985923584
281740828349722624
281740813359276032
281740471007592450
281740440850558976
281740124717449217
281739954336460801
281739833532100608
281739811478437889
281739545551179776
281739529210183680
281739303636303873
281739281242939392
281739096978763776
281739088699207680
281738812525264896
281738546182762496
281738359490113536
281738306423775232
281735587575263233
281702229143072769
281435487183454208
281415453740507136
281008976966082560
280696661964115968
280682865396682752
280677781178814465
279571856976142337
278154657845608448
278102162247139328
277451790335746049
276985509346172928
276641934238437376
276384523304980480
274484006899286016
274442288845959168
274431645996703744
274170855188201473
274129016812892160
274084815526055936
274071773971111937
274063688837763073
274018354707173378
274017818532511744
274016766278123522
273838200416514048
273808842582802433
273803552726589440
273760096956329984
273720732247269376
273720409122304001
273704711411073024
273424906820149250
273388368161808384
273350528715608064
273340784617607168
273082242467770368
273015759486201856
272696381356007425
272680783192416257
272675528685809664
271962049104461824
271962015289978880
271961809693597696
271961492893618176
271961229873000449
271960833200885761
271960643010170880
271960373157060608
271960228864602113
271960095578021888
271960077911609344
271960002460282880
271959754358792192
271959651900350466
271959515002445824
271959052442038272
271958767862702080
271958735444918275
271958652678709248
271958617853399040
271958446268624897
271958149672620032
271957909812953088
271957797216870400
271957498502737920
271957407167574016
271957196944842752
271956910415171584
271956635331739650
271956197559631874
271956087874416640
271955716972109824
271955683262472192
271955431247732736
271955194089189377
271954841725706240
271954830933782528
271954530520932352
271954234398892032
271953905376694273
271950131077734401
270925700998000641
269448699191631873
268375581752688640
267556071042859008
266563915578765314
266222234828419074
265494186235678720
263692232048115713
263303165095579649
263302884245008384
263302777705480192
263302557227679744
263302411723100160
263302284669247488
263302272958750723
263302078934425600
263302021925437440
263301623298785281
263301571486564352
263301086000058368
263301000356564993
263300869364277248
263300515679592448
263300402555002881
263300387040276480
263300090217766913
263299956075552768
263299780451647488
263299612717219841
263299444924088320
263299274928959488
263299157522010112
263298962352656385
263298806538461185
263298600975626240
263298448248422400
263298148812857346
263297967388229632
263297819295760384
263297735975895040
263297605352697856
263297497575858177
263297349877649408
263297283418882048
263296795659079681
263296640943796225
263296423662088193
263296187694739461
263296111060606976
263295973848150016
263295791576264704
263295285021769728
263287291676606464
263277278539161600
263003780226879488
262628253737578496
262523608943972352
261880853863489536
261879512395026432
259262077661769728
257199576707133440
253903971884883968
253107363001802752
252755432274288640
251691472712265728
251691040615043073
251690790932340736
251690729443835904
251690361502695424
251690194137403392
251689995092492288
251689849747304450
251689308371693570
251689035578351616
251688849246396416
251688615720128514
251688210281938945
251688015225819139
251687773013176320
251687677802463232
251687447711342592
251687260863471617
251686945615405056
251686541288697856
251686233183490048
251685576120606720
251685106962550787
251684748437635073
251684582812942336
251684227475705856
251684046839615489
251683784817266688
251683490221920256
251683269408616448
251676818447405056
251649051051843584
247393261105336322
244929520258387968
244768590740463617
243812945472147458
243809498643460097
243766393022054400
243321374427455490
243049650284793856
242585177786830848
242268716333682688
241587467038375937
241240316764631040
241205646643585024
241166154876481537
241165892183023616
241165887326011393
241165709781131266
241165689380016130
241165312928649216
241165128920342529
241164815454830592
241164745686806528
241164545714970626
241164499002982402
241164168760270849
241164148778622976
241163944167895041
241163935926087681
241163487290736640
241163418025988096
241163148378374144
241163130128977923
241162798103674880
241162796753092609
241162578397642753
241162563935694849
241162176788848640
241162140927541248
241161744922333185
241161728396783616
241161555373350912
241161524679413762
241161126820323328
241161118532395009
241160967935893505
241160941515993089
241160656013893633
241160639224111104
241160469740654592
241160461960224768
241160200235667456
241160056995995649
241159892566695937
241159762396475392
241159655320064000
241159440320049152
241159331117166593
241159019811704833
241158391760842752
241130682368262144
241085455699939328
240956279965765633
240955940633997312
240853639244177409
238949603054075905
235043082276593666
234627049287983104
234406194146590720
234363905286225920
234220568004685824
233897630458068992
233685272829755392
233590356694929411
233582139147440128
232886330026233856
232878191621074944
232862116879667200
232815700283109376
232533260465483776
232513516731527168
232505615161901056
232227810817740800
232134228719067137
232113897824456705
231866062927446016
231810062199439360
231708538253213696
231452123315961856
231447436382588928
231429224966266880
231422119941111808
231352673335660544
231092531604111360
231037880292753408
230971864271425537
230693104561311745
230674219992743936
230619542785769472
230315763196633088
230237297805774848
229949580467384320
229864817421340673
229589536966049792
229162737962467328
228855369441632256
228850676866895874
228624588374933504
228623081046949890
228418061491912705
228063569810436096
227374826573156352
227084299625705472
226950198914580481
226442633344593921
226278433980837888
226278201951940608
226278011786362880
226277634609393664
226277544612208640
226277207000088576
226277186976497664
226277062057529344
226277009490329600
226276942750552065
226276779487268864
226276721186467840
226276422606536707
226276263663374336
226275860016136192
226275730496045056
226275631585964032
226275551684476928
226275493782122496
226275113018990592
226275020425543681
226274777399189504
226274635929509888
226274394996092929
226274122722865152
226274062442299392
226273921723412480
226273767184289792
226273268443783168
226273184436088832
226272991426793472
226272934505893888
226272759318183936
226272614421774336
226271985104195584
226271875813236737
226271440285085696
226271298140114944
226271040475627520
226270979842785280
226270573167247360
226270441076039680
226269912048492545
226263631103401984
226230618873270272
225189290882252802
223743198646898689
223372581334564864
222349580791054337
222023843357798400
221544419910881280
221311985738973184
220925680093892612
220113978804801537
218735355397021698
218328431698518016
218328123341680643
218328031792611329
218327674765066241
218327475112001536
218327256966246401
218327079148716032
218326945472069632
218326864488431616
218326755969216514
218326723668873216
218326503610519552
218326259476865024
218326113322139648
218326017226457089
218325927816478721
218325720546553857
218325580238692353
218325430795644928
218325280153018368
218325083083649024
218324838513778689
218324745714806784
218324612172361728
218324531230679041
218324240808681472
218324085049004032
218323952358002689
218323817066528768
218323680776814592
218323424450330625
218323342732697601
218323272092221440
218322984040013824
218322789596274688
218322428105998337
218322339727818752
218322066754109441
218321609252020225
218321460773650434
218321322047053826
218321151737331713
218321081616973824
218320885424197636
218320877119483908
218320508821848066
218320244421308417
218319928716038144
218278987116453889
218268259764535297
218240484982792193
218084431087403008
218015312157736962
217930753030356993
217269541628153858
217245704136036352
217182886405734401
216960382328258561
215197443577495552
214671935764828160
213240714522402816
212864436380250114
212560044024266753
212207197206233088
211128402218983425
211104898840932352
209986729761976320
209618794652516353
209354557527040000
209264557791789057
209263473606148097
209246899360907265
209193889024835584
208947522872426496
208200401634336769
208199954924179456
208199897877463040
208199177774174208
208199087101710336
208199084006318080
208198943077699584
208198732049694720
208198629037584384
208198525610229762
208198303047892993
208198267186585600
208198058322829312
208197880366895104
208197670932725760
208197091309268992
208196958043643905
208196778204467200
208196584389873665
208196299412090880
208196276972556288
208196056733847552
208195900856733696
208195638364614656
208195606315941888
208195511126208512
208195483590598657
208195198143053824
208195036930772992
208194830302588928
208194614849568768
208194187001200640
208194073385902080
208193924844617730
208193673542897665
208193649966727168
208193381711626241
208193328053886976
208193100387065856
208192996133453824
208192876495118338
208192824573837313
208192640473239553
208192511133487104
208192331457896453
208192241557192704
208191913877188609
208191789507686400
208191683769278464
208191562927177730
208191500079738880
208191348581478400
208191032595185664
208190973086404608
208190742659731456
208190521972244481
208190298017382401
208190171617820673
208190113535111168
208189986095374336
208189664702640129
208189543042658304
208189431042158592
208189404316049410
208189200460283905
208189115211063297
208188935858434048
208188780488826880
208188439999426562
208188169831727104
208187919071059968
208106933926891520
208091615892475904
207952928441511936
207921970703114242
207860885249720320
207849267791003649
207814287924805632
207811532569055233
207405380559577088
204138295800774656
203787947382804480
203557122854748160
203496672406409217
203481725110722560
203174545891405824
203163651480358912
203112867321483265
203044952496807936
202813392321396738
202805239118692352
202766566100705280
202752916367491072
202338789828472832
199881957834887168
197983085273423872
197936916774141953
194326621799452672
190768463168540672
181746253934231552
181425451590365184
180970909656555520
180954602244546561
180951119822983168
180671074550292481
180599962806136832
180293838676574208
180282798135967745
179916049553174528
179552961838579712
179160216984748032
177772465290887168
177766683686092803
177512221109260288
177471094427627520
177467247940485121
177053566077374464
175481181855420416
175237063849951232
175201211144863745
175185852476030976
175158527873130496
174828930497384449
174809499675279360
174804999270961152
174774940774576130
174774158415241216
174760288300711937
174489961041625088
174435871003648000
173050950980866048
173009636570566656
172707173107892224
172699286843310080
172691878716780544
172422020519313408
172421376139997184
172396472535482369
172388342854459392
172338532763959296
172323088971743232
171580892396003328
170480555941572608
170450077192687617
170240409543520256
170115558308720640
169465887399751680
169435453479600128
169432610286735360
169358025826639872
169012304170582016
168628877671936001
167985981977403392
167873552916291584
167673814996627456
167637799091175426
167619949500702720
167597692711747585
167584997102993409
167543583094738944
167304927322980353
167288266779926528
167282254798782464
167202070133346304
167201797348409344
166855911757971456
166816923412201472
166580926917263361
166483249021988864
166457365804220416
166434994703712256
166211666504204288
166105836555472897
166087880161243136
165481870874783745
165481778495225857
165445214822072321
165374954425163776
165132748623855616
165074764820516864
164661760249430016
164397499963015168
164007354285830144
163768174087643138
163614008769921025
163170278376083457
163166787838550017
162934722140454912
162895486888579072
162851968358948864
162488295983554561
162466547443568640
162463673359679488
162202995994533888
162157280266158080
161816352439541760
161735633457520640
161445096309534721
160383210042298368
160382343025143808
160044250749349888
159576731680907264
159304806874361858
159229185959788546
158993681792249856
158848516905644032
157727399939817472
157400589712633856
157059745742733314
156753140526481409
156722707688460288
156660326434222082
156418645206114306
156352521986777088
155257043450728448
154554514488303616
154232084880293889
153509870530859008
153282682732814336
153072509363818497
149174011044184064
148836309228716032
148813997297250305
148793600539496448
147654732750651392
147640974171062272
147637683827654656
147356944863211520
147298932425359360
147251701315932160
146988115804950528
146890310075686912
146890262839431168
146210100170854400
145154555599007744
145105663931056129
144827453850918914
144825653185888257
144768582100860929
144047221346803715
144024221759188993
143997178283687936
142244116024131584
141551618096234496
139810571599101952
139731613675290624
139730305660628994
139726023674707968
139723144117239809
139718680476000257
139717696714575872
139714663200989184
139634027090026497
139626350523842560
139625681645617153
139361558714265600
139325159633989632
138939730371936256
138616162698280960
138605124863000576
137562961131732993
137505467009204225
137184355608035328
137135133554782208
136892978324180992
136789449290952704
136435963193851904
136123770233552897
136068437138092033
135036833682833408
134950209171095552
134934300188610560
134579115788480513
134323617436672001
134248770845159425
133618774048899074
133618472218406913
133494731526254592
133490162738016256
132498105361899520
132080670100029440
132074712934268929
132048303536869378
131805639889522688
131749812877000705
131746477155434496
131708417629888513
129920669982011392
129614416110030849
129213913005965312
129164301809352704
128425837765722113
127660380418867200
127406354641076225
127391468733214720
126666336775581696
126666279284256769
126419923609198592
125964284512567297
125961955952435200
124797095046692865
124774364922126337
124423646251986944
124420034108981249
124238192764387328
124145403116519425
124144718404784129
124143735465443328
124143036400812033
124142240288350208
124099748801167361
124040930373275648
123760122915864576
123492198854569984
123442329951539200
122272124604911617
122238121592094720
121997991530868736
121959612235792384
121937450259070976
121936046807191552
121919457189822464
121685389906948096
121235586370633728
121165089926692864
119382966693662720
119126554973454336
119016340534210560
119010516139126784
118630987734323200
118374613381156864
118279011267903488
117559903991767040
117254643448430592
117241593731366912
117201204001505280
117200340306243584
117186066259247104
117175998524567552
116973089677524992
116922683765178368
116897683549077505
116883668231913473
116820293254791168
116794728275644416
116488023113338881
116476807930327040
116470638620848128
116180304405864448
116135590117904384
116064778283266048
115826886273273856
114669087921160192
114634375940939776
114390800711946240
114371791727771648
114338552346718208
113943471550763008
113671656299433984
113670306010370048
113639026715672576
113513170538213376
113281636673667072
113281459103596545
112880054006071296
112824687607812096
112815017291808768
112803869456728064
112561872535957504
112515819233226752
112182268780478464
112152091258126336
112145008538296320
112139725686583297
111838984526770176
111825274219413505
111794842882936833
111785675505942528
111765513784406016
111722010593337344
111491068519923712
111481966511136768
111153979626491904
111140337124257792
111129756124200960
111114668847804416
111106826841505792
111090286305878016
110336640165216256
110323292052799488
110308850585976832
110296495894433792
109672644131045377
109584894954438656
109582246293405696
109555059175587840
109223775496699904
109221401625505792
109211952668094464
109160443842543616
108925424142254080
108909737931841536
108578657848655872
108558586086555650
108491246426800128
108257230117289985
107135049589202944
107104345081913345
107102874483433472
107021249242333184
106995149971800064
106992904207216640
106991866473492480
106761269620645889
106334606567014400
106314080301756416
106014828111470592
106014789976866816
106008007476908032
105578295139123200
105578179829317632
104267852722348032
104193171214434304
103872383345098752
103866741926543360
103829708155797504
103457252014424064
103427713112604672
103144280067018752
103092421189042176
103068489635471360
103003939464691713
102065408483393536
102061433688297472
102041890282668032
101957543965896704
101946050239139840
101941783117840384
101912261756592128
101691464903426048
101663408604184576
101631281502224384
101602219148845056
101596805493567489
101372334618849280
101306803333246977
101016545064529921
100957212570157056
100950184195915776
100912475104489472
100636321906827264
100561802756243456
98048016367366149
98037361581105153
98021167503392769
98006147008700416
97994280215379968
96873457261875200
96703714504605696
96641692391849985
96589033290997760
96589003687600128
96458708380430336
96299028316299265
96217518837989376
96189974810071040
96110542757961729
95762296621629441
95751213890547712
95457031162568704
95443972809428992
95416063180804096
94729346119516160
94336368133672960
94335883880308736
94151473742626817
93666559033212928
93643543880548352
93636136278306817
91545441019240448
90761306994515968
90383035048005632
90382940932022272
89317447529803776
89027942310617088
88545076552269824
88249512723890178
88188891894521856
87892144760700928
87080099974873088
86775465288802304
86679229005168640
86492064442892288
86416524293844994
86388205758320640
86387897724444672
86387495029313536
86387255245144064
86386966194688000
86386615005626368
86386073500008448
86385841324294145
86385584020537344
86384512996614144
86384225305100288
86383746990874624
86383380001865728
86383083187740672
86382784318410752
86382309879721984
86381859122053120
86381498529357824
86381139324968960
86380634880229376
86037800113283072
86037376446640128
85683746182926337
85305388244799488
83626853750935552
83594113294929920
82859229773443072
81742897057247232
81704002986835968
81392066139131906
81387380736667648
81304766587736064
81042232676859904
80662143497805824
80619771384705024
79483165210710016
79191876468604929
78852661360857088
78820910089506817
78760993160830976
78408051257909248
78376979480588289
77398414056366080
76626158501904384
76625885255573504
76316752488833025
76250005287075840
74120892405387264
74086708668411905
73776136546562048
73771015104245761
73720921571082240
72982447222034432
72663759491047425
71659879928045568
71526586368786432
71346982253375488
71258135607783424
71239327996329984
71237046353670144
71236930687352832
71236854413934592
71236790824079360
71210350804074497
71209987619299328
71209557879291904
71208804641030145
71208214947049472
71207837224796160
71207434731003904
71207033784909824
71206753005600768
71206504220471296
71206078116925440
71205781466390528
71205178178674689
71204764418981888
71204282636058625
71204225354440704
71203802623119360
71201829362479104
71201428013727744
71200934809710592
70856076114927617
70116680235352065
70108140686946304
69483075972759552
69063851194318848
69043187880177665
68678143803785216
68648453672144898
68372407148224512
68343081879093248
68333271704018944
66815467469287424
66607813887143936
66180891361284096
66175645587222528
66166812403970048
66146487284924416
65790087488737280
65723441298423808
65408998404395008
64225390704594944
64033666543779840
63971349122662401
63639432313581568
62868972093177856
62811118317469696
62197762221015040
61879275392995328
60709501044670466
60664307528118274
60355235788496897
60314561777115136
59957897781710848
58886475802087424
58519659191869440
58461252338450432
57706300502581248
57406290808414208
57406026365935616
57064627162456064
57053810870337536
55998023007862786
55673365607882752
55584129621827584
55582709619228672
55562825564815360
55313210856845312
54943496880144385
54445749576007680
53815877929410561
53791345327869952
53756195529428992
53453946903199744
53053774813605888
52375098665078784
51764140200574977
51701578259894273
51373146661584896
51250038248177664
50920816422043648
50835410347237376
50632510811549696
50607202238611456
50591416845479936
50205787158614017
50184944709943299
50166130362425344
49791537437085696
48695102197080064
48442930247106560
48411365039280128
48359779621548032
47770103995043840
47616864473448448
47412717618855936
47410900038197248
47341753627447296
46179905137938432
45878214001831936
45850986685800449
45489248106844160
45144029758881792
45077910956150784
45077400274472960
45071094075498496
44304316735029248
43758528090865664
43740960819118080
43704215578738689
43396582439124992
43297962763362304
43221735255982081
43007619144744960
42500888824262656
42266202688589824
41474685451505664
40753691447406592
40740615830372353
40064454586535936
40019455656329216
39676852318638080
39646141255651328
39646052537741312
37147089821499392
36038618518659072
36019369569947648
35691509667856385
35390371085156352
34570894013636608
33185726036180992
33166140184334336
33157961375293440
33101928007204864
32810793363836928
32806755809361920
32522918973939713
32496818084384768
30661058301530113
30638570150563840
30617145419239426
30570059143319552
30289979531857920
29860298554867712
29586287786725376
29577572870262784
27327126684307456
27283442903289856
25964791294066688
25888952128901120
25272007675351040
25268867735490560
25153072959332352
24926629637660673
24757391476137984
24501400763367424
24471108958822400
21251260485206016
21245108531765248
20830513476407296
20828926964137984
20827399721582592
20053477656891392
18599467406073856
17629731805462528
17586728965509120
17231449002348544
17196102142926848
16853150510092288
16845421749993472
16480110123163648
16127231780724736
15676409930317824
15078716426166272
15036399258443776
14794887102734336
14746391855243264
14716533473284096
14708162032574464
14623362701594624
14433436735381504
14321753400541185
14321597619896320
13187775712985088
12842453077856257
12104015647088640
11758453181644800
11745132504162304
10357127952474112
10326759769636864
10325435577540608
10325356410052609
10325241821663233
10324481327235074
10302234587828224
10296593286701056
10292837648179200
10260326691905536
10246790427181057
9957024917884928
9940708995633152
9934034977165312
9898506504376320
9898066647715840
9630496141086720
9608897681694720
8185916950581249
8122854671392768
7778615072653312
7091632084099072
7047089737441280
6798093529907201
5673610328936448
5560959225565184
5319223677026304
5310372655398912
5308593310011392
4897632753287168
4535508227072001
4514363725586432
4497043229773824
4217635839414272
4137758096359424
3083315959562240
3058669050658816
3028651364851712
2699666974056448
2414593938817025
2310412808749056
561522170396672
561198621794304
29695623304
29682929979
29578053262
29513070863
29455246624
28996201311
28896916235
28795962616
27946346760
27847548480
27830897875
27822811437
27734864684
27430399393
27430266591
27430174228
27346692190
27337067449
27329218739
27250533572
27153547918
27152495365
26740882253
26644801982
26642913770
26448036592
26085122776
26079624006
25984867616
25799139011
25773043293
25690155255
25676350928
25391292050
25293198616
25106448746
25013907191
24770310080
24697277575
24582192250
24466746717
24373021247
24316416599
24303386410
24268519357
24087180960
23166937502
23135777846
23049975367
22901968554
22899922728
22895822423
22872581829
22823151365
22804662967
22717455627
22700210881
22625989477
21994083554
21911812414
20777388479
20303235647
20232353457
20140224928
20126920670
20062663193
19897042269
19824309603
19652888810
19650746902
19650423054
19648949020
19643806280
19643211613
19638195580
19637728227
19637201438
19568022361
19493457405
19413984483
19315869924
19090406779
19089769462
18986654555
18909907271
18837643602
18834604463
18692693875
18602421078
18527288264
18347296460
18344159621
18122895061
18109368108
18108379364
18029857873
18020408131
17930984715
17817983859
17789689293
17645417205
17643518788
17491658713
17486135041
17483243377
17481529582
17405832787
17340249004
17318361182
17239114962
17040365181
17003097319
16957496462
16942194234
16862080597
16850152234
16767485365
16757187640
16688398966
16610668228
16550208720
16531677938
16490745580
16484585819
16483160964
16471874852
16471855455
16471827772
16471807815
16457066105
16455149561
16401807652
16387620378
16382371555
16378289358
16377971855
16377542217
16372591186
16372248805
16312332321
16309534344
16303580096
16297372204
16295312284
16229291473
16219255532
16159610470
16138892938
16021654991
15926175808
15914025449
15844490020
15841502036
15784376833
15718278242
15716816608
15709027861
15706797765
15265661662
15254139496
15168131064
14908460636
14903945477
14901183475
14857170604
14843876853
14827825794
14755608498
14754435470
14754319380
14694868318
14694853502
14694840168
14694826982
14694807666
14694759909
14694744484
14694713124
14694697013
14694677715
14694665132
14694635665
14694603627
14685402062
14611782909
14423783276
14373479979
14233264396
14228241922
14161563510
14154137981
14039734616
13971848818
13925116473
13848522393
13848106559
13805713056
13804786854
13786839783
13719134739
13478999096
13430750349
13256500893
13178980866
12949921410
12940480490
12820645187
12816279046
12760850646
12701106885
12686389246
12643136641
12563538473
12539986148
12524151149
12509018169
12462379510
12456446347
12289770892
12287997520
12274469245
12230750518
12218425818
12045958266
11885227276
11879933507
11824821982
11689228737
11539462048
11426201332
11373961598
11373346123
11369782127
11369737658
11369657925
11369503846
11369446907
11369394662
11369354645
11369314955
11369265925
11369209334
11303072603
11300854762
11300693568
11255490559
11095367394
11086814505
11056970368
10940818298
10929201049
10929112669
10928943757
10916291377
10875887373
10873352559
10866408054
10727928887
10718272004
10717946539
10716736244
10716341829
10678695727
10673044633
10672843332
10666185900
10664807540
10631219436
10623510273
10622569430
10620826623
10620199802
10582637570
10578686829
10573214421
10572592749
10572516914
10565886794
10565452260
10534136850
10516495849
10372791333
10372196771
10371365572
10341032682
10328165258
10326744121
10322156152
10317299555
10279135370
10278947677
10271073377
10266341801
10228025503
10227886324
10225673419
10225224805
10215214721
10214676334
10213721345
10188321211
10185007463
10167227763
10165793699
10165648822
10035269179
10029813576
10026523115
10018541413
10017486839
9996688982
9990043354
9972943582
9972730600
9970454013
9967049117
9941476561
9941334037
9940806601
9936420371
9925318576
9885978358
9882613017
9869748497
9869482634
9868410565
9830474595
9816136938
9770237371
9734688198
9688307928
9685264819
9680458826
9678849908
9674268580
9673829643
9622770486
9622604016
9621292881
9620846324
9429027196
9428852928
9396931463
9331178702
9329815993
9329641316
9329491292
9139351601
9018842431
9018651708
9018417181
9018127122
9016280728
9005285400
9004737220
9004330198
9004255748
9004211475
8971943832
8957033119
8956495306
8955050725
8908885535
8907886285
8902667717
8865779523
8865173661
8864966267
8864908848
8864179367
8862826864
8862250414
8860647053
8854105978
8850306179
8849882896
8849607860
8849277870
8825645865
8821225995
8820274689
8816409661
8770965526
8729822107
8723352518
8676097777
8674618862
8671844021
8641078907
8640881270
8581975310
8539129344
8536995867
8506287056
8505231254
8372613435
8363125069
8363051858
8359263965
8341491358
8317846576
8234771478
8198649824
8076154638
8075897550
8067287572
8065166656
8029481620
8029313323
8028723431
7989952462
7989421201
7989216842
7987392079
7983941526
7982827301
7919229560
7906197330
7900013840
7788227992
7784586478
7746731302
7746450084
7745373838
7745165545
7743809035
7713993770
7673894679
7664244524
7633043303
7632634847
7592136445
7514805613
7514536886
7514048976
7483326309
7480416762
7479748998
7479284517
7475943978
7471762653
7437247624
7437107032
7433156111
7410831655
7406466862
7402186672
7401873542
7401390211
7399480391
7276623871
7253250848
7249972012
7229584687
7195436027
7128961648
7093062072
7029831673
7000371132
6965797652
6927377502
6925426814
6924385324
6907953940
6901489567
6890499289
6810086611
6794782435
6790945816
6738767007
6699625997
6699243837
6698265334
6693191735
6693108608
6692804272
6692776180
6692254894
6691548081
6690590597
6690528752
6668733322
6668668950
6667480673
6666611133
6658212680
6572224747
6570712063
6540435271
6537942928
6508792160
6507196452
6505472402
6494067544
6465199107
6463125509
6431969985
6334963072
6332823188
6305581609
6304511535
6300077075
6297310180
6273487363
6267051615
6265679999
6237668508
6237548333
6211065133
6207598217
6202157520
6198261120
6108968135
6108863957
6108154890
6060491211
6055165715
6054370752
6014237275
6014195609
6004933458
6004804132
6004422677
5976031816
5975934371
5975911928
5973941426
5973209542
5903194419
5902373496
5896715380
5887491871
5887392172
5887245318
5856824925
5856415612
5854744749
5838918219
5838714204
5838422787
5834311512
5826310358
5793299116
5793220943
5792598486
5773956917
5773109884
5761631891
5684702582
5675945736
5675587307
5653048169
5648148215
5648113251
5646809573
5627068787
5623373944
5586355826
5586036487
5585586572
5568901966
5565943643
5557551035
5556448882
5478825547
5477180469
5477017453
5476846814
5476326887
5475545145
5457813211
5452621084
5451500210
5450242904
5449430732
5449159043
5447960024
5427487396
5426394277
5426373152
5426204993
5425991297
5423729312
5422168072
5418639003
5398747328
5397659278
5397505213
5397395410
5397362007
5397182677
5396969467
5395114252
5394326588
5394014298
5393833310
5393659733
5393585355
5389910475
5360294740
5360219110
5359909784
5310469128
5285643167
5260816986
5260794543
5235105511
5234733233
5233818495
5233134861
5231758420
5199721231
5196767311
5196700542
5170483646
5100327150
5094389573
5094267429
5093170884
5070949758
5070400552
5068135181
5066084037
5065779086
5065499179
5047070694
5046350193
5046294409
5046208015
5045854277
5040321512
5025528195
5025315012
5016804444
5015189205
4989564996
4987077390
4986676834
4985587067
4972129697
4971831949
4916372996
4912837445
4887316556
4885356401
4885090734
4885004031
4860712439
4836110027
4831783549
4830720675
4807136462
4737402348
4737167694
4735610558
4734849240
4734657858
4734578538
4733069309
4733014817
4731034808
4728830913
4715032473
4712625976
4710732635
4705782797
4705755425
4687997299
4681182901
4677734915
4677573431
4676836441
4662754305
4662336210
4659044339
4651720223
4634512120
4629611319
4628615798
4628430414
4626378760
4626107913
4625585310
4625458494
4625343932
4625187738
4625073329
4622019872
4606020902
4604987378
4604596894
4557434969
4556580507
4550716376
4550657464
4549492217
4549259213
4549089495
4548709214
4530914602
4530635135
4525723209
4523727778
4521974326
4521816945
4521398868
4521042651
4509091523
4497015791
4496383168
4494595898
4494456476
4476465646
4475921842
4473984703
4468283484
4466435021
4466223107
4466157441
4465807616
4445341061
4441137050
4439866055
4414524669
4414486472
4414486270
4414457677
4393530243
4393517270
4373135825
4373129611
4371578247
4371571037
4366702656
4366206645
4365726611
4364603350
4364322301
4346145942
4339856135
4339299587
4339262483
4338004244
4321426633
4321217901
4320912802
4315935205
4314411657
4313761048
4313474582
4313458254
4312308851
4312232963
4171197182
4171181299
4171165332
4170963402
4170942037
4170930881
4169512621
4169456649
4169213925
4168256269
4151893081
4151814307
4151722487
4149557955
4149522542
4148772708
4146689804
4144061524
4144016909
4143944453
4143804569
4143718818
4143699237
4142120692
4126766706
4122477433
4122316335
4122015066
4121866468
4121593139
4120619255
4100465879
4082604421
4082569016
4079237286
4078182146
4077578563
4076629081
4076413652
4076094903
4075492672
4075371315
4075250689
4075220340
4073429095
4062562822
4061525617
4056873964
4055679356
4053153469
4053001629
4050606907
4027384618
4025962721
4018567272
4016521856
4016301054
4016189660
4015608126
4012675484
4012600205
4012432874
4012344136
4007559728
4007368133
4005795548
4005758997
4005372132
4003993701
4003558210
4003516846
4002646604
4002635423
3987382419
3987317178
3987314814
3986592482
3985155242
3984587874
3982945564
3982882112
3982834997
3982322727
3981044052
3981007372
3979929712
3979638564
3979471182
3979220507
3979194166
3979088912
3978909721
3978740851
3976967459
3959452944
3959397633
3958647013
3958607386
3958331227
3956249743
3956178490
3955927466
3955883513
3953528446
3943121632
3942364791
3942287403
3941600803
3941517313
3940718732
3938425223
3909703793
3906986887
3889836916
3888790987
3885889393
3884921587
3884911142
3884373958
3871643354
3867752455
3867676983
3859070360
3842170356
3840296282
3836908645
3820456333
3819949988
3815654276
3755515315
3755327422
3755083184
3754911122
3754688901
3736315413
3734041265
3730382375
3715301495
3710984753
3710668308
3710252881
3707937506
3692410789
3690938719
3690806311
3689068697
3685804730
3624391865
3603031124
3601835816
3599048653
3585838543
3582631662
3576762979
3576650433
3558537487
3552700086
3541190142
3533548486
3533541753
3531541835
3512059704
3494638474
3446633558
3428634566
3425240974
3407560472
3401930388
3401772260
3384409478
3382119670
3380279920
3361538654
3359237281
3310002231
3309847967
3305296457
3287486168
3286486121
3283476060
3265018650
3265005742
3263289805
3246690544
3245829598
3243204513
3222613821
3222532397
3191382898
3177516248
3164474673
3164257759
3146060513
3144752566
3127947140
3125116742
3124636094
3124239520
3122615307
3121679197
3102346553
3102344577
3101658594
3070713802
2929181129
2909113146
2890727862
2875272266
2875270984
2875231258
2869335365
2868213088
2867909458
2867710909
2816513280
2816507001
2815649834
2815500197
2802179512
2783333390
2778780339
2759731593
2756172017
2739137204
2735431265
2735426633
2735421166
2725911807
2691341037
2673050727
2672475450
2670587546
2635201721
2635169093
2613839365
2610723793
2610713423
2581620099
2571232532
2566208252
2565662854
2565348589
2565347842
2554103588
2547384865
2535108682
2530601796
2530567680
2529850109
2494524697
2494521450
2467273208
2452800008
2452793167
2452260908
2451383670
2451380200
2437448742
2435432772
2435028478
2434627807
2434494644
2418796655
2418787531
2418776706
2404632823
2404629766
2403457707
2403441174
2312224272
2312222933
2276450273
2223165077
2208099080
2176911849
2131826450
2130033694
2118416443
2114947301
2101516304
2089999779
2088596239
2033470789
2027639666
2015690427
2015685905
2015667227
1991454580
1960910511
1958834127
1949083096
1937175633
1934613761
1922086650
1922072668
1881202156
1871574241
1859393484
1858346726
1845819205
1845130964
1845057872
1836364898
1833893972
1833276763
1827790084
1824422643
1824284832
1820644029
1816160895
1816150505
1816038694
1804728141
1804718803
1804707850
1804706838
1794057857
1794050577
1783332741
1783332368
1727607320
1727605824
1704750333
1704747479
1704734330
1660123628
1660057777
1647567966
1638346143
1638343485
1638341963
1638329969
1627733800
1627715602
1593908809
1593906555
1593901266
1593886156
1592489183
1584995850
1576768051
1576734807
1573640396
1573421410
1565700711
1542496250
1542493411
1541232141
1541227209
1532760188
1532695562
1532691487
1532689626
1504189269
1476582642
1476007287
1468996851
1462530948
1437565628
1433226037
1432286491
1431872604
1430410690
1424960722
1400611150
1395031268
1387924926
1381046191
1376327006
1375048743
1361006071
1347735045
1343416137
1341879568
1335940429
1331298087
1331116162
1322257531
1321011378
1315356149
1310251607
1310048821
1305481693
1305477175
1305213399
1304773167
1300066239
1300064866
1289002019
1287874775
1279640426
1279639956
1273845836
1269476971
1257815524
1257803945
1257626149
1257528529
1248702848
1247030827
1245814345
1244458551
1241619982
1241608567
1240446591
1222425298
1219608168
1207492554
1203019144
1202655979
1202653080
1200148724
1200102348
1195509241
1191940784
1183439577
1180849098
1180420953
1180291843
1176130928
1172737754
1169815256
1169719051
1164272065
1154784591
1151986768
1142238523
1141805700
1141744498
1141739529
1141714210
1141695525
1141417192
1137062934
1135811242
1133988445
1132967196
1128138511
1128032750
1123474268
1123409625
1123406434
1121693888
1121164908
1115534152
1115280700
1113070555
1113015632
1106506635
1104798668
1104634469
1104499950
1104090805
1103941192
1102040741
1102027992
925633147
924438362
923142036
922894245
907788434
898884748
897076341
896459368
896347229
896345932
896314669
896262785
895343100
895136759
893955520
884051808
881578521
806435567
806356126
