398116363514167296
398116205510524928
398116027449765888
398113558246207488
398113024558776320
398112382272438272
398066378617655297
398066295910191104
397701728386424832
397701646723350528
397680192774483968
397679838439669760
397668551030751232
397668387192856576
397063611786735616
397063400788082688
397062447301140480
397061986972082176
397001880230187009
396957501683666944
396956609513263104
396956060885729280
396955548723462144
396947039915102208
396946378993434624
396945458310172672
396765024653705216
396764847775694849
396764590589353984
396762808937107456
396762143951192065
396738842616938497
396738503918489600
396723312782741504
396686566137286656
396661003418882048
396648358401802240
396648133012504577
396638958664556544
396638613846630402
396622802159411200
396622004989992960
396619138615222272
396619079731384320
396618260743213056
396617991733149696
396617734928482304
396617415020539904
396613921295335425
396611687459332096
396372637506871296
396359571687899136
396311554679119872
396196195561144320
396194581173510144
395995358154612737
395995262444773376
395994589091229696
395993735663591426
395993277700538368
395993184591151104
395992846022762496
395867147383361536
395841124260388864
395840823847567360
395840676145143808
395840520666480640
395668416889372672
395667894128115713
395666006053371904
395664788287520769
395281689703743488
395281460120154112
395281366218440705
395280656843804672
395280043166793728
395279230335844352
395278313762979840
395277442144665600
395170692930736128
395168669661024257
395166460428840960
394858366151184384
394855968653471746
394855029301338112
394854813705703424
394816700891545601
394816190440570880
394806264066084864
394538790418919424
394538619916288000
394538215316946944
394537999322849280
394537772687818752
394537677372272640
394411836717932544
394402194835140609
394401986160111616
394365226256453632
394185059571597312
394184379087728640
394183423491051520
394182218748555264
394181706783391744
394165667798474752
394163046165516288
394163022983626752
394162699145580544
394159123597914112
394155810496188416
394155701444304898
394155594455973888
394155300967968769
394145439559450624
394145012604502016
394139431822974976
394138178539757569
394137608592572417
394135666084544513
394134851693342720
394085138466086912
394030199719071744
393999386784854016
393876270150582272
393874210709585920
393845676893016064
393764486374752256
393764451150991360
393764184431030272
393763979564421120
393741577279250432
393741441119567872
393741222382022656
393741190153379840
393740944786608128
393698701321187328
393685339136868352
393678739856293889
393667946616483840
393664454430560256
393664018449444864
393659060429783040
393469117849960448
393468903965618176
393468305736204289
393467922364260352
393467823017963520
393448049089183744
393448005699141633
393437425894449152
393436737093251074
393436491663544320
393402571848949760
393402307523932160
393397621873975296
393397501602304000
393397354709389312
393393947852406784
393393631056629760
393392783220035584
393392699019390977
393392297448333312
393391583196119040
393331100304801792
393331022185517056
393330106770685952
393329919633399808
393286996434898944
393286915686141952
393286736153169920
393286668314497024
393286581844709376
393286436386250752
393104171920261121
393103800850206720
393103462407634944
393103270941831168
393043059497521152
393042769817923584
393042720798691328
393042368745992193
393041565557334016
393040618395803648
392976119261319168
392644791521275904
392633023734087681
392631776624910336
392631653648310272
392358776675631106
392326041177313280
392323113306034176
392315398583898112
392038595105550336
392035975183884289
391893391094468610
391892805716832256
391892094299545600
391641961863843841
391604021729177600
391116635303845888
391116351588552704
390970931918536705
390969503997104128
390968638787710977
390943211830927360
390941960472920065
390835907705978880
390591864799105024
390589877433020416
390588552804708352
390584503359782912
390584316616769536
390583441496219648
390583129783955456
390583064453447680
390582833796116480
390582569282326528
390582411987546112
390488962017787904
390486894062346240
390476669074804736
390470440654995456
390470407083794432
389866627237310465
389724485748011009
389711005640818688
389352443160834048
389320062123126784
389319295022678017
389318836346183680
389118313701208064
389118139306618880
389117418964258816
389117341428355072
389115339616702465
389110595456614402
389108442323238912
389107120408231937
389094285326692353
389061468580085760
389061306898055169
388995653097242624
388726183711768578
388726067688927232
388665061151354880
388664924421246976
388664860881739776
388664583390781440
388664447696650241
388664280591384577
388579388427890688
388578460094197760
388576835195637760
388576638063357953
388576504051150848
388227602835832832
388226737332846592
388226110204694528
388225092339384320
388223968773431296
388223653491793920
387995060358639616
387995036438503424
387994718841618433
387994673408921601
387994585110024193
387693603084312577
387693504002269184
387685696921935872
387684674346430464
387683377274716160
387682736062091264
387682356393697281
387682018265690112
387681283549454336
387680841121677313
387615579252613120
387615355180285953
387551122891632640
387550904448057344
387550625283579904
387499910716997632
387483644908294144
387483345128792064
387483198693060609
387355122587947008
387354639144075264
387354086062174208
387335733645967360
387335390501560320
387302325473124353
387299739433058305
387299651621113858
387297733322620929
387297570944331776
387297362575519744
387297139098787840
387295527563321345
387197961534713856
386848158678286336
386670276265934848
386669611489689600
386171995320512512
386171444423835650
386171163183161345
386170857393250304
386083172947345408
386082991669518336
386082814275620864
386082709489332224
386036873317351424
385747587824758784
385518676759158784
385518384663642112
385518286328184832
385518081079910400
385517820974346240
385517773981360128
385075269339717632
384814684400287745
384814334352039936
384814121860214785
384780813214437376
383519738280030208
382914795545972736
382810146986287104
382606578081218560
382560829704376320
382559155522789376
382551254632656896
382550907637886976
382548592243650560
382548456713109504
382548161492828160
382547751931609089
382547104805027840
382546495553036288
382546185501671425
382544811418320896
382544451429601282
382544303563612160
382543526250024960
382543430028521472
382543407517671424
382542641037979649
382536240693661696
382536041040605184
382535642015465473
382535381402402816
382535115827466240
382535088853893121
382534999485865984
382531484252250112
382505870329798656
382504717206556673
382504396128391168
382504094805405696
382504029466542080
381345278286397440
381100888062173184
381003772954435584
381003030600376320
381002957623689216
381002852828975104
380764430411513856
380703322262745088
380643714936238080
380430613829804032
380245083259695105
380221241749430272
380022556645801985
379994685122826240
379993553034022912
379892107110277120
379892032854302720
379145691010179072
378943420095410176
378942471721340929
378653222048899072
378583581112954880
378536769308086272
378535256397066240
378456192215162880
378456037550194688
378455958529531904
378455683659997185
378451444271050752
378451225068707840
378449402287128576
378448940255182848
378448759904280576
378448234932633600
378448151189151744
378423315314245632
378423073458102272
378422690451058688
378422439963017216
378422390147280896
377416163128778752
374582134595268608
373460884137336833
373180067335397376
373159743353016320
372786901910290432
371983943924715520
370573790012792832
370514686984585216
370514449763139584
369105338517049344
369057092843212801
369056851544928256
366647585613680641
366646986985848832
365103825968836608
365093445796249600
365093324392112128
365093216007098370
365093063107940355
363407939652288512
363369895993425920
363350871985647616
363350588534575104
363350491272450048
363350336410759168
363216319287537666
363210924674801664
363209085195681792
363208549138448384
363208058920370176
363207627763122176
363202668946526208
363201928966451200
363201257432813568
363200892595896320
363199647483183104
363036478357921792
363036178217705473
363035316992892928
362657643187273729
362657164021600258
362656342403596288
362653336501092353
362652916965838848
362651690647814144
362211473977651200
362152099737370625
361880888105111552
361627331963518976
361439714949070848
361231860342333440
361231601876729856
361053723671281664
361053130626039809
361052089746587648
360674080128634880
360673982451695618
360669850798006272
360669214169763840
360668052095901698
360663406157643776
360657735697707008
360657553811701760
360507806048194560
360506994140004356
360500834750054400
360498167688597506
360456295259701250
360448626251677698
360448050604412929
360447709464895488
360447141946195970
360446950933405699
360311531851890689
360311287630143489
360310807894044673
360308322567598080
360307969000345602
360307801010085888
360307470972895232
360307154118381569
360306846629769216
360306518974935040
360306069727215616
360305925451546624
360305543094607873
360305204522000384
360304246576521216
360302953594236928
360127633020821504
360127293563219968
360092844955938816
360092684507021313
360092595654889472
360022974948048898
359946767736901633
359946401221840897
359946108287451136
359945892020748288
359945166125142017
359943689075830785
359664075040489473
359662186701930496
359648654446956544
359647713505193988
359647024410402816
359646859872047104
359646627218206723
359543842581659649
359443907824082944
359442666318483456
359442410046500865
359441682435018752
359304146635063297
359220524938821632
359219350093303808
358914674865090562
358912251098435584
358911932293591040
358879919842926594
358879405361618944
358879297274388480
358875397196226560
358875237502304256
358874540501651456
358618691568553984
358618142559322114
358560560499015680
358551014137278467
358550623132090368
358351664077881344
358340299535298561
358276184875872258
358272635261566978
358271956597997568
358271803233271809
358271785998876672
358271569820266496
358271224117329920
358166283071664129
358166188452356096
358165575823933442
358165558652444672
358165408290840576
358164958372036609
358164885911252992
358164790226587649
358164509711532032
358154641088856064
358108810990202880
358106768016416768
357974664619896832
357974200549515266
357968309490159616
357968197909102593
357966872962015233
357965879901822977
357965611223105536
357964642175291393
357964104855601153
357958187376320513
357957891417833475
357953607855247361
357953567212449792
357952962020126720
357949399105675267
357949300262703104
357949141743190016
357913085157179394
357912542909177856
357912483496865792
357912437309181952
357912226918699008
357912017631326208
357911899926568960
357911788643295232
357911654358454274
357911506291134464
357910588896182274
357904197909364736
357902417653805057
357900911844134912
357893828579033088
357893555034914816
357893431869177857
357891247001702401
357863195987288064
357863180246061061
357863120699523072
357862394921369600
357862281519960064
357806443728084992
357806208624754689
357805768688402432
357615509434408962
357458481273507840
357458217766354945
357457652667777025
357233585452879872
357233114671611905
357232705257209859
357232006138048512
357231320184799232
357231110670913536
356890381687861249
356889572287852544
356879660015030274
356859050748674048
356852313668861954
356852185713217537
356843825714565120
356843475204976641
356796050679398400
356325967242862592
356323402866372610
356322027264688128
356187478836789252
356187175076904960
356125791182012416
356114990903730177
355988515558920192
355766680137371648
355766151344689153
355688487489515522
355687551752871939
355625928484864001
355335749559787520
355329453469081600
355315801093439488
355261251892428801
355219587014475777
354980913278496770
354980818860515331
354957324722503683
354956236241899521
354942654380916736
354940342845444096
354864989582016512
354618854204383232
354618529632362496
354617654901866496
354617607594311680
354617361531281408
354617101085982720
354616990457004035
354616771380121600
354616538373959680
354616408946130945
354615854631100416
354564551498412032
354558194019864576
354558153452568576
354557593194205184
354557166876762112
354556965449502720
354556770682814464
354547912979652608
354547872366202882
354547796436717568
354547539107782656
354547492781703168
354298581768880129
354298349286998016
354279495307505664
354276905521913856
354255989190561792
354255769581002755
354255708499357696
354255530644086784
354254524254396417
354254333967208448
354254175414140928
354254042593099776
354253864251310081
354253596394663936
354253331251732480
353835224465027074
353834317195132928
353439673789591553
353439121131311104
353255060874080257
353177008072695810
353157886442078209
353157713703862273
353131001792303105
353130055544733696
353129001641979906
353128412421959680
353127968119341058
353090086784602112
353090069424373760
353089278768717824
352849190361112576
352849062799753216
352848896571088897
352848736831016961
352848554181672960
352848395188187136
352848034549342208
352847516972224512
352847169486733313
352846747791400961
352846491943043072
352846255531106304
352845629812252672
352845386462924800
352702101123641344
352536323569090561
352536140336738305
352534528419577857
352534357296168960
352534056723955716
352533923592552449
352367839975456769
352361489799200768
352359071413837824
352358193034297345
352357944635043841
352357036681469952
352171419435667456
352171066766000128
352169802720223233
352169501661466625
352169268101656577
352051791891939328
352051596890353665
352051548416774144
352051489621028865
352049632316112896
352049422131134464
351250540426043392
351082497230110720
350720063013261312
350719493166739456
350719264426180608
350718991402151937
350718778318917632
350718127224524802
350717456244948992
350717279308234752
350717132855705601
350716984935190529
350716888747225088
350714101128896513
350701903191085056
349912651385683968
349911625375035393
349909770989342720
349909430936145920
349856398840041472
349569430415618049
349568870752845825
349568705342083074
349568584801988610
349568000506085377
349567557583384576
349567064253534211
349566476648333314
349566241452724228
348895128255090688
348895035972014080
348894807533424640
348533979181350912
348533459825860608
348361865870577664
348360805030436864
348360382655643650
348358679617216512
348358113419722752
348357802181410816
348353248870166528
348352906048716800
348352239179538432
348351896676864000
348021477951545344
348021351421980672
348015221652197376
348015119055331330
348015059110346752
348012861458620416
348007168504643584
348006902476718080
347988493382852609
347988191292293120
347983309441212417
347983202922684416
347982914308411392
347974157553782784
347973943489081346
347973402709082112
347972710464364544
347826616166137858
347825930250641408
347774283688321025
347773406646775808
347765632584003584
347765174536638464
347731265069383680
347667350742503424
347667128234676227
347666308952887296
347666166619185152
347410425610117120
347409703980126208
347398463178280962
347386992981590017
347385732345774081
347385410017718272
347384804267941888
347383763258470401
347372184882257920
346933212783710209
346932758876127232
346736499749965824
346736446759133184
346735730464276481
346733836673097728
346732284356993025
346726573036163074
346725737669222400
346722581799370753
346722038041411585
346392096967639041
346391908907622400
346391633094377473
346391202700066817
346391035087294465
346390921337774080
346390828102586369
346390483498565632
346390273556893696
346390089938661376
346389913673027585
346389512651419649
346389205640949761
346388981283430400
346388612448915456
346388175310168064
346387794177978368
346387593203679234
346387296901271552
346386549732163585
346385626335170560
346385234620731393
346383662541058049
346383341680992256
346382721376993280
346382491046801408
345880618292375552
345880311814561793
345880017303109634
345879722464518144
345624820421107712
345621960430088192
345620973514526721
345620746556567552
345617474999447552
345616739075239936
345585128145305601
345557090523287552
345557054804611073
345556953235333120
345521477531078656
345521074114535425
345514121913049089
345513254476447745
345510389213188096
345509505880166401
345509175289331712
345508903196430336
345507935901851648
345507606640607232
345433246865162240
345159494348726273
345158895154638849
345153506430312448
345152862059380736
345152697344864257
345152648560906241
345152549206249472
344420519145250816
344420099916189696
344363874469949441
344363519204028416
344032761239191555
344025421333008385
344025369839542273
344022722495520768
344022069618552832
344021914240557056
343347869396373504
343346560232472577
343346438576668672
343346117418823680
343341691434045440
343341066172387329
342982250725519360
342957022393815040
342956305490771968
342723236200599552
342723070424924161
342722116891840512
342605518050824192
342601520317100032
342597757019750402
342597647737176064
342597105170399234
342575214003093504
342573184635252736
342572393031675904
342572335410331648
342280428314566656
341816813102960640
341569352685981696
341512661969821697
340554124946993153
340449937777111040
340449831187259392
340442738023596033
340438295760748545
340404443835150336
340404262603460609
340404048165482497
340399497656020992
340398665288007680
340342343385362432
340127002835161089
340067718290083840
340067047222423553
340065148939141121
340064995230490624
340064320362803202
340064187411738624
339882227108290560
339881424683421696
339836379448098816
339835961842208769
339823171375071232
339797798822223873
339779856759922690
339779453267869696
339775920820862976
339439283238752256
339438709017559040
339437249773060096
339426116165058561
339398455363506176
339359367734370306
339354881284513792
339354774203944960
339354302852239360
339353788399894528
339353331271077888
339349780662722561
339348466830548993
339347381407604736
339347096379457537
339346796398645248
339346628433551360
339121745548156933
339120665724583936
339120426196283393
339119701248602114
339119499578052608
339119337547907072
339113927017381889
339112767741116416
339112598752591872
338960320196407296
338724233419059203
338724166360498178
338718402929651714
338424394261082112
338421449880633344
338417202065702913
338416697822289920
338415389555961856
338409197223936000
338408830482386945
338400550779490304
338399259583975424
338398430189719553
338386481406152704
338386099443474432
338361934959222784
338351869745311745
338343671697121281
338342760316813312
338334548184145920
338333011697336320
338332337387483136
338323786447323138
338323714141720577
338323365968367616
338322969023614976
338321041682210816
338320821598683137
338320510557487105
338320422443556864
338310395112603649
338310319334105089
338300300903448578
338300205524979712
338281198180765696
338281062885097472
338275547270479873
338275274019979264
338275100111556608
338271738565627904
338269395493191680
338266765626834944
338265519843065856
338254665118531584
338247711902023681
338247619103035392
338231738251747328
338231543996755968
338204383173017600
338204324029153281
338204211466616832
338200782094610432
338198372450189312
338195793464922113
338195689702035456
338194931405434880
338191402515185664
338189214845894658
338180627734081536
338179343522091008
338178293599719425
338177666492547072
338177467770601473
338177368940228608
338177213490933761
338176988894339072
338028480992247808
338025706569207808
338025526990086144
337852582871568384
337850939564228608
337850492157837312
337850190688051200
337847953844760577
337846659306360832
337833473643511809
337833115840032768
337683130595045376
337611796150091778
337611043536793600
337610111847645184
337609891571183616
337601308624306177
337600938346946560
337600511563931648
337591317397921794
337299092256481281
337283612762320897
337267985817407489
337267737984376832
337263700010483714
337262327705530368
337261827236982785
337260092443488257
337259588632072192
337259148427280385
337258126447370240
337257250630541312
337256790788042752
337255279701934080
337255086650703872
336791570374344704
336763755310510081
336614286845681665
336452716391956480
336448181242040321
336447828605927426
336447499634102272
336129308995252224
336123245201870848
335883513037484032
335472737327910912
335472474441531392
335471979270377472
335471898714599424
335360981884616704
335359668920651776
335359523852263424
335358690536349697
335358615437328386
335358276369788929
335295283623772161
335179469780312064
335137311190814720
335128299774812161
335126512632225792
335126284252372992
335125784819806209
335125583266725888
335125428899549184
335123728826507266
335123220539785217
335121794338025472
334958331309465600
334958112178049024
334957039417692160
334952899765485568
334951134970134530
334768842049986560
334733325048610817
334732546036342784
334732249318690816
334731898419044352
334731415340077056
334729048280399872
334728894978617344
334728386763173888
334728164582490113
334724790730493953
334722469317472256
334689472530747392
334590306181861376
334352753562365952
334337727187255296
334337305710034946
334275313641062401
333981599408467968
333965224031952896
333363802093531136
333355509895794688
332944852742443012
332749585611096064
332496164396081153
332458048436178945
332155768264593409
331099332516384769
331098811432845314
331098443340738562
331098358292807680
331096562509938690
331007451992317952
331000595790036992
331000222681550848
330786233875845120
330752486103207936
330644070240251905
330429014260989952
330428925622759424
330428039827701760
330426382280687616
330412702163951616
330390829246054400
330389904410423297
330389859913060352
330389418877779968
330385703848529920
330383042533269504
330380427833532416
330376510231937024
330376380279820288
330376179267825664
330372089498443779
330227845353844736
330227300572479488
330226058018291712
330220504076128256
330220503690248192
330220503597977600
330006286907371520
330000974238330880
329985789272403968
329876626957545473
329875814030127104
329663720785575936
329654139036528640
329653974326210560
329653335617568768
329652948458160128
329651660169310208
329651472126070786
329651361371267073
329651131141742592
329650825385365504
329650423050952704
329650237390077952
329650042174595072
329649957768421376
329649863514009601
329649734547558400
329649400332820481
329646804763295745
329591245359960064
329590764969533441
329313138845560832
329312093155246081
329300222800961536
329300036854882306
329299794214404098
329298769113935873
329298565648220160
329298379593101314
329297805506138113
329297328135602177
329289010050637824
329285469022060544
329284971682488320
329283689668280321
329247471362514944
329247275543048193
329247017694007297
329232883204124672
329230258274435072
329229551332888576
329229168170655745
329228610810544129
329227476402323456
329227373272764416
329201770498756608
329188031837921280
329185077084954626
329183311111012352
329181643602554880
329180614110621696
329180481922953217
329178516782465024
329177739649220608
329177702567391232
329176984489951232
329176772325294081
329176406166736896
329175673958699008
329174992396898305
329174297815941121
329173513443344384
329140328974131200
328947041424269312
328946624523010048
328946240379297792
328941507061100544
328647282008391680
328644239812591616
328608978785427457
328608113123004417
328601352806739968
328498613607079937
328458357730074624
328453386171191296
328286799803854848
328188641908236290
328121883818070017
327854666438295553
327854200266559488
327818013950742528
327817773617147905
327777991117643776
327777619460358145
327765898771451905
327694473997991937
327674660407877633
327508160275415040
327358111214075904
327354761684873216
327342686711463936
327342209978474496
327325089274150913
327324754606436353
327322321150955520
327321436060532736
327320211306983425
327320162418176000
327303161356353537
327302965180391424
327302552662196225
327302513709678592
327168059733315584
327167433171406849
327165014869934080
327164078462205953
327163377522704384
327161820920037377
327161393906331648
327161173709565952
327161116679606272
327160974685634561
327160151213735936
327160053314506753
327159936213725185
327158215366295552
327157026096574464
327156647585787907
326989325709492225
326989165092802560
326819101953630211
326759791529701377
326759361240244224
326758203012558850
326758168212418561
326757826422767616
326453094705684480
326418752075866115
326418229054562304
326417861784514560
326355250678210562
326336668007280640
326335416435355648
326263072006213632
326259825912717313
326259303633797122
326007393282584576
326005468969435136
325860857307361281
325725926438600704
325551076214439936
325528083899748353
325374016623898624
325373777120739328
325362840271740928
325362306705932289
325360731518271488
325360644037697536
325359928996945921
325352734448566273
325352284554936322
325352045857107968
325352007785398272
325351794823790592
325351450219782144
325349447766794241
325349120275525632
325348779433795584
325348062308483072
325346766188859392
325281147531694082
325275483728130050
325223562388594688
325185260121890817
325161604666769408
325022155458887680
325020082981978112
325019455665090561
325018188905598977
325018116012789763
325017723396567040
325017164664950786
324963592266989570
324951709170425857
324951327878828032
324950350383693825
324905003699535872
324902840743124993
324902494637527042
324899648785481730
324899547585314816
324899450403299328
324899342999748609
324881815225630721
324880722315845634
324819341226938369
324819153280176130
324818925466566657
324818787440394240
324800921605398528
324800509586329600
324611612466089984
324609391787646976
324608885468065792
324608269853261825
324607379931004928
324606685505257472
324603550925729792
324602617760210944
324600045406130176
324599227428782080
324245638621585408
324234017618681856
323908185029222400
323908110290935808
323907484798574592
323854029753032705
323849846798831616
323848835019456512
323844089244168192
323830122706763776
323712482034204672
323555017720201216
323554760965910528
323554688022753280
323552844722630656
323552595690016768
323551546946244608
323549805219557376
323545707250339840
323543847655333889
323541865007808512
323540328441344000
323539532203044864
323539451563368448
323539298135732225
323530687741317121
323530633928404993
323522390858539009
323522253184708608
323522209450717185
323519509468176384
323517832665120768
323517440283791361
323513620128481280
323504228574322689
323208000548532224
323207947142459392
323207893463748608
323207837864034305
323207530861973504
323207483827056642
323202978058231809
323202855349673987
323202542714646528
323202447193546752
323202012994994176
323189353935421440
323188974850031617
323188761007624192
323188556380114944
323185684494036992
323182824532369409
323182673776480256
323182365977489408
323181996690001920
323181552794222592
323181011494121472
323180616193540096
323180112927412224
323164896126726144
323164725049438208
323162927731445760
323162422452039680
323162234719195136
323161245790400512
323160925588828160
323160502173839362
323160411862085633
323160311785979904
323159764479647744
323159602365612032
323159549332840448
323159019764211713
323158549884715008
323158333538324480
323158245457940481
323158105661784065
323157838845329408
323157009908256768
323104217021693952
323103258359001088
323089803254050816
323011112503230464
323010791538298880
323010263055998977
323009607649861632
323007770397929472
322985086419087360
322984507034705920
322983554378240000
322821996805226497
322821211551846400
322818600987668480
322818566145581056
322818325807788032
322818193787871232
322817779008946176
322817402758909952
322817190422253568
322815594955145216
322814762239000576
322814349523705857
322814112503566336
322813539481952258
322813464781402112
322813254642581504
322813217644617729
322813197109325824
322813063139045377
322812591510540288
322811900628959232
322811365305749506
322810861783748608
322810349424353280
322809446826930176
322808077046931457
322807752307122177
322805364343074816
322804965049511937
322803962396946433
322803803323777024
322802458080448513
322746558636494848
322744681563820033
322744557617954816
322744508817219584
322673848061407233
322672912236703744
322669938244472832
322669260474314753
322668417293377536
322665689708126208
322665541389148160
322665354394488832
321733275993391104
321730128772218880
321727250238152705
321723609188036608
321720352361295873
321718971613184000
321717063506874368
321716000989007873
321630965057347585
321629458442379265
321627531616849920
321626773001490432
321624238035460096
321623039072681985
321622932801597442
321622835342753793
321621936247558144
321619950500450307
321616951396954112
321615985343873025
321610999360798720
321606207255224321
321578438282600448
321578220371709952
321578002838343680
321577827436752896
321368943669420032
321368077075902464
321367886318952448
321367264114921473
321367024246870017
321366970807242753
321365365743575041
321364967481823232
321345858610266112
321258298684874755
321017049914687489
321016021307768832
321015509007081472
321013036821401600
321010581383561216
321007596695875584
321007392517156864
321006808321888256
321006748922171393
321005846270185472
321005217887973377
321005159016714241
320997873795858432
320997583977844736
320997373402816513
320992070359728128
320990225100857345
320987884272373762
320987633822089216
320982109521080320
320981385861009408
320955113030176768
320954764810665985
320527788199260160
320291505401110528
320291161606610944
320289885242134529
320288044215320576
320287944831295488
320287857468129280
320287792808742912
320287706242494466
320287210438004737
320286528830050305
320285788686389248
320284361515732994
320282915143553024
320281198121340929
320258952996732928
320255186679525376
320172186788843521
320169407210983425
320169213614510080
320169089232420864
320167437423230976
320167310277111809
319943140729569280
319943030125776896
319854362056855552
319854010301554689
319805581013708800
319793812203532288
319793660180971520
319793343733325825
319793189613608960
319793080112926720
319792920683229185
319792815888556033
319792593150033920
319792483661930497
319790743042551808
319790742543413248
319790618635292672
319790519393853442
319790302619652096
319790153235329026
319790080766124032
319790035916451843
319789755732733952
319789677714489344
319789582189203457
319789562673127424
319789534550302720
319720704402673664
319560289592958976
319549022408962050
319487225253466113
319486661442539520
319486529347125248
319485761315553280
319485715194998784
319485270804287488
319485128151810048
319484754825195520
319484438931197952
319482435538665473
319482400918884354
319481598766624769
319481250060582913
319480809155342338
319480672265830401
319480138343526401
319446670121246720
319444211864850433
319195267733798915
319195077371117568
319192655147970561
319188246988996608
319176195394658305
319176064716910592
319153295832805376
319021526869475328
319011685908242432
318503912409800704
318451122958397440
318445549105844224
318443434501357568
318431938027343872
318430188193058816
318429576617402369
318412708942848001
318001488356057090
317623999368683521
317621350258851841
317621209674162176
317619268860657664
317618545615839232
317588695014322177
317586637704032256
317584714888261632
317581803730903040
317572456258867202
316896247065767936
316858949796241409
316682818774253568
316677771575300098
316676886442938368
316676539095871488
316675698695733248
316675535533113347
316675202090164226
316674722941255681
316674008156368896
316671988951289856
316669650614239232
316669417431904256
316667172405534721
316667078906109952
316486989681672192
315932066975993856
315931577949495298
315923563410509824
315922961045520385
315922381526929409
315920271670390784
315920004153499649
315907910557380608
315907500404772864
315785077466472450
315033770568867840
314042670655885313
314033782871187456
314033589098520576
314029712953462785
314028209651998720
313974498217050112
313946609819992064
313771901170372608
313771816957116417
313771673352548354
313770338641129472
313768636164739074
313767579598589952
313767538779643905
313766652137320448
313765067277611008
313762792287133697
313762224881688576
313761676254142464
313760799447453696
313760105176920064
313757858548297728
313756311651229696
313752843855200256
313752079007109120
313751689939263488
313747965330223104
313746274987962368
313671749210345473
313612498634932225
313603064714117120
313579040470618112
313293162447785984
313292627472687105
313289064868614145
313278108113465345
313257652660621312
313257497743994880
313257396610945025
313257201659703298
313256999083184128
313256897027383296
313256439017783296
313256280158515200
313255993385570304
313255865153110016
313255828373266433
313255643169566720
313255424205930496
313255341414559745
313255152230486016
313254984701579264
313254757315776513
313254417535213570
313254107945259008
313253900541120513
313253778512039937
313253570327756800
313253193989627905
313252841152200704
313252505775636480
313252062739714048
313251775744462848
313251644840235008
313251509049647105
313251152860942336
313250963395862528
313250868256452608
313250250817155072
313249929780936706
313249821014241280
313249200303386624
313248799726391297
313247843768999937
313247654794633216
313247379442790400
313246956367519744
313246647029219328
313246403239477249
313246298318962688
313245759770345472
313245262518837250
313244927712698368
313243914024931328
313242970587557890
313242725665370112
313055038002065410
313052334806675456
313051983558881280
313051288030048256
313047528830537728
313045223112585216
313044294602735616
313043469935468545
313042746296397825
313041543072190465
313040708514750465
313040161934045184
313039198816960512
313038281694666752
313038221426696192
313037837878558721
313036728501932033
313034071796232192
313034018264326144
313033959539879936
313033770099937280
313033689598685184
313033635060129792
313033439957893120
313032644608815104
313032458478174208
313032220749201409
313031530312245248
313029132567064576
313028995937607680
313028897337917440
313028289390313472
313028205978210304
313027366635044864
313026036545769475
313023535129980928
312989518183682048
312987240601100289
312699225584566273
312692285559144448
312689892180238336
312673069497995264
312668639419584513
312663551166803968
312648221723852801
312645015501418497
312603079038078976
312601081102364673
312585667056111617
312583973140316163
312583256979685376
312582604656373760
312582208303022080
312580824472100864
312579653430824961
312579051816632321
312333313786384385
312333034030497793
312332712402882560
312332334252847105
312331386772152320
312331067728211968
312330805412249601
312330371691843584
312330088106569729
312329036162555904
312328129999937538
312325199653662720
312322852722442240
312321481000501250
312321043027070977
312315482072047616
312310344087384064
312308508571881474
312307760735846402
312307406778552320
312306983619416065
312306247556796416
312305278643236866
312304489170337792
312304025867542529
312303290962563073
312259747980124161
312245019383832577
312244606895017985
312244249376743427
312221821351112704
311817765461823488
311816633821835264
311816402807975937
311815171649703936
311812427996094464
311811814134521856
311580757749559296
311580596650520576
311565698105241601
311565612394635264
311565570225090561
311560800420638720
311556966407364608
311554068470444032
311553727263813633
311553351101865984
311552848087379968
311547126490484736
311546867014062081
311546830326476800
311546735589720065
311543667800281090
311530746080792576
311530679945011202
311445494104735744
311437318156349441
311436352308772864
311238378454659072
311230718892199936
311227263171584000
311227048855236608
311226918542389250
311226809075245057
311226369684152320
311226057359515648
311225653171208196
311225042048528386
311221618003279873
311219611066585088
311218108138393600
311217806781853696
311216569160192000
311211667797196801
311210623407095808
311210322721660928
311209753562980352
311208963687464960
311075008137011200
311074909356974081
311052334606200832
311051920909422593
310743395381415937
310719530739568644
310541462439878656
310500112730312704
310500013706969088
310499526253371394
310499450659405825
310499320669564928
310499200427233280
310499067920789505
310498926354653184
310471892316336128
310471738116939776
310387178071007235
310386982943617026
310383123928084481
310174426803081217
310174277062254593
310174112083505152
310053569673981953
310053328295964672
309992782704037888
309992379690143744
309988404739842048
309985681327931393
309985330335977472
309980088961732609
309979306195554304
309979268631392256
309979244820303873
309979055632044032
309809546715598848
309808913644130304
309808314118713345
309806869197778944
309804954074374144
309804092220375040
309799667485536256
309676588948135937
309676159866634240
309675045188411392
309668356611534851
309650835665715200
309329940204109824
309329649975037952
309313921389568000
309313724647350272
309310517527326724
308911298039660546
308911039888625664
308867698526404608
308670415528665088
308659195236990976
308655220139888641
308655062979313664
308648140158955522
308647785572483072
308589333701611520
308290072875253760
308206645194919936
308158305744855040
308158088320520192
308157743339040768
308157436366315520
308155351268741120
307860937652715520
307860627983065088
307844275201265664
307797448896692224
307797152648806400
307792479166529536
307538342097080321
307537907940487168
307493404818939904
307493096860561410
307446823042314240
307267198081200128
307227924162031617
307227395625205760
307222410229329920
307149404442349568
307045718101729280
306887733052334080
306887681898590208
306882002685140992
306880617134575616
306879835979005953
306777337096196098
306777062482526208
306776999991586816
306774923655921664
306773823473192961
306768268402778112
306768134340214786
306447510916984833
306445728207753216
306427457353940992
306427128033980417
306426423801958400
306419364658302976
306418680978362369
306418272197308418
306415921742893056
306415204080689152
306413342556291072
306072676894646274
305751688474673152
305682912362242048
305681687231201280
305665569963778048
305644159178518528
305643920010911744
305643694688710656
305610032123351040
305609909620318209
305609641394585600
305609339580858368
305609266079866882
305609188296519680
305609095388483585
305608889162948608
305608805343961088
305608606315847680
305607394757586944
305374965987950592
305374768377495552
305374477401862144
305374236388777984
305374000169750528
305373731474251776
305373556324306944
305373360102191106
305373090739789824
305372288189075460
305241306500853760
305129968692776960
305074965915529216
305064873237286913
305056199353708544
305054163233042433
305050159094583296
304996288980729857
304978157046468610
304977888145461249
304977614135754752
304721480313356288
304716100120231937
304715758217359362
304715528973455360
304712592729972737
304707852826710016
304705440942542848
304694280084140032
304694045349924865
304664995831103488
304660018769301504
304659356178321408
304656362548391939
304654158336770048
304653706010439680
304649412657954817
304648213548388353
304274068520194048
304273845228015616
304273270281228288
304273211061858305
304213474685370368
304212318760341504
304120848334323712
303924149548634114
303921154513571841
303908095137050626
303868371466854401
303867402423263232
303835382217314304
303583549360054273
303577236479561728
303576851484385280
303424595413827584
303421911612928000
303267489847074816
303266864279207936
303266114845167616
303265345949552642
303264795572965376
303264275311517697
303239471678226433
303239332792242176
303236317213495297
303235685970739200
303233439874822144
303231147972898817
303229612119437312
303228411139194880
303050780779356161
303049233831960576
302838921342095360
302836375454097409
302805485755707392
302804179481681921
302746262950793216
302744896446533632
302720955212525568
302719080924868608
302547262993747968
302477441916620802
302440051562921984
302439923917656064
302408727598866432
302344693965000704
302116428545409026
302079127647825925
301943568824676352
301816755410583553
301799100305776640
301797176017817603
301795779411058688
301791461366697984
301712619054718976
301449408887799809
301422331325194241
301421950587269120
301421188066979840
301419851883352064
301418615549353984
301417694803140610
301409180311506946
301380976938995714
301380883456352257
301380718322409473
301380463505838083
301255005946650624
301014860815282176
300991175442178049
300976973474316290
300976698772570113
300960985559232512
300958095251734529
300895735258427392
300718672148852736
300718551046692864
300718326714363904
300718152227110912
300717787486240768
300717715629436928
300717349147930624
300717249398968323
300717155660468224
300717039214030848
300716880312815616
300716734397177856
300716366569299968
300716196041461761
300716023823360001
300425414654967810
300243411317960704
300242943707582466
300241973384724480
300241952669052928
300241800290004992
300241269836365824
300240413296586752
300239934407716866
300239038114320384
300238673851604993
300225070704513025
300198676373049344
300194216091471872
300193321664528384
300169369688883200
299945324124987393
299945060307435521
299870965658161152
299660832843907072
299660675549102080
299652280200876032
299649479412424704
299648469977669633
299628990342238208
299616179914428418
299614929600782337
299614617070608384
299582895880822784
299565593126895616
299564073576722433
299562571982319616
299562068258996224
299561853258960896
299539164125356032
299522725305786368
299522596100263936
299522521420664832
299522348581801984
299519663535181825
299519191579512833
299506050699235328
299505166506418177
299284390754791424
299254834731831298
299175447340658688
299056709769523201
299056274832773120
299055494474117120
298928901512634369
298928626336952320
298926933704585216
298923690106695680
298923522753970177
298923294017585153
298923203710029824
298923062190018560
298922955906367490
298922828630204416
298922487180312576
298922379197943808
298922101740552192
298921879358562304
298921738765496320
298921651557502977
298921556455862273
298921094235168768
298921014442749953
298920828928663552
298919173466226688
298919162535878657
298919161218863104
298914481516457984
298844314933534720
298843992722903040
298421761693863936
298079018832506880
297845091228327937
297834264089726977
297803425561858048
297801089410027520
297793199517347841
297792925901938689
297790708130148352
297492973334183936
297487809772666880
297487031930605568
297484703978631169
297483545021132800
297481903248912384
297480300143980546
297479724865826816
297475210020544515
297474831048380418
297473464909062144
297473071730802689
297471095664173056
297470346557259778
297470208141049856
297464998798704640
297464955735789568
297460975278362624
297460368966557696
297454794468122624
297454014096883712
297452968737927168
297452858675187713
297452668694192128
297452242515161089
297451899463032832
297450202057564161
297447079993810944
297444444708409344
297443909724938242
297276552931069952
297038377872654338
297036680597221377
297036424904073216
297036361079353345
297035233847549952
297034816145211393
297033919327502336
297028726951116800
297017519200415744
296949627847053312
296236398917341184
296235574447177730
296233650515763200
295984583474819072
295974808624181248
295973384444067841
295820573265772544
295820299277049856
295819099907452928
295812589202571264
295587867336519680
295586933172744192
295510310574501890
295508460030799872
295108637305761792
295108439074553857
294759239442890753
294757944275390465
294757169008607233
294752371731468288
294525818972024832
294437779570561024
294431654167072769
294223300496859136
294222306056732673
294077139312066560
294076975679696896
293709888381669376
293709860523085824
293068529098444800
292936552944902144
289097791916109824
289094061481136128
289093892433903616
288993469547036672
288792882658283520
288792146918653952
288791439033397249
288791100272029696
288790691402895360
288790195552284672
288789068303704066
288680397028614144
288631647887306752
288435637881819136
288361142605197313
288349626808029184
288349559292317696
288346587074269184
288345720895987712
288341167005896704
288340950567243777
288289811540889601
288251441511026688
288251197020848129
288250752307167232
288204765454811136
288059907566092290
288059369592078336
288058997846716416
288058682732855296
287679532054478850
287679044974166017
287678735182860288
287674996954914816
287610564765687808
287604586678726657
287604347972497408
287604125775065088
287522904772591616
287522744948621313
286988221555023872
286987760634576896
286987461316448256
286987144617148416
286970435759923200
286969697453342720
286960741511204864
286929092870283265
286928369541595136
286913133166092289
286902329402335232
286877239046438912
286859873633857536
286859630498430977
286859348238540800
286457524939546624
286051950468943872
286051842910220288
285794773049147393
285794066636079104
285793851891912706
285793700653711363
285561452750860288
285561407993417728
285560458566565888
285559764472184832
285559284845146112
285412771368140801
285404187142017024
284977301173727232
284671537901084673
284670247783510016
284659530929954816
284658940510347265
284658616915607554
284658413357633536
284657703886921728
283577118217084928
282232433947074560
282123781890256897
282123764269973505
282122966559514624
282089769746452480
282089707565895682
282088087004270592
282087873732284416
282087701543542784
281849571821355008
281552616926900224
281500091305582593
281427372476076032
281427297410641921
281100131787476992
281098920493465601
281098767514619904
281079641584832513
281079589361569794
281009195023732736
281006272189431808
281005206702022657
280986758567587840
280985770150490112
280750364515504128
280739080441044992
280738716186722305
280738624687988736
280684742641332225
280682340093677568
280679378088775680
280679179446530049
280678179256016896
280563962133745665
280115732224819200
280111552131112960
279906161443086336
279892775292522496
279626505246629888
279625240231948288
279624306894438400
279623711731118083
279623285908586496
279618618956853248
279347855527915520
279347019536027648
279307606718304256
279269619464806400
279269520537948160
279000678507094016
278923752211886081
278607295221473281
278569284018515968
278548786119315456
278501026166878208
278476343778344960
278470238310395907
278452723517628416
278451980584751106
277852829719355392
277849994529234945
277848394674868224
277848154781659138
277847427455778816
277846935656865793
277802936195747840
277519387328663552
277494006240387072
277493821124796416
277493141379104768
277492177272197120
277490404872572929
277488229178015745
277425798300979202
277400124148285440
277399301435564033
277025248635928577
277023318194913280
276013489787641856
276013237533827072
276012705238904832
276012352783134720
276012113888149504
276008856180629506
276008542383771648
276008076597940224
276007098226208769
276006484138151936
276006243527692289
276006142633721856
276004225933254656
276003896915279872
275900599848009728
275656054719799296
275617155653988353
275588899240284160
275572638087258112
275525203986087938
275522400265838593
275522092592689152
275345923062767616
275345488516104192
275344492293414912
275343930155995136
275343888657567744
275343594833969153
275343479620661248
275031031269183490
274986583231438848
274984493419479041
274983643049508864
274982806482980864
274982020558487552
274981754329243648
274981203495489536
274980766193168384
274980565365694464
274979859560792065
274979770125672448
274979025712185344
274978170829172736
274977791471153152
274977570150309888
274910560020230144
274909712884064256
274823712392491008
274665209212325888
274660114584190976
274653802659975168
274653542919311361
274651785266868224
274649358522277888
274648753493929984
274642422317862912
274639122545664000
274632184562860032
274631911463333889
274631828298674176
274630614865547265
274629621851488256
274626499032780800
274625939277762560
274625320089432064
274624900642242560
274614145045897216
274614043682160640
274613519759073281
274610226936807424
274609493457899520
274608618136023041
274607808329183232
274607050896588800
274601060973305856
274441792374595585
274291023105101824
274269341854339072
274260490966937600
273867401072869378
273839898916687875
273708525644046338
273708121271201792
273533190591881216
273532092720218113
273047866119946240
273047630156816384
273041779840917504
273040015880241152
272970038934396928
272829320349753344
272824065222385664
272819882326892544
272816066714021888
272812384027045888
272812030652723200
272811746618667009
272811345286668288
272810819568431104
272809861006381056
272808950808854528
272807363445137408
272805634968281089
272804891888599040
272802223027806209
272798611325214720
272798141076611072
272797556533256193
272795034603122688
272793910751948800
272788364531478529
272787446591262720
272786944268853248
272786822197833729
272785332888555520
272784528056152064
272784350460903424
272483276202057729
272481964815179776
272481702524366848
272481286143238146
272478038577520640
272477820599541760
272461300104306688
272458524527833088
272458500309913600
272271180650668032
272112783460536320
272112756071735296
272110444859232256
272106115528003584
272104430994866176
272103867179741184
272101778458304512
272101427424399361
272101293185708032
272099868674228224
272099683894177792
272098355511980032
272094845672230915
272093095372410881
272091384469651456
272090310853656576
272089958825746433
272088975198535681
272088074631143426
272087744417787904
272086219926667264
272085092560687108
272084827166081024
272084678675148800
272083892624818176
272013444608303104
271997697035227136
271971516328050688
271969859607343104
271969234282749952
271968167256027137
271966981882789889
271965950167904256
271965768441270272
271964103852032001
271956132099145729
271943950301003776
271943050727665664
271942530860449792
271937729158320128
271937500178685952
271907875624976384
271762535596843009
271752735181897728
271715165324574720
271711283588521985
271681729650122752
271573372670976001
271368191429718016
271367337096130562
271366844248641537
271363022088458240
271362808095064065
271362484265426944
271362109751836673
271361274053537792
271360663438376962
271360007428272128
271359416287252482
271358975805620224
271358021362409472
271357835932233729
271357445551570947
271356974992588800
271356667642392576
271356512843210752
271356131228659713
271356036642926592
271355772548558848
271355213573664768
271354862527197184
271354303971733504
271352362264850432
271352026078801921
270660317174972417
270659518256525312
270657381225070592
270656054537379840
270653720176513025
270650083077414912
270649543606013952
270648165114445824
270647517773955072
270272440108736514
270270225583321088
270265362589822976
270265070666276868
270263597203075074
270259887106297856
270258442877415425
270257717891973120
270257301510823937
270254479578898432
270252438219550720
270248740776976384
270248315281612803
270246883480449024
270246835338227713
270246337549848576
270246133056548864
268831187366187010
268790115109834752
268789251842396160
268788522188689408
268788301014650880
268787244247175168
268786556490350592
268783725905600512
268781791295438848
268780593091846144
268780166371766273
268779940898566144
268778989907214336
268776417628680192
268773953785434112
268772739274379264
268772303649787904
268768160130404353
268478630332604416
268477647548473345
268477495941156864
268475292442583040
268474818557521920
268474518941601792
268473641967177730
268473517778034689
268473228958253056
268473075132153856
268286075678638080
268285328526299136
268284399043366912
268086514167209984
268084747174047744
268084309347409920
268082719932698624
268082536859717632
268082223889149952
268081925544083458
268081778756034560
268080827072643073
268080537418227712
268079470953500673
268078933172441088
268078138163089410
268072078828257280
268071495111163904
268071135973875712
268070520329740288
268070121002635266
268069730252881920
268041611794059264
268041290556506112
267735720406437889
267734744333168640
267732041288777729
267730361621045248
267730302019964929
267729506918342656
267728876732563458
267728193434296320
267727705334763522
267721285310746624
267622624190926849
267562905933869056
267562354596794368
267561771487862784
267381861922271233
267381035803754496
267379594359894016
267375830932545537
267374100111060992
267373325112713216
267372571408863232
267371437411672064
267370429356863488
267369304008294401
267368991973060608
267367907615465472
267367283448500224
267366791200792578
267365901958017024
267365537682714624
267365141891399680
267364374019207168
267363654134013952
266669984925753344
266668681428348930
266664885251870721
266663722293002241
266661077750800384
266660479550771201
266659372728459264
266657706079817728
266657392538841088
266657060505124864
266654919371653121
266653401604038657
266244205444214784
266187050225643520
266171294490431488
266170183402532865
266169775783280640
266162136672243713
266106787952996352
265931855151378432
265931449696395265
265931140618129408
265930901706399744
265930557442121729
265929855487602689
265929635286638593
265929535583821825
265846373079973888
265846115021234176
265846018246078464
265845862155034627
265845212604162048
265844789457588225
265844682372833280
265844647123902465
265842546478043136
265572316946239488
265562633279778816
265558997392834562
265558633935409152
265557359567450112
265557071980814336
265556782640930816
265556637937459202
265555875018731520
265554770218082304
265554291400511488
265554045698195458
265553834384953344
265551543057674241
265205492853374978
265178338744741889
263726625944924161
263725799952232448
263725505717600256
263719214341316608
263718799457529856
263718487229333504
263655417052291072
263655081617022977
263654784215691266
263400969746931712
263400873043058688
262993532770459649
262993359029821440
262993314138181632
262991747448201216
262990835203833856
262989507090067456
262989079132663808
262655117789102080
262649249819394048
262284583893086208
261810071401533441
261808955284676608
261807990301134848
261509222536208384
261188751844315136
261187889667383297
261187070343663618
260867624844529664
260440256329953281
260439426684026880
260438535696441344
260438038851760128
260437650077523969
260436636846944256
260435483522383872
260434861582594048
260433205977563136
260113390742171649
260113105835667456
260112345827790849
260112051307954176
260111844218392576
260111259482079232
260108142136918016
260107467780931584
260103079431639040
260080694880006144
260073559718780928
260072492520050688
260071951450640385
260070580710170625
260064555269500929
260064405318946816
258190115262824448
258185568448557056
257561926408753152
257082918978060288
257082347017601024
257080453146750976
257079767474528256
256517944476041216
256515966693941248
256515031687102464
256513474207838208
256512458963968002
256508382578614274
256507022005108736
256500399358492672
256492612721197056
256491602489507840
256487146620338176
256346202646388737
256343132252274689
256342461276889088
255971356099895296
255970452076371968
255970205212229633
255969828404350976
255969589450641410
255968936305229824
255968736513761280
255968429729783808
255967163259686912
255227474701590528
255226910781603840
255225374575849472
255225078923554816
255224359843676160
255059803301359617
255057072167714816
254898938262458368
254898724009025537
254897920300687360
254897666578862080
254896839726358528
254896592711204865
254896440260837379
254895539345317888
254895460597264385
254894076720197632
254891932055130112
254891660721397762
254891330851971072
254890909605445633
254890828961554432
254699429108543488
254521460775849984
254317263572844544
254316203248594945
254229130567118849
254135394818457600
254134872136896512
254134610747850752
254133106066468864
254132892509290496
254132474857279488
254129166834876416
254129072844722176
254121068250402816
254120549171732481
254120448168706048
254119288200368128
254118958838468608
254108934045048832
253969942951645184
253969742052880384
253969576256217088
253969509780688896
253969343006789632
253968882577051648
253968236427763712
253967980310970368
253831941302923264
253831661387665409
253830901581094912
253830670890192898
253830552468221952
253830463116963840
253830230039490564
253830099776983040
253829922240462848
253829623895441409
253828805158916096
253828656353386496
253827418463289344
253826914622509056
253826553471971329
253826301843079168
253634733907517440
253459916625412096
253456049925918720
253455432121737216
253080395107663872
253079759553167361
252849721390030848
252848596712579072
252848157753495552
252847687769137152
252847539278200832
252847131394719744
252846597807939584
252845918339096578
251955036786130944
251954026005032960
251952422191235072
251950300980723712
251811974646755328
251791257804873728
251790809773514754
251790112294318080
250954436439076864
250954261737902080
250883799800487936
250883377253711873
250877193692008448
250708151639343104
250707479183384576
250705105832259586
250704427340660736
250703527784116224
250703449472258048
250649714402418688
250648006691528704
250647046963482624
250556457404207105
250550969010622464
250548403954659328
250546501795868672
250543193769271296
250541890976489472
250541092993372160
249796930505412608
249794382721581056
249233856211845122
249233314618155008
249231021483114497
249230118378164224
248890260010962945
248889506781081600
248887953768718336
248520893582684162
248520642868170752
248513780911333378
248513145025466368
248512808646492160
248510978277404673
248510957712707584
248510654108037120
248510246723661824
248509767532826624
248509638125944832
248509622074368000
248380807775940609
248379880377561088
248379426394492929
248182753852542976
248181479895625728
248181262123159553
248111645975527424
248110502188834816
248109169968824320
248108784893960192
248107512656719872
247822948549947392
247822682513633280
247821297449582592
247820312140447744
247820040286642176
247818914938122241
247818490105450496
247818086965710848
247817779628109825
247817574434365440
247816828137652224
247816509089533952
247816248967168000
247815433489612800
247815108393308160
247814933230784512
247814595983572992
247813796368887809
247682296747012096
247680175377092609
247679489805541376
247678599782604801
247302352078528512
247300761908805632
247299450278641664
247278190928728065
247275506699997185
247274784717676544
246665906544066561
246665121127092224
246664911189594112
246664731123937280
246664466752761856
246664053194358784
246663945027481600
246663812642639872
246663040030867456
246662201191067648
246661938032025601
246661377710764032
246661198773383168
246660530494910464
246659736936804352
246659494472458240
245897218777825280
245896041176645632
245623930788933632
245591361443729409
245586532004667392
245584956254978048
245584774343827456
245583951966638080
245582756246069249
245581937840881664
244914791884414976
244914554675556354
244913891103105024
244913295851663360
244707568507842562
244707527156195328
244707372071780352
244707064537022464
244494654517698561
244493786359672832
244492964791992320
244486618143129600
244486145885483008
244485433948516352
244484949141508099
244483734211002368
244483161860472832
244482813456437248
244482588998242304
244482383406059520
244481950394511360
244481583703269377
243789342961696768
243788588096045056
243788222386290688
243786108851331072
243460164492091392
243457699755487233
243107090095276033
243094851665678336
243080434571943936
243061784645353472
243037704105906176
242669395200057344
242667736067624961
242667362531303424
242667198932455424
242667109207912448
242666845834977280
242525638177726464
242368796118093824
242368066376327168
242365756476645376
242361014337818624
242359587255226368
242358294516207617
242277805222658049
242276828990038016
241995672646201344
241995002459348992
241994171383164929
241926406496452608
241897245979582464
241640145961512960
241638046997553152
