397873429552324608
397857877164949505
397857324561215489
397854912190509057
397851769172025344
397849091951955968
397222044141490176
397221196963389440
397219740315164672
396041226975457280
395362910261624832
395234133154091008
395231020020011008
395225560588103680
394878743388254208
394299641488871424
394265300364849152
394263383282679809
394139034387095552
393743532256555008
393741802458456064
393740098459537408
393567338462588928
393564909641797633
393564403800367105
393499837842194432
393220606743052288
393200307578351616
392319569307516928
392302816586248192
392295753315409920
392164229681119232
391393643073769472
391299665540292609
390541482790100992
388517971364024320
388517423390814208
388104827596595201
387398042283823104
387284218826354688
387090907624787968
387089578844098560
387088148347355136
387085732658962432
387085346938159104
387083747922677760
387083126561714176
387079136629358592
387075749091344384
386998082786697216
386996821437861888
386995560932069376
386993044836212737
386991786335289344
386990527406563329
386989269769654273
386986752914624513
386985494258515968
386984236541960193
386982977902632960
386515890683916288
386234194306674689
386140596982661120
385413871298547712
385179495977603072
384893732371181568
384857512580636672
384693123084861440
384417881540132865
383622592537456641
382968339821514752
382529530105040897
382309324988874752
382230745315409920
382148006176231424
380774419297091584
380527211322671105
380526695695921153
380526293084692480
380525813021417472
379654084673814529
379326777119625216
379326648211873792
379316278579572736
378584013377515520
378492650380214272
378212917423767552
377791186599411712
377774149784985600
377767917363814400
377511446512300032
377134368155631616
375715203087757313
375681076967915520
374751195430023168
373377370935148544
372829053427789824
372107728132390912
372101576720019458
371753405829492737
371745028143476736
370994287510450176
369590521699655680
368537716125757441
368424911343063040
368397137320480768
366922246813528065
366259310206009345
366253850849583106
366252733164044289
364951806540910592
364950506541547520
364950051115630592
364949861872836608
364949672940421121
364949420120350720
364949144030289920
364948901364637697
364394879301844994
364164950429667330
363769009205813248
362667698016104448
362002508626919427
360794951161888768
359493397125398528
359468462550171648
359422978871656448
359307422990471172
358718065082515456
358662700143878146
358617650387103746
358588709123276801
358534376977469440
358533190236897280
358529810185732096
358528937699188736
358363468644106240
358347864788840449
358332513187414016
358317413441351680
358301817383297024
358301297117626368
358300803594850305
358300091125207040
358270352490627072
358255253017198592
358239598217920512
357871882588008448
357685285817040899
357683961381662720
356814907787845634
356433385108934656
356417934689705984
356135530326532096
355786858904551425
355733685594619905
355730056208855041
355476187121852419
354688972171120640
354271596938133504
353530937323167744
353201760652886016
352905551652466690
352845656081178627
352506278762917888
352482213658509312
352103713478950912
351813652673863680
351772524473884675
351364829472227329
351034399464243203
351028731600576513
350753146445893633
350357926524882947
350320411495514112
349920500878811136
349240284808359938
349057799692640256
349055870447009792
348963789988839424
348961350829109248
348960435283820544
348842906838257664
348842654731210752
348841899651645440
348840139012833280
348838879723409408
348838125168123904
348837369635540992
348766300547448834
348625658500485121
348584075717664768
348581883703095296
348529408589574144
348526709970198528
348524029801558016
348132479963643907
347943707250675712
347943456112533506
347943204143898624
347907149529227266
347906546052788227
347904626475028480
347553350398656513
347354901145350145
346815422848454656
346657158840082432
345930300712443905
345551599382446081
345374260358955008
345293715469922304
344876899761274881
344876066101403649
344873374004162562
344866738644606978
344865501098438658
344143488046219264
343796053864243200
342460956934303744
342445953409753089
342443434033942530
342440915153080321
342438402848866304
342012888829014017
342010368085872640
342007860403769344
342005336712040449
342002817906647040
342000307703779328
341613806578958337
341373758944182273
341372500195815424
341352663872598016
341351174039027712
339883982021861379
339655667008806912
338909887654404096
338429779617386496
338427881560612865
337931015630770179
337929754227384321
337928498888974336
337927236176977920
337925979307646976
337925978741415936
337924719435210752
337923472695128064
337922203217694720
337920945903783936
337920512753799171
337919689667776513
336639496680525824
336634371962454016
336490505812733953
335524045137276928
335122858097381376
334812458592120832
334499998551130112
333991002580844544
333772038990868480
333410228722880513
332598816970788864
332597261261479936
332595481437954048
332595225019174912
332318282029883392
332309090086821888
332308121605255168
332287334773051394
331435455746809857
331200734840385537
331140487396343810
330710962267095041
330355795319476224
330353107567521792
329964666468044800
329675906434101248
329363035762327552
329265354918465536
328926075616886784
327253876669575168
327051611161640961
327050435355635712
326063362666553344
324710171584651264
324548609905418242
324547147284500481
324546645624770561
324544299138170881
324513499340484609
323983188491894785
323855742543208448
323552393650384898
323495818889949184
323165904437379072
322717049019330561
322716543144312832
322343090100764672
322341059755663360
321746030645358592
321585052788068352
321415493607116800
321320735714983938
321298831482429440
321000054641016832
320166678606528513
319966304129933313
319855294589071360
319604001056366592
319192169288179713
319190985034850305
319188649377923072
318792095886372864
318786807024193537
318786037910482944
318744565429436416
318534512361492482
318377061209231360
318372786282311680
317663737882497024
317653902621302785
316306932937916416
316305773540032512
316245319211966465
315209252828508160
315168369617805312
315165755178115072
314511854342909952
314438791765041152
314436336721489921
314434919424225280
314040821571784705
313844211340419072
313322856756940800
313321091416326147
313310005870858241
312584976874999808
312202050140258304
311156426632466432
310429983946457089
310419529773744128
310068991286718464
309992174710321152
309713051177869312
309678078299369473
309495453374894081
309440060439285760
308972422252609537
308677007493967872
308241021194612738
307553322833948673
307319224420933632
307293734658244608
306601699517292545
306195126458400768
306125542032285697
305070366517239808
305069298479685632
304666855958794241
303252809506250752
303215124150382592
303213501311229952
302493915481780224
302492656917958656
302473786182221827
302471547749285888
302470832922451968
302469962340118528
302468313072685056
302466233171849216
302465798620975106
302465614038065152
302465037849743360
302463281426214912
302460763468095491
302458249444216832
302455731901308929
302452963614531585
302248484877238273
302241147164712960
302174515474092033
301524611747688450
301521730378285058
301519195684876288
301518876913573889
301421364278071299
301419533627957248
301035373679755266
300695353492111360
300303360555360256
300299504803004417
299893699628912641
299891953674375169
299890684167602176
299889932644782081
299888841710505984
299887438820675585
299883581797445632
299882530356723712
299880814773157889
299629709854117888
299289143266144258
298856970180505600
298826516379340801
298569321012162561
298523297023414272
298521641267392514
298281735966318592
298276067729371137
298268537020108801
298260635454676992
298258730468913153
298257235463778304
298251334275198976
298250658186928132
298249594591137794
298243023135985665
298223763214983169
298222160974061568
298218694650257410
298217876626739200
298216481450258433
298212728995188736
298211176574251009
297429106256142336
296679271739584512
296651444772290560
296306964399542273
296100559423954944
295984086953103360
295363750012260353
294662461657849858
294535544719941634
294488886875402241
294252682405896193
294191817979740160
294085663060549632
293537469092220929
293452207800606721
293389046447759360
293211473013002240
293189831507460096
293183001532182529
293178359393951746
292463392252383232
291995056255168512
291562956657938434
290898736480141312
290871679419289601
290633588473487360
290527240905699328
290526967864897536
290526579405225985
290525695711539200
290279739002875904
290274293512798208
290273454106763264
289886720848183297
289885777188511744
288657330436976640
288524392772812801
288517111922442240
288514895358599169
288308449262043136
288068527963914240
288066618754494464
288065442784870400
288064709322764289
287932556534484992
286929040143695872
286880007631028225
286209685164535809
285845543412961280
285843240610050049
285837288326430720
285222313375432704
284876650305429505
284860795693715456
284728262133952513
284393116495122432
284361930871820288
284357662391541760
283574819344240640
283572832842182656
283410740558307329
283378022348902400
283299757252825088
283281054557696000
283269058416238592
282882170870198272
282576270536089600
282575991644233728
282357086560595968
282270591799685120
282080978502049792
281937075018801152
281903336343601152
281810069862113280
281809563148247040
281809063304650752
281788175423242241
281548888823955456
281543116450852865
281471966953762816
281090106285232129
281071421092950016
280725548580368384
280477186228617217
280445596911951872
279680174033866753
279270458384347136
279247196170358784
279225664899518467
278964190985715713
278910295815094272
278908575215124482
278860652863451136
278851763388424192
277958975603998720
277918081077108737
277915934503612417
277914038757892096
277467132013449217
277095374525702144
276808419925712896
276780529674772481
276777721567272960
276732990577582081
276476654585520128
276475969655685120
276370602636480514
276098920990523392
275998010272526336
275995493446848512
275990008274485248
275989410540040192
275645824837484545
275340798114029569
275339151694495746
275332864441196544
275317903287545856
275316497914667008
275315613826691072
275314762957606912
275312636202201089
275312462046318592
275312387756789761
274602359122980864
274598559599439874
274184090205446145
273227525654720512
273222496696803329
272935416540315648
272931310824202240
272928064713928704
272763849583767553
272749053010403329
272747015753043968
272378697619738624
272126327354703873
272124086283534336
270196366020591616
270194968499466240
270191112109568000
270059635166298112
269179983791022080
268598323051634688
268416204660690944
267850847285809152
267712411245629442
267284639129952257
267282910946660355
266884006451216384
266882534338600960
266878918513012736
266758023177981952
266277845867847681
266023288441036800
266020481105285120
265591073911484416
265492677183811584
265184140184412160
265183385847209985
264846664513241089
264785514396258306
264447534628495360
264311952531148800
264048586348695552
264037905230614528
264030067141779457
264023580646461440
264023069813780480
264020445165154306
263502505080668161
263442500176457728
263080042538610689
263049915243065345
263024176925929472
263004870242611201
262987174276911104
262966637202907136
262963591731372032
262962139118063616
262961525176795136
262959652751433730
262957357611491328
262938205966442496
262644699163160576
262060972045389824
261189066849124352
260819006917840897
260428304308396033
260103666286096384
259846525595811840
259722938100633601
259722413451915267
259486092766625793
259041435549061120
259022359846060034
258966923822395393
258579853043982336
258578739816972288
258230142655139840
258210911137968128
258168295314817024
258167440326938624
257591067833139200
257149014393360384
256880237177098240
256714698047766528
256566002618343424
256247552431759360
255723414759800832
255691761341587456
255663832574328832
255662569824591872
255653011127402496
255649676777365504
255363511155322881
254689739096064000
254374215111802880
254326661674323969
254254876660469761
253680452240547840
253667628231557120
253644186925006848
253642655089688576
253639353132261376
253523098194808833
253190782054453249
253186265762107392
252177941264470016
252118045269569536
252115528490045440
252113014067695616
252107978994507778
251651734454300672
251082947699023872
250338394461335552
249577205905117184
249576413030653952
248248735354744833
248160047614529537
248154932329459713
247734507040559104
246295158939860992
246033957014093824
245569643736076288
245503458743025664
245348360259768321
245297021844602880
245232109197877249
242656636177641472
241933088312152064
241640539865354240
240503966100758528
240121897386385409
239493413823725568
239475891086950400
239474562662793217
239474163335692288
239470967301222400
239003116350103553
238316102143320064
237946513416921089
237550656737665024
237528852430209024
236950673118347266
236283779105304576
236276474007666688
236081620082376705
235720287264579584
235718715658874880
235713075813167104
235712608488009729
235712157914910720
235092150369546241
235004970146095104
234461572121120768
234068521921953793
233921614499164160
233648341081284610
233312632994684928
232931013930647552
232856968644132864
232585371899273217
232399414398951425
232398723601293313
231893951483879425
231893889676636160
231893134471217152
231892025547554816
231891715169087488
231890869173772288
231890764135821314
231889247156723712
231886692733296641
231885233664978944
231884408301428736
231883224702386177
231882473112489985
231882403029860352
231881510318399488
231881242499510273
231879962934800384
231878879650934784
231878798470164482
231877469702062080
231876513996353538
231875452757762049
231874906638389250
231874673447686144
231861974064050176
231233188708638721
231210360441556992
231207841678110720
231205326601478145
231202807636709376
231200293042413568
231197774140538881
231196518550499331
231195260292837376
231193998482616320
231193246867550208
231192739507757056
231188146669355008
231182193874059265
230503986875228160
230345104433500161
230070768250257408
230025471641939970
230025221304877056
229972117897232384
229827628033507328
229016168457981953
229011421839634432
229007439159259136
228580372231884800
228503687994155008
228202301351944193
228159944581603328
228141400515047424
228128270930038786
227880396044509185
227547381443473411
227201835948204032
226336918554689537
226302743286005760
225977102279782400
225648867700514816
225074906428223488
224573297252245504
224534789645012992
224334721725890562
224225406130196480
224142640432685056
223491164525969408
223233664014745601
222872888594800641
222870376269627393
222867859590750208
222865338965045248
222862826530799616
222860309830967296
222857789138153472
222855276850712577
222852760100552704
222850240552779776
222847722791763969
222845210365927425
222842689593413632
222840173996679169
222837660723585024
221999081948577792
221998833478021120
221998581933023234
221998326122426370
221998078482329600
221997826991857664
221997574079520772
221997336077930498
221635588552523776
220881974145974272
220864683941437440
220863599005011969
220686223344279553
220685177318416384
220643904213618688
220568384474071042
220554815611211777
220534913634541568
220532395798052865
220529881283444737
220527197990031362
220288543086485504
220163990347718657
219986334608146434
219933718637318144
219754478671368192
219641873030062081
219559313516138498
219527297106063360
219196186945536001
219162349389611011
219053690403819521
219049678250061824
219044660507721728
219042429653889026
218459468298600451
218066336935452672
217627816840269825
217249182073880576
217002145709436931
216990219075981312
216234852419252224
215782620154445824
215762084649107457
215760757076406272
215601932549632000
215582302590349313
215582050005168128
215176124676837379
214812644492840960
214764661659279363
214693779003813888
214467960528572417
214204471000047616
214032786770759681
213944918740185089
213770860270596098
213611478710890498
213259998036373504
212876875024965632
211870573859577857
211859271221133312
211473369315545088
211014491402543104
211012881658023936
211009054598893570
210834770584801280
210746309089558528
210745772898136064
210593197041270784
210413555688808448
210355390490230785
210143868279197696
210027146498936834
210026444519243776
210025940309393408
210025436464418817
210024930845265920
210024431064588288
210023924191338496
210023423815057408
209688463535120384
209685948471066624
209683438947676160
209393200044048384
209391933255204864
209318181578342400
208956310652334080
208691821017174017
208063372200128512
207265008588042240
207142583229624321
206876562245689344
206830384552488961
206555109340098560
206193060609138690
206107873850294273
205340752367190016
204233129802727425
203925128483053568
203625178058592257
203554796987363329
203454520196464640
203431838197366784
203188108697677824
202602887497515008
202534283397701633
202442658524839937
202161889743093760
200741615365660673
199833221314252800
199821597425672192
198846369354629123
198829351742095361
198683386561314817
198682289528508416
198504814718615552
198430783332024321
198427623683129345
197411673227804672
197409806577967105
197406871282397185
197081048771862528
196998853378064384
196997341536980993
196598529949581317
196596805943828481
196250851885588480
196014056920989697
196013772186468352
195863820902727681
195860043625799680
195854986868039683
195593342250262528
195213169877204992
195113751224135680
194906818848370688
194820600169119744
194819342020517889
194818084354265088
194815567629254656
194813051239792640
194810536452562944
194809277096009729
194808018808999937
194805504768348161
194802982779498499
194800434530099200
194797918463606785
194795413474246656
194794176892768256
194792528569040896
194790372071849984
194787854050799616
194785334519791617
194782820902776833
194780311828185089
194776813799608322
194776120124641280
194775241912881153
194158999556464640
194084395731263489
194084352383131652
193698908738822145
193400138188857344
193063925254864897
192700274727591936
192646048496369664
192051252434186240
191298340783276032
191135982903496704
191126649096511491
190815357492133889
190615448075771905
190596848787009537
190118269498298369
190115745596841984
190056443360186368
190051517041098755
189667343658516480
189507807542906881
188859830868525056
188742022121783296
188741263074402304
188740375714865152
188740009661181952
188700753060315136
188697947729428481
188345079449128962
187934568580526080
187693706298662912
187690743316484096
186979749317455873
186911180965683200
186854161990696961
186719864403132418
186530374157991936
186152131663900674
185792763718144001
185569836577992704
185568555352342528
185398916177604609
185155939094106113
184485298808430592
183738759106408448
183735685080023043
183363281979850752
183201554675937280
183200124154032128
183193127836860417
183192214455857153
183190805245202432
183188725176602625
182818665538924545
182817731429679105
182565811968425984
182231014851088386
182143471652581377
181410976187432960
181162000624263168
181141719654473728
181140450034450433
181139191625814017
181137933380763648
181136675156672512
181135412847316993
181134158469406720
181132900308226048
181131638145683457
181130381796458496
181129122054012930
181127997699538944
181127863368548352
181126985316171778
181076183897735168
181047099390050305
180100899904045056
180081495707365376
179963682342715392
179610777001533440
179358629907009536
179262230188142592
179247133105463297
179029555779092482
179029113154179072
178906025800384512
178855552582033409
178698488945704960
178688556670267392
178684440350961666
178682732501667840
178668205873696768
178143476683259905
178099067145043970
178097681057591296
178018638383681536
177038001438863360
176731889074315265
176072285130735617
175776439554146304
175673538009772033
175654418610520065
175616381298032642
175409281905078273
175395285994971137
175347242440466432
175053016473407490
175024220613517313
174880358947504129
174875074065735682
174312933180968960
174256650071449600
174229451423494144
174124201819639808
174039183269183488
173852369321332738
173724855068401664
173426325451837440
172833636914180096
172118993795170304
172038886221021184
171758828076007424
171613836980400128
171607543410462720
171188599491010560
171137114841415680
170946186516246528
170607873712332800
169976049910812673
169711279555096576
169198870180540416
169126198960599042
168886498324774913
168843699344785408
168838112208891904
168836579715059713
168500439178940416
168376304805216257
168086591049445376
167664055702650880
167314255979360256
167260145334747136
167257233942515713
166977956982431744
166974778526281728
166974143210848256
166971949661159426
166970759200247809
166970333763608578
166968695682367489
166966990379028480
166966283227770881
166965513887559680
166965167781974016
166964138705301504
166963469579591680
166962904409710592
166962067344064512
166960310102667264
166701349206102016
166701023048634368
166339959622615041
166334797969494017
166317776674373633
166298813592641537
166047444491182080
166039672278102016
166036336048996352
166033713380069377
165997075492904960
165622611911512065
165069468215685121
164850055818379265
164551244139081728
164497747246989312
164477568001646593
164299315454550016
164167376257024000
164158592847593472
164103593916502016
164033130607546369
163759833466679296
163393136230531073
163338588560433152
163033853055864832
162982444495142912
162608791546896384
162341595943927808
162249772806316032
162248581552685056
162245575218184193
162243094258008065
161916421075501056
161892516692631552
161542534043140097
161479992117706752
161198769961058304
161168097288523779
161101441249968129
160711740634570752
160703600014790657
160702532128223232
160484435224051712
160099977857740801
160073858114797568
160070648171999234
159881817716035584
159687907672719361
159686375057260544
159279752564326400
159272369419067392
158932654908125184
158703170309193730
158670209278935040
158664923730288641
158437001241182208
158054312612859904
157966655627083777
157965731013730304
157884351789543424
157797079236870144
157673846953082881
157672140445978624
157664390341083136
157485741981696000
157412593919725568
157379436851888128
156787285550043136
156754709888249856
156740319763906560
156738621762846720
156587002991620098
156574368103796736
156246571460210688
156239668713762816
156238686495834112
155778913161846784
155772129609125888
155767204745453569
155691516629753857
155635921130229760
155384244183642112
155341211064995840
155279833453174784
155278253031038976
155273423025741824
155150453196337152
155132167742164992
155008175618273281
155005834370363393
155000362011594752
154785515986624513
154785115761946624
154784956588113920
154687805581303808
154666103497437185
154541428448567296
154540073843560448
154538809911021568
154320120439779329
154319109545410560
154294946780815360
154268453572845569
154266442206949376
154256971690803200
153988523505094656
153986010445918208
153896913295519744
153895295158206464
153895124085129217
153894800628793344
153894391654780930
153894167771226112
153894073743314944
153893960086073346
153892481489043456
153632797578379264
153601393742192640
153600142837161984
153598913788657665
153590463998337024
153585413192302593
153585158795173888
153584905895411712
153584743038992385
153584603813261312
153584498720776192
153584378084204545
153377421314375680
153348175476948992
153346659718414336
153316500055408640
153293050725138432
153278740384845824
153216336334561281
152888139172687873
152627517839261696
152624994604687360
152624648905957377
152624103201841152
152502083411652608
152500715120640000
151436637845471232
151435894258274304
151431944482193411
151424237503127552
151146022540816386
151144745811443712
151144570204323840
151144394219728898
151144260803100673
151144078246035456
151143977247191040
151143858116362241
151082956641927168
150995526039515137
150955965242552322
150745245385109504
150740100236591104
150737457388863489
150625125962752000
150623615153487872
150223439549038592
150214082237186049
150212496295333889
149723347725467651
149692047740243969
149690636449222657
149689968221106177
149569759485235200
149538370761138176
149355539120394242
149174916279844865
148827351818575873
148770122780246016
148767816089223168
148229400310202368
148228362945560576
148058629243797504
147792635552219136
147718383012544513
147007447691825152
146957261384859650
146650259660087296
146245434267009024
146015659090903040
145383145724837888
145346256389148672
144779314917945345
144594005852831744
144533497690865664
144253226420670464
144041162976673793
143799167003791360
143694946254331907
143478951367557120
142455278493904896
142273509865959425
142051384844500992
141685118115909632
141496854448836609
141014572827021313
140919215933759489
140871991065456640
140558508407013377
140303404646932480
140152770312409088
139814295507697664
139742837565702144
139742243815829504
139741059071741952
139478093688614912
139470692893724673
139452368105373696
139355083811991552
139091403337768961
138764638438424577
138317438973521921
138316717028950016
137704070919102464
137246136208596993
137245780833603585
136902964957814784
136902462148853761
136490130100862976
135934598914899968
135933719579078656
135929238854447104
135868802817728512
135866954765447168
135865608809095168
135811940248338433
135764787127787521
135607163543490560
135386397988241409
135385935364894720
135027518796349440
135027256966914048
135027004075544576
135026778078052353
134866745763700737
134862173188009984
134532874710945792
134532167362547712
134531631640887297
134530605848342528
134327899275796480
134067430736662529
133913454745616385
133909138014085121
133627663490351104
133520307255394304
133519339298111488
133505969748582400
132529917526163456
132524522657165315
132523766713565184
132513099398914048
132510108046462976
132507952358752256
132506626203713536
132506058450141184
132505764861448192
132504745624608768
132503641155317760
132442646953213952
132178288415211520
131565050497470464
131528457782964224
131210697785872385
131198367412912129
131170340536721409
130780277961273344
130717748555821056
130716274207633408
130363777257455616
130126609071079424
130050204887040001
130047803375366144
130047141413527552
130046383947395072
129756672217464832
129755906060718082
129755598563708928
129754761141555200
129753926831575040
129753647268642817
129752205602463744
129752014786805760
128957671591247872
128908187347845120
128243555587203074
128172371092836352
128151011033481216
128144825617879040
127934776966520833
127900175636246528
127893692538294272
127163557140893696
127103793807622146
126812628801691648
126360399389016065
126147050105618432
126146757318021120
126146453721710595
126122091048214528
125281540618989568
125032902324011008
124799283093438464
124677709061296128
124657478779674624
124619676562104320
124310899975667714
123943473593331713
123898938699956224
123790470290739201
123468381721591808
123464271706341376
123430845959782400
123094125502406658
122817727235764224
122816060503236608
122813774301376513
122335385916407809
122275379464503296
122134691133390849
122130184446025728
122129436681306112
122042736797954050
122039471075110912
122036742235750401
121671753545158656
121616894364102656
121353242042048512
121299148946411520
121298950211899392
121253759643951105
119895074988507136
119840450059321345
119403931133677569
118479727618035714
118342299011923969
118327720634613761
118327472617029632
118327225224400896
118158799424077824
118048635790426112
117993020204392448
117799954860355584
117383534678777856
117245303521943552
117242567204143105
117242322713976832
117117140431155200
117046498641977345
116906879485091842
115978640122068992
115851965736566785
115633466443431936
115617868552482816
115605029490130945
115588927619989504
115528277619261440
115526345857052672
115427830317334529
115275008493895682
115223350728601600
115080076764258304
114874098261295104
114858615860498434
114708989429809152
114403658560577537
114401603779444737
114401407754440706
114401292943765504
114401056263380992
114047234802331650
114036217712099328
113683615803641857
113259171260010496
112350079591006208
111817578300702720
111560419369431040
111515966122360832
110405271137955840
110404011051597824
110081096338784258
110078775236116480
110053954917904384
109820918053875712
109694078723166208
109474650563678208
108722937359646721
108373630202814464
108009816596811779
107624094807240704
107283223872159744
107278731227303938
107053412188823552
106395596453187584
106213903415001088
106069301257175040
106067218743308288
105722662243938304
105722158977777665
105721655657111553
105721148922265600
105719641309065216
105413126576537601
105371881623928832
105012814996979712
105012551061995520
104269234548391936
103560419322499073
103174367550242817
102876407406927875
102633646074236928
102633459448688640
102560576286367744
102198188370432000
102044875700178944
101268464169267200
101264756031225856
101263355020451840
101111415863123968
100628595684282368
100565598521667584
100533830565376000
100339696852418560
100274747404853248
100273138155266049
100269625647955968
99655739253071872
99638757996756993
99600564995887104
99597432635133954
99572727370883072
98828827689627648
98579924981518337
98063192252624897
97802976642596864
97497521764564993
97496230120263680
96616303732854784
96153131020324864
95956075886546944
95954486547329024
95952034649485312
95947529040048129
95945753305952256
95334901213167616
95333585187373056
95331921588006913
95266259901480961
95244169274068992
95240191194832897
95239832007221248
95000225046990848
94573191124623360
94540191959756800
94189016374722560
94188689328054272
94001198834790403
94000841979203584
93999659856560128
93991416295997440
93990268797333504
93988967984275456
93988292634222592
93987438694899712
93986237026811904
93984125962297344
93983023778889729
93982799316520960
93982002138722304
93981437275029504
93979887186092032
93978731739234305
93516825387745280
92865654478213120
92729551234416640
92704782715850752
92703478044037121
92702950505451521
92443554655379457
92394915031564288
92390945391259649
92383520726585345
92382315065516032
92381836612874240
92380837529661441
92022906057523200
91709652634578944
91706807420071936
91706016303038464
91702761770594305
91586823805079552
90987467028709376
90987322899841024
90986443706605568
90984447574417409
90983997521412096
90983797654433792
90983480384696320
90983123910787072
90982877243781121
90982475005829120
90982016778121217
90980024013946880
90979417102352384
90978967280037889
90970419997310978
90863498816536576
90829941893120000
90824562572406784
90824004025331713
90192836984717313
89823465619722241
89821979707838464
89734811681423360
89357590621990912
89355387706421249
89353185793294336
89352599349886976
89352050562973696
89350230868373504
89347120833888256
89345568509403136
89343567482458112
89343368303345664
89342679648964609
89338903483518978
89338800492388352
89338714555289600
89337332062355457
89337056634998784
89336755253288960
89329723712344064
89327158341812225
89325885081137152
89325508378103808
89298076346490882
89295097891532800
89284129673326592
89283783118962689
89283736742535168
89046070742630400
89026907949109249
89005256536629248
88942005345984512
88251080735076352
88086640987344896
87926902525931520
87913311840124928
87656121258618880
87629849707020290
87628118197673984
87627851658035200
87304422518046720
87303634945191936
87293332014899201
87288699569717248
86957285758345220
86596872789172225
86596701909041152
86164296811298817
85767884684541953
85764190203162625
85406040547524608
85385583505051648
85384697705803777
85119402059632640
84332194239229952
83542752226312193
83539439527272448
83534238770671616
83533784225550336
83533400874553346
83533283291435008
83533216631369728
83532620859846656
83240483211575296
83226293830815744
83222151167098880
83221904252604416
83221658562863105
82909369263599617
82818141134131200
82814901910904832
82813002369351680
82583667582574593
81203318340329472
81088743783677952
81088302886817793
81086814823251968
81079242997239808
81034988442755072
80661780434653185
80400203760410624
80399393085333504
80397968947163137
80397126298910720
80396496301858816
80263388046958593
80261869146882048
80255825943339008
80255636574707713
79547556559990786
79545805505171456
79545100128108544
79544056904032256
79277407718227969
78085399821557760
78057343451004930
77861339476918272
77860071907921920
77844364700819456
77843153796866048
77841781101830144
77810753901572096
77745309610024960
77509256651341824
76846888862744576
76350871616757762
76304267396395009
75923229633556480
75912031378751488
75911681561214976
75831976770277376
75814595125719040
75812576595951616
75812325919170560
75812072713228288
75811318791278592
75810057626984448
75809557531729921
75808807292383232
75807754777935873
75807022523760640
75806286142390273
75805031714131968
75803812316717058
75799993046409217
75796224288108544
75793702638989314
75791189621747712
75788390741721088
75787768713854976
75785178634653696
75783737274667008
75777369528483840
75609525201289216
75370080287997952
74564486148800512
74562965633908737
74556739164438528
74122188550180864
73426843239333888
73388356461019136
73341964732465152
73325633240961025
73324364669517824
73048764708945920
73048507593932800
72858517769424897
72855671984496640
72679182542450689
72678681872576513
72435827258560512
72372425676959745
71647651061432320
71296321067290624
71009628661628928
70839181127069697
70834012142313472
70524737889116160
70120297738674176
70119852534276099
70117622829682688
70116532113518592
70115367527268353
70110844222054400
70110672498851840
70109970447872000
70109827124301825
70109011835486208
70108404940681216
70108223423791104
70108020973113344
70107748397883392
70107564158889984
70107460802838529
70107348282245121
70106478492651520
70105560778940417
70104663772495873
70102808627642368
70102674305056768
70102278211780609
70100480059117568
70100082946613248
70099381709312000
70097091715801088
69899111712817152
69849800161501184
69805880538959872
69804263915786241
69381420367347712
69178886180700160
69042719670018048
68853602986360832
68678322229477376
68352466017714179
68351597083770880
68117218197643264
67665381959024640
67358072548503552
66865787494871040
66863997307191296
66861762854649857
66684933514592256
66528232891092992
66507261996056576
65748999562473472
65745540620615681
64907397147275264
64904718153027585
64900834676322305
64825684022935552
64779609744486400
64777080084242432
63907412649840642
63907173935230976
63894920607444992
63800928440033280
63642889024045056
63611889984344065
63365689624379392
63169559825362944
62649341432700929
62583409662361600
62521559994204160
62510664199049216
62169181273071616
61928088694558720
61807048236609537
61656798410711040
61471329957847040
61445408282513408
61211366761046016
60712766394216448
60490476926676992
60489463847071744
60488570976210944
60488167828099072
60107738012848128
60095133072363520
59767120753475586
58929580815294464
58326064518270976
58263602796314624
58261832019873792
57793368369004544
57786292838203392
57309076153040896
56554430631391232
56473141605699584
56371985890021376
56371722722619392
56237585302945792
56237071286812672
56235838023008256
56235219279286272
56234301901115392
56233109959614464
56231789315895296
56231368694312960
56231074036072448
56230584984408064
56058594168291329
56010861382336513
55425455792201728
55270540109299712
55269666435768320
55268526566551552
55266062123548672
54678821521211393
54561133255852032
53807435831451648
53805012895268864
53802686990131200
53800940758773761
53796447996477441
53452424031125504
52962122430296064
52958927498907648
52958392041472002
52711134414909440
52710658399154176
52706151858577408
52705804511494145
52705292420521984
52704965575192576
52704585181167616
52472234316537856
52423786691174400
52142106369720320
52063195396972544
52062033390215168
51274753155137536
51073088615481345
50957895935856640
50954696013266944
50931949786759168
50600952100683776
50245981232566273
50219375373979648
50217975847976960
49612186221428736
49611934760304640
49611683504726016
49611431611613184
49605395857158145
49593858350256128
49548529227669504
49548196191547392
49515511444275200
49328588989804544
49328106099585024
49326304964771840
49325944304959488
49325296259842048
49324454274277376
49324210350329856
49323508118986754
49322822002155520
49320525054480384
49319393775198208
49317711527952384
49143151524462592
48805806535225344
48805225481510913
48804793447219200
48731181709139969
48718514734903296
48419113256751104
48383226053537794
48381836321230848
48380568714481664
48379308720390145
48378056108281856
48376795468275712
48375642500247552
48374283545739264
48373290158399488
48373027645300736
48371778296360960
48370511549431808
48369250368356352
48368604432973824
47776364849401856
47774930321948673
47772767092875264
47289370788638722
47281548352962561
47278158134788096
47277279172235264
47276830192959488
47068681041227776
47023487902167040
47013266022612992
47009957593366528
47008871809695744
46992312001236992
46974304788815872
46701409613262848
46701057849573376
46697942693851137
46697357303222274
46695688721014784
46309213231792129
46308366603124737
45982028788809729
45977740020682753
45529118762213376
45528577491484672
45527069391716352
45522763334692864
45522077264003072
45516347286888448
45512855843385344
45511882446094336
45511217040728064
45491992968437760
45490697331163137
45476488832757760
44855945934811136
44854007612702721
44849853276241920
44849386940936192
44842269970403328
44547060363571200
44533825912573952
44475107011338240
43708043946508290
43707301491781632
43332107690442752
42412917861269504
42410245607276544
42010344813625344
41950999514066944
41150691057741824
40930984669089792
40896504637956096
40895676757966848
40895103014940672
40894181455044609
40893002608017408
40892790736949249
40888026330710016
40884801804181504
40830395100430336
40803433774579712
40777029074821121
40558169566478336
40555293251211264
40532451512033280
40531051554021376
40212122118012929
40158369239142400
39473379174125568
39456899309125632
39387061584801792
38495434963951616
38386465306050560
38272810816253952
38270840818630656
38006012929781760
37680507055509504
37680068859920384
37278164149473280
37168214521683968
37167330387701761
37162320186720256
37161724029173760
37160386889252864
37159328351784960
36936666887229441
36852355462856704
36776479320702976
36199052030779392
35688660904968192
35443085328519168
34449260548194305
34448414271864832
34424648846286848
34423880156192768
34421152327667713
34399916000280576
34394935268618240
34366686622646273
34121760261545984
33716906288488449
33676932570677248
33522710260748288
33364898272657408
33364674384764928
33209867841974272
32943599624654848
32943351028256769
32921714295840768
32850767501070336
32629688107008000
32627560063959040
32540707906387969
32140311555743744
31863234734592000
31799061891784704
31798554456498178
31798306820591617
31421577052553216
31372653155586048
31124616894226432
31065479195926528
31061229233504256
30389798858395649
30316745176653824
29954815169667072
29664317984997377
29327115505639424
29326748269150208
29303828494946304
29244736355176450
29188489538961408
29188417610842112
29188377030950912
29188305845223424
29188222730903552
28452548159471616
28313543694614528
28141733615247360
27850073094225920
27848527195406337
27848287641927680
27848029641908225
27847894123941888
27809777362931712
27598925280055296
27508390888480768
27489843458080768
27211175544496128
27209278477565952
27046096370925569
26789802477096960
26734204725239809
26723365322489856
26438737663623168
26367312361684992
26364400017350656
25879070663249920
25271219783729152
25268611178303490
24842853913989121
24835316053446657
24461617940922368
24305925305147392
24261663888773120
24253090173554688
24239008590598144
24205028772282368
24204015361327104
24195288444960768
24107941376294913
24105149756604416
23957382446981120
23957336376737792
23927892958257152
23926363446575104
23778354675064833
23586336787144704
23194480102342656
23157695385174016
22692323968163842
22666985665994753
22497707889270785
21974196993138688
21953104756875265
21736507601584130
21643641063743488
21327901462896641
21293432123166720
20949319347601408
20949063897718784
20948823698309120
20948574623760384
20948315600326657
20948066127323136
20682982297698305
20682280829722625
20681333894283265
20679203611475968
20549795626090496
20234240037756929
20137219004047360
19072472171155456
18869631359913984
18864080114688000
18862535545458688
18682633210822656
18667539932385280
18489863410032640
18099793574240256
17580416504430592
17580265564016640
17474782366801920
17368816606519296
17363199145811968
17132250441191425
17129849571254272
17121628659916800
16996527255846912
16976643872530432
16950576931667968
16947951007956992
16947710011637761
16947450031906816
16947236726374400
16895285858930688
16876486392811520
16642944123539456
16626371430191104
16545060648648705
16544796327804928
16366962728771585
16294828241330176
16209333922570240
15872027294437376
15797628201598978
15458387131105280
15458137595183105
15457885588824064
15457636237451264
15457387867537409
15457131633311744
15397168831537152
15198195550265345
15047685639774208
15047353945817089
15047036969680896
15041728562073600
14841004041441280
14826170482696192
14445360877404160
14443873115832320
14442999584923648
14369722199973888
14251824764690432
14239658573565952
14106228015759360
14080117974241281
14079248964780032
13712541226115074
13500996944658432
13470408942555136
13223890645950464
13034116521922560
12863632408842240
12676386598682625
12671922701598720
12666079176294400
12502836424220672
12501662761488386
12379561849257984
12300832628281344
12015246952636416
11974683612151808
11893403826528256
11893001492111361
11881896782856192
11875337579274240
11569512981733376
11544564972134400
11544226013646848
11543852133384192
11532085500059648
11528862022238208
11522874309353473
11470106886414337
11450949541298176
11272664328966144
11065740085956608
11031375452839936
10424835851161600
10423518671933441
10421434157367296
10389800355889152
10386981133484032
10343516886536192
10045974722387968
9969494621421568
9969412236902400
9969296985825280
9969195978592256
9647255510327296
9646926098071553
9642324749451265
9048505381298177
8612762783588352
8571786992025600
7945378930364416
7944879367782400
7870523543388161
7593628826337280
7452636248801280
7448839862624257
7437192532070400
7435383973355520
7429354904616961
7427933400473601
7206624775110657
7205744566870017
7204645923454977
7095288598626304
6806434817773569
6727463119880192
6595032396075008
6104266183806976
6049892971585537
5697398949023744
5591563488989184
5588204962975744
5283332606664704
5281370070847488
5279005292896256
5217172993343488
5025571234914304
4954109564157952
4952373600452608
4946899400400897
4944703606751232
4919765457969152
4672066204737536
4593798562713600
4308037967810561
3882844547981312
3880376573362177
3879198233989120
3878262560260096
3850362079412225
3047650400145408
3046800705458176
2878857543688192
2785062500175873
2529606632480769
2529101113982976
2372677587177473
2363268827971584
2110888031035392
1858771777228800
1858251717087233
1857561263345664
1085251216474113
646140135477248
550524969553921
332311715389441
29694715913
29668464882
29627079743
29573644682
29573553295
29573520143
29537189339
29415876972
29393498391
29392186205
29381816969
29318974008
29225731160
29225668776
29215922203
29206109214
29118921815
29118338044
29090462323
29052400249
29051919845
28898095554
28898074101
28885921710
28885911815
28885307378
28783167733
28644124406
28635699105
28634951105
28587770098
28587703942
28587505516
28511250764
28511107764
28423017311
28040582683
28028234523
27981266979
27935790631
27902777573
27758971372
27643961727
27643356557
27443551281
27442444003
27345485333
27237826938
27146002201
27125747446
27125324255
27038631191
27037233525
26935183083
26931814961
26931603607
26931473172
26779500512
26779068665
26751628398
26668425514
26651634169
26596346977
26565745343
26550801154
26548264142
26478296029
26453489752
26452000354
26451222317
26445255139
26364357019
26340581706
26340085544
26268959406
26176282159
26081772806
26067196409
26009142420
25997713083
25997227966
25884596932
25813492741
25813244592
25793408338
25788180477
25683072622
25682230670
25682074187
25681824345
25646330767
25605041725
25499464716
25406647158
25344261198
25321356124
25276851162
25276650417
25276511107
25276450760
25276364669
25272885477
25164455805
25118484477
25117141738
25116876850
25108400396
25107883728
25089406015
25085701108
25085642194
25070940363
25005170821
24631510708
24631294504
24381897320
24381486073
24380677598
24339878647
24337829359
24278330937
24173134524
24116699619
23974956383
22899242171
22688311251
22687672272
22628533798
22535946827
22448207629
22363818251
22351855116
22300657973
22277834590
22210511058
22209683899
22189274106
22099718248
22011583979
21924492466
21924437062
21924375531
21839896780
21759197663
21675339044
21588365680
21501028500
21413846744
21402096950
21401036955
21400834229
21400480212
21400149447
21399974780
21232993577
21227764809
21227554314
21227444619
21200923746
21170317704
21170101189
21169194801
21169017518
21168902658
21168700793
21064774604
20985502013
20894167897
20853814983
20853553358
20852957538
20852851864
20776087027
20775905950
20775663598
20724140466
20645079498
20630103223
20564839336
20564455186
20564155354
20563657995
20563506987
20491494470
20463192743
20424937546
20390212725
20333751646
20328517428
20327407491
20302484700
20296799673
20225531885
20140194569
20137299128
20068176279
20034046361
20033811386
19993990062
19913682140
19913426204
19910846425
19910705156
19908529934
19831690599
19805930426
19805104177
19804726981
19754946448
19678154367
19659051426
19652595240
19651062598
19585883017
19564848089
19564693519
19530622508
19529777184
19526513248
19513818541
19511903656
19503462899
19502468382
19457228985
19420987147
19420710374
19342954067
19333835816
19272453239
19105495333
19097254536
19084141075
19078393026
19071868771
18995906551
18947391127
18922597369
18845584472
18837105100
18833124659
18772000125
18688635459
18674768318
18674558979
18611984638
18607842922
18601028082
18599405413
18598643916
18523360477
18509786706
18509088963
18508976814
18508778748
18508365572
18482019015
18477158885
18393005990
18392729825
18392221906
18266378920
18203354123
18119268331
18119130527
18041110238
18039287125
18038109514
17954285223
17825810671
17795040259
17780415137
17780232819
17730721335
17730456730
17730419917
17730309948
17584523607
17584450762
17584417564
17584267360
17584192674
17584008058
17577741139
17576297350
17498031003
17497968719
17497912688
17497856236
17497768346
17497700267
17418199095
17358320704
17331990513
17271685578
17244795287
17244751315
17120434055
17086173583
17085969613
17071056618
17063245053
17062677519
17059068994
17013923427
16924228338
16923581911
16849520374
16809737462
16806013890
16805768005
16706154922
16699715510
16699637625
16699347425
16699096955
16698353484
16688064950
16686445720
16618371938
16549793376
16547985471
16528399583
16509277315
16504759766
16472828127
16472493773
16471839468
16471126743
16471060357
16471052032
16443861984
16442025960
16413404849
16400474499
16345862879
16329856418
16320465131
16304970996
16304766942
16304738071
16304279808
16242499249
16229709162
16228966812
16227941818
16226425137
16224933552
16150314266
16146350339
16139547485
16093441968
16027449088
16026761550
16013941776
16010004641
16009749501
16008693884
15923831836
15865403796
15864998099
15864872412
15785385037
15785081854
15709577858
15620335759
15588780541
15499167057
15498665334
15413376141
15377085113
15320192439
15320033192
15319674137
15278266258
15278070786
15277493246
15277213604
15276857425
15276327091
15272645521
15209715992
15209669070
15207553879
15146297878
15145940172
15057584568
15057373242
15057296141
15057229480
15057006393
15056700026
15056065996
15054067598
15053943636
15011004547
15010831687
15009171086
14987327044
14945313154
14902852189
14901989803
14882218642
14881740978
14881428723
14881365623
14881272229
14881079112
14880885677
14880518424
14880274164
14880101808
14879310334
14879141099
14879032552
14878884980
14878773402
14878591853
14833379701
14833191944
14730376961
14726440399
14726138982
14698888282
14698747057
14697225815
14697147724
14697008159
14696848948
14696739468
14696620245
14696336561
14696180121
14695843382
14694996764
14694969076
14693555318
14693529597
14693289759
14686983360
14686848755
14654074341
14652900663
14647075359
14646947906
14646570275
14625669639
14625638677
14624088332
14623824053
14621415860
14570184723
14565886012
14564338771
14527239658
14451771568
14427285717
14426549206
14426442076
14413347890
14398135870
14397369239
14395475005
14379024682
14372594293
14371017290
14353288294
14325438063
14302265686
14302209039
14300687699
14295235463
14294813397
14294212039
14294164626
14293401020
14292977145
14242240579
14235762731
14235591956
14234644569
14233345168
14232877669
14181557542
14181163714
14180233122
14159546802
14159262541
14158665780
14130332256
14066932147
14034240686
14034097967
13992171072
13992106630
13991843030
13991745140
13991051615
13990514884
13990164549
13989927402
13989588171
13969366550
13969204977
13968812648
13968724733
13968604281
13968403125
13967898200
13966647286
13966493823
13912696316
13912252774
13912182321
13912024328
13911804920
13847458570
13803108591
13802552634
13750087119
13750066195
13750030692
13749030929
13673754503
13637388994
13635492234
13634267040
13633589016
13633069308
13614900020
13579356661
13574848018
13551445538
13551397638
13550616561
13549963781
13484696132
13484676691
13484603803
13484531496
13484451566
13466444446
13453514838
13453303802
13452911930
13451533203
13429205253
13428779313
13428448212
13428425730
13428296050
13416754377
13416737990
13416334989
13416226361
13385095722
13378038558
13377728344
13377630634
13377458721
13363433710
13363318765
13340986536
13340695286
13281408106
13253367091
13253278667
13253107301
13252557807
13252381068
13252272493
13252147186
13251759115
13251366632
13218585041
13129459854
13128672746
13128517342
13128188210
13128115267
13127825472
13106377480
13105782738
13079803700
13073444475
13073417055
13073374014
13063256056
13063168108
13043553571
13020832835
13020617215
13020528625
13020464741
13020309510
12953851093
12945994881
12917654807
12906611694
12903192862
12899472658
12873464477
12872854779
12872563582
12872505013
12872459270
12872367125
12872316649
12872253222
12850019927
12848603475
12796796335
12776873383
12776614743
12776487989
12776338866
12776028934
12775941744
12743587401
12729245343
12721497281
12721457584
12695608002
12695527964
12642860229
12642010654
12641738808
12587413265
12578273737
12578210448
12577350994
12576921239
12561190863
12560878327
12559764554
12559712391
12558538763
12529734470
12513918909
12513811979
12454838784
12453933688
12453886503
12453702799
12451872771
12451662725
12425810500
12309977466
12304264412
12278958408
12248708618
12248213559
12237953881
12225275083
12218455408
12218089020
12215513005
12215400203
12214833734
12200263525
12163787718
12145706067
12131571530
12095045613
12094981058
12094793637
12093487023
12041303534
12011823767
12011356549
11959226961
11958649989
11957565555
11879136701
11877983670
11877729420
11834062936
11824844317
11793119592
11789805856
11789673428
11789344746
11724416001
11712915103
11665163714
11641572515
11586507222
11586467319
11585297044
11498421737
11493344800
11424691720
11394602668
11381208548
11308018580
11304412139
11286224848
11164968848
11164897978
11160228857
11109590693
11109519191
11109253300
11082234732
11013667217
10999687387
10913664989
10913497140
10865156660
10836076550
10827767330
10825549733
10825404001
10825257210
10824983338
10772162033
10715315396
10704847501
10635899468
10635768264
10635480976
10634483985
10629725978
10617439760
10593537422
10567854763
10567635695
10516509934
10516368740
10501743290
10488668700
10476376436
10470568392
10447030338
10446836120
10446467975
10439801879
10423408976
10422536169
10383844144
10372262189
10322543287
10321849561
10283970358
10266502505
10266110463
10242564498
10229707072
10221517069
10219403896
10219145056
10170462707
10168982188
10098411044
10091983656
10074045621
10021968293
9990330417
9989267100
9985686120
9978306021
9973477674
9973112257
9966850048
9964439149
9964309487
9946647938
9945637227
9945484500
9945443440
9887097559
9884715308
9882113232
9856408241
9854596203
9838448344
9836646567
9826372623
9823971720
9814530460
9795860086
9772600212
9772408002
9757842794
9731508906
9698734696
9698526928
9698141798
9691763898
9691177082
9680278018
9679682731
9677221001
9664665053
9663995672
9646184563
9643792113
9623829669
9596332056
9596250963
9592484440
9578180950
9576829033
9560234001
9552409160
9512580347
9476256547
9475971322
9459940326
9459748449
9459392848
9459347447
9459049360
9458673216
9458458403
9457706666
9452330245
9415580657
9383570416
9363368590
9348145660
9336224327
9306467834
9297829285
9296430156
9296266466
9271417053
9271182673
9271121685
9268179933
9222369976
9221728840
9221509298
9221401250
9221102910
9220835879
9220589909
9209312583
9207002938
9194208489
9194069928
9186200255
9173360608
9156568855
9156241043
9142251562
9071075688
9070640693
9040559260
9037334447
9009918306
9009385765
8997814242
8987407834
8987161890
8986553539
8967280244
8965799979
8965422185
8965236059
8964630169
8964460742
8945006344
8944941988
8944862013
8944749972
8944681846
8917984407
8917472490
8902665383
8902617355
8902364217
8882067397
8873963017
8870114781
8869816171
8860937847
8854252677
8853982217
8852888709
8834760526
8821930828
8811588650
