398104454056407040
398099105924546560
398097461732200448
398022545309724672
398020154275426304
397928460296798208
397841536517677056
397814112417501184
397807347571367936
397806723370860544
397730211225010178
397692527513722880
397642011915739137
397116289841262595
397114180135698432
397097729349791744
396821483252903936
396809306978648064
396624352193806336
396376104464027648
396333802135367681
396330883948363776
396327547656343552
396298930109296641
396281552403173377
396275642993737729
396267680090824704
396211497925619712
396207494571495424
396204959194415104
395886645108830208
395883290978443264
395837031768915968
395715308822224896
395448533391650816
395308843766267904
395306599830401024
395166684517904384
395131205852856320
394942459966664704
394931584455176192
394807638456012800
394165292315983872
394125884363669504
394060865227350016
394044148686151681
393781297854042112
393776139878948865
393703481762402304
393703371787759616
393662375351832576
393454637933953024
393432773484376064
393428060995063808
393426296929529856
393310444980830209
393306191344189440
393068674577608704
393068480284864512
393068325645062144
393067486893326336
392996544599056384
392996374846767104
392991925701079040
392977272455450624
392957803448389632
392937102603997184
392907474971684864
392904993071964160
392781617129078785
392778004864462848
392766397853728768
392763572813832194
392757350890995713
392753471176605696
392750631339192320
392719707465609216
392671861827715072
392632433444917248
392587677616599040
392581345740083200
392310873827848192
392309749955694592
392228062274002944
392212316957470720
392210931780169728
392208264957800448
391872514034774016
391842929226309632
391251694895779840
391186144698048512
391184158992896000
391163986454257664
391163606177677313
391150156873465856
391146535087783936
391090327215697920
391085841164271616
391084263858536448
391073285070651392
390789255976337408
390781463697711104
390773391860719616
390772055245090816
390767825193013248
390762068208791552
390587788007337985
390544339816153088
390520186844880896
390508577862856704
390507507895918592
390418427288223744
390221166151229441
390221011943432192
390220929676369920
390218841768624128
390120836725616641
390085054375792641
389750588097171456
388743655563210752
388699176260739072
388696363111702528
388579689486618624
388573256573530112
388569742187188224
388555709300113408
388546027667865600
388536942314684416
388424286664265729
388420195296878592
388254854151684096
388246022650359808
388233877703372800
388230419902398464
388222237150830592
388221688623951872
388208799284486144
388198112399224832
388196638252355584
388188021130280960
388187884307877888
388187595962085376
388183815891742720
388052400898334720
387980333355778048
387911730112004096
387883309188907008
387838437547864064
387695614840295424
387690369053630464
387689371484553216
387686325035732992
387685447016919040
387665374491443200
387594519900086272
387481671207223296
387478639404916736
387475049567248384
387474568413462529
387460199285809152
387456249476153344
387455825931153408
387268094223450112
387232189537992704
387212369270550528
387173183725764608
387120210190557184
386805339502678016
386797368584445952
386434014585712640
386268883424124928
386110519116984320
385784818711412738
385767347639693312
385750198246309889
385748148159008768
385727576192598016
385716934962319360
385715348978540545
385711846684377088
385556324056330240
385553538602242048
385424991035998209
385423120946831361
385375803032469505
385338157342150656
385332437485879296
385325342086668288
385323801908887552
385322314050863104
385322220299763712
385318617514266624
385160790032252928
385153724093448192
385097393160847360
385051833854464000
385051245519466496
385051107099439105
385044004384952321
385033696752840704
385033180178153472
384982047460061184
384980537376399360
384972255706349568
384940743921770496
384931411784114176
384929778970918912
384926618961330176
384923474781036544
384917892716068864
384801151641583617
384800680247955456
384754674596716545
384741468940009472
384719011759419393
384717423489732608
384714984816537600
384710317332119552
384697194428641280
384695223743291392
384611812651438080
384609831039950848
384605544402542592
384567253431517184
384566889676292096
384562266093658112
384378398032011264
384326008515477505
383574030802247680
383544693402787840
383540395793481728
383521268529901568
383519227174744064
383368095618052096
383363297887911937
383362345256648704
383330631456804864
383327328321142785
383258683297497088
383224329476907008
383223399868157953
383214557696503808
383135680680820737
382973306376183808
382898228267474944
382895556760064000
382803324359421952
382630415963783168
382628062988607488
382622250757029888
382614498726924288
382611941707243520
382604429972615168
382600470864228352
382580733958959104
382579518852304896
382565102928805888
382536370826137600
382521613565952000
382520284500066304
382518238430523392
382515529275023361
382514240579313666
382489527782092801
382472102198398976
382245455096475648
382244401822830592
382242698021072896
382237258365276160
382235638139224064
382196292052856832
382142589987590145
382131125428056064
382108083415027712
382105281829670912
382071813154816000
381411930021584896
381406219518611456
381396657742413824
381395826104209408
381157369800953856
381077179095728129
381071325898366976
381024675641716737
380763434947592192
380706604129058816
380685542733516800
380655780489592832
380612934332055553
380609738574405632
380446049841975296
380414617811300352
380382287827075072
380331743212867584
380330490642702336
380321553746907136
380313747077595137
380311819291594753
380287320005423104
380285067852906496
380279811823771648
380256682246688768
380254859368628224
380251733081219072
380231127103180800
380081242848256000
380078263940300800
380073179810500608
380054438028648448
380054024453505024
380033656452313088
379971914468700160
379924484939350016
379890302506778624
379888989731581952
379862599615406080
379690957413048320
379684135151075328
379568733124968448
379557475478814720
379553940028657664
378901679351271425
378783992335851520
378395493044584448
378225175390846976
378216188964528128
378204060161019904
378203318020894721
378201137129586688
378195417214627841
378194375475347456
378155717058117632
378154326558248960
378128902738423808
378126795905974272
378122224806666240
378121277321797632
378119672170041344
378113417418403840
378108891755986945
377917928663818241
377914588848599041
377887720825421824
377709513387696128
377565291334877184
377559121291382784
377476106074718208
377432122317082624
377430296377188353
377400558443069441
377399410113908736
377390124771704832
377389496095891456
377382523967254528
377334572046123008
377021351292583936
376270547342344192
376269557016825857
376267232529358848
376037236086960128
376037088460013568
376014731771117568
375990207600152576
375945173848817664
375931841531752448
375923756323328000
375910384911142912
375903895421083649
375887661481074688
375881428204277760
375873249265328128
375644473943805952
375640884529750019
375639047521046529
375598922691252224
375592809249910785
375592329765486592
375591861161041920
375585852082388992
375559428185292800
375557119627390976
375554586578128897
375552722767867904
375552474662178816
375543999396065280
375515426668961792
375364383859564544
375297997384732673
375294262545764352
375289610521542656
375289473451720704
375289390903623680
375239982992326657
375159202085609472
375151332908630016
375014464099069952
375009406292742144
375006495273783296
375001101545639936
374950155826376704
374815276820606976
374644025032077312
374639560871141376
374629294343196672
374609231695335424
374584945345568768
374582873413935105
374509062438014976
374506065905594368
373916057628839936
373483795787169793
373469061830557697
373465118379503616
373459788362838017
373450832793972736
373435801134063617
373380952976015360
373377328715694080
373368461806034944
373208840424411136
373206971820032000
373141700530941952
373046300872560640
373045583617204224
373025664003108864
373022800182644736
373004370805547008
373001914709196800
373001858300010496
373000563904249856
372850397532409856
372782970840834048
372765224107261952
372710083320225792
372657436974264320
372605448006144000
372603392662970368
372591159732080640
372471746948919297
372433209352781824
372319240054767616
372262836765872128
372091567387205632
372072348452937728
371266104527978496
371216534313906176
371151368041807872
370943168629313536
370936130109046784
370882794420838400
370817269841920000
370813374088486913
370796256068894720
370794925736337408
370790412568784896
370785626607874048
370642272226148352
370615251412066305
370602121835454464
370583264395685888
370557149090689024
370536080946126849
370520440222937090
370518618091446272
370491318436233216
370456847905722368
370264697607819264
370231759306493952
370183904109408257
370178743345508352
370042892003577856
369939623788957696
369934721926832128
369927215083163648
369805384195637248
369789699969134592
369780285505691650
369768893445050369
369767409328332800
369766147446816768
369765407475134464
369706093595066368
369703850774900736
369703411488657408
369571069935382528
369568167481196545
369535353935261697
369513258853494784
369510228145864704
369462471527890944
369414619648905217
369336840135790592
369204037939257345
369065674171097088
368480568306335744
368413462948352000
368412681658564608
368378872208707584
368355168796286976
368345670048309248
368277913314922496
368275139819233280
368264870275596288
368258603821842432
368058551937556480
368037891165151232
368023298577555456
368021274616143872
368014213174026240
368013987000381440
367991925833756672
367978525451882496
367613356196130816
367565686153158657
367564547592552448
367562634700554240
367556328883249152
367361798736850944
367357005469466626
367340972482772992
367340484567764993
367334008411398144
367333095265304576
367327151848038400
367325980433457152
367319369899978752
367068750719496192
367060078710755328
366980719395893248
366950042151575552
366931379524603904
366931085239656448
366929991679754241
366924038800556036
366910621117186048
366908084691546113
366874817363841024
366871820684632064
366870209446952963
366857477075124224
366855959538188291
366855804952915968
366854545470533632
366846046195810304
366844776722599937
366843519379312640
366836383710576642
366835396790849536
366806852283006976
365859592690876416
365823502680465409
365812649293918209
365802356354465794
365795859847327747
365781840679809024
365747598801375232
365606769063510016
365474813772435456
365450851675934721
365440930276327424
365438439212072960
365402174131412992
365401882375618560
365400428390793218
365397847895572480
365396466610618368
365391961328320512
365373601962135552
365197904085921793
365152348228042752
365145453374869505
365143305132060674
365138932490444802
365117730929639427
365092442376122368
365084742745456640
365071595066236929
365067804568858625
365051000446394368
365041578416422912
365023723104899072
365020464617230337
365017139645652994
365013517042073600
365010727766994945
365006963005865984
365005247359369218
364986751972298752
364849903903571968
364681753597722624
364665899925905408
364652548466028544
364651317152587777
364628608725549056
364500442991964161
364496920250556416
364493670126735360
364453762167230465
364348722093649920
364323987788414976
363676720743714816
363262930852122626
363251021671178240
363245131089977345
363241632662953985
362917824387219457
362909275007352832
362858589418815488
362858160765550592
362857589467381760
362852547754606592
362850032044613632
362686938806890496
362659146459394048
362654500600807425
362650851640221697
362638957915275265
362630836501217283
362573253249728514
362567310076157952
362518730707705856
362517192660623361
362515306410815491
362468945342640131
362458172818075648
362456748767977474
362454369272209409
362326007438512128
362268731826634752
362258789744902144
362256849573130241
362222900687798272
362168711622303745
362159701108064257
362152889667428352
361967562348707840
361961759826903040
361960369238978560
361957994524717057
361953756109209600
361938577120169984
361937643367456768
361903136165736448
361900464259862528
361898906608603137
361858567915057154
361846296564334597
361841600051159040
361834024097951745
361824305090269184
361818257860210692
361801162279759872
361769013774258176
361766449469079552
361734695928598528
361731154182807552
361064487056453633
361053382200401921
361041888389763072
361038811817443328
360853828968513536
360835298969661441
360829731492478978
360829432392462339
360799417944653824
360759416041123840
360756966865375233
360756624165568512
360752740353318913
360696711171162112
360692833272860672
360689294781849600
360686804439011329
360685088905768960
360671759537668096
360661599230496768
360657397141868545
360647209546555392
360646077617156096
360644468539531265
360349040979873792
360104690752569344
360082194485608449
360079813588955136
359761818849255424
359732049101324289
359720343344136192
359652865393963008
359609646291484673
359599995185410049
359431879948115969
359419412891172866
359415851578966016
359364765556031490
359357587067641856
359292099914502145
359238294149672962
359225161091780608
358713580973072385
358665292966162432
358210732674269184
358205670824226816
358167406562115584
358165866212364290
358158887175720960
358155322138968064
358148369832611840
357901081893810177
357897889067970560
357886023394533377
357884017669967874
357878829051686913
357873078904172545
357863158402134016
357855695783215105
357829276319481856
357828577435197441
357812070776967169
357787263725355009
357780280972554240
357769730913865729
357765733909934080
357755617038962689
357606824045850624
357589994971484160
357550778304569344
357538566341005312
357538295749689346
357522913299144705
357522414273445888
357494427889049601
357488611119206401
357483364267196416
357483126454370304
357462780649029632
357175819828854784
357152815568789505
357149255963656193
357148498812088323
357136680253259776
357121440744603648
357118541541031937
357114260456869889
357110171752857601
356909361056071681
356906690077147138
356905877317513216
356893236704456709
356888606201225217
356882425227386882
356880644325900288
356877684279742465
356872464208375808
356866594753875970
356818426183942144
356813227235082240
356811425110429697
356807453091958784
356792339064307713
356772615328776192
356768541652959232
356740873322635264
356709047115866112
356678348681932800
356510516623052800
356065609114591232
356063024618029056
356033316677353472
356028095406415874
356025645198884864
356014124905402370
356013828053540864
356008976946692096
355831113136078848
355740911566729216
355737781500256256
355646514317651968
355570962529386497
355562010190151680
355244984947060736
355065706783584256
355065107119734785
355056561984516096
354946089335529473
354868943871156224
354866884925075456
354851126551650304
354846275469967363
354843631296843776
354733348972797952
354729018563633153
354727502381449216
354715140584771584
354630210227937281
354585480165195776
354556209199726592
354552217564491776
354547431314173953
354536872720089090
354534630113804288
354510677626462209
354368857139445760
354349578612514816
354346799286329345
354322203594063872
354316003632611329
354286734508449792
354230613517144065
354218589923975168
354192786054053888
354192598929387520
354191065181466624
353982134324690944
353936280494673921
353489061467525121
353291556695982080
353286311009992705
353169839281549313
353165303137574912
353161982205108226
353135927587123200
353117997809934336
353092673466404864
352950900333084673
352920712983494656
352827595114545152
352816669527248898
352812823711195137
352809292895752192
352805460363051010
352804035163725824
352802221685084161
352769059491819521
352705126898737152
352704380157440000
352535507747606528
352464279745736708
352463086097137665
352341463461408768
352338177513635840
352335457750757377
352334057889202176
352200547966791682
352193863978450944
352186011004047360
352162670234959872
352136084454518785
352133533189423104
352103165191151616
352077934397366274
352058418112118787
352048045615104000
352043020155236354
352014466818379777
351966457397129216
351847385690931201
351843872164413441
351842831075246082
351840929663037441
351839805090447362
351839107686739968
351836518668713985
351802446214995969
351799880957693955
351767096109174785
351764063098904576
351725648076742660
351437170818560000
350979763164286978
350621051878776833
350610299637862400
350317476434833408
350287136672587776
350252590254133252
350117693250220034
350000195808927745
349989919902535680
349974176301461505
349916353806876673
349882799387459584
349842856963358720
349615658511773696
349585306351177729
349580778063151104
349562886626095105
349543089989382144
349539094335995904
349534617302343681
349415265274040320
349197512491540480
349162670005571584
349156954423320577
349152943091621888
349129284255879168
349054371071414273
349038759951626240
348918460618776576
348768411100266498
348433436660350976
348388430356545536
348386135942242304
348371045448810496
348370070797434880
348368228684279808
348367935309496321
348366406238220290
348365606724177920
348365424297144320
348365359495118848
348365219044663296
348355499705630720
348349452223905792
348342930290905091
348212323737026560
348185610391011329
348183449552695297
348125881933377536
348123480346210304
348122271539417089
348063546640310272
348054006498729985
348049459302789121
348048439185129472
348048308780036096
347722104734638080
347657504089591809
347657118557544448
347654870276399104
347625254895616001
347611252861833217
347600476172333059
347599072493965312
347594051425558529
347474456605773824
347466511230849024
347411966391881728
347410243602509824
347408514181902337
347400629343354880
347381519163199489
347379066040623104
347343991253127168
347342861487964160
347332975416995840
347305771245133824
347243712243441664
347236782011719681
347236258529034240
347235987220475904
347235425783529473
347235193796558848
347234641977147393
347233006307655680
346939841428201472
346934609587613696
346927996071997440
346921099038191616
346919084522356736
346916103949262848
346908591485227008
346882494286688256
346727723416313857
346703881696337920
346662067530514433
346658702025175044
346648066364960768
346647983665840128
346647805005283328
346647673086025728
346624597212426240
346618526783664128
346618342716616704
346597389030809601
346596651017859072
346594462354509825
346592042262073344
346586819745415168
346586325811601408
346584263744958464
346582922213613568
346582805918150656
346547108263899136
346536541079863296
346536435001724929
346357875502886913
346331896785039361
346328123484274689
346326227675648000
346302884083810304
346246731350020096
346246328315150336
346246016204414976
346196242755366912
346195711756496896
346023953661304832
346005952195080192
346004692834344961
346004324272439296
346004095338958848
346000908737474560
346000531879256065
345996779503906820
345976939502264320
345976788490518528
345963392844066816
345961755224203264
345961632658227200
345961449727864832
345961345591701505
345961206831525888
345946365362311168
345945424760303616
345925037456515072
345907898196582400
345896235229659136
345896165428051969
345896081755881472
345881007435689986
345880905811886080
345878446431408129
345878139588726784
345877983065698304
345876785210195968
345874105897193472
345873984996388864
345873905623379968
345873712987377664
345873467280850945
345869254760996864
345869127308681218
345866818801512448
345865867382370304
345865512263233536
345865414435295232
345865238073200640
345865131047153664
345865081944420353
345864831225704449
345864619627274240
345864506863386624
345864335605776384
345864264935944192
345864143305338880
345864026426855424
345863953332719616
345863812987109377
345850114725781505
345843930035785728
345843264013881345
345841831696822273
345839824495841280
345839490214019072
345839277910937600
345839195941638144
345839109098577920
345839040643334145
345837420308217856
345837295548637185
345837185926324224
345836886218137600
345836718429184001
345836291889434624
345836213258821632
345836033784549376
345835917585575936
345835774807244800
345835666657120256
345835537418055680
345835415669964800
345835269603340288
345835171624386560
345830648537305088
345830439736446977
345829469216452608
345829367064190976
345829248784797696
345829066038992896
345828828398108672
345827584036204544
345826828168077313
345826654788124672
345826398692323328
345825373268873216
345825095526277120
345824946536206336
345824893247565824
345824768639004673
345824573947772928
345824474295304192
345824346243219456
345824181566443520
345824101983735808
345823965744361472
345822795789389824
345822676486606848
345819135600627712
345818522171101184
345818363878076416
345818231564537856
345818075385446402
345816102275796992
345813008716554240
345812765031682048
345812670961815552
345812454787387392
345812395677057024
345811843115261953
345810822037114880
345810251481772032
345810038276890624
345809943213010944
345809621816061953
345809499543719936
345809077483491328
345808949381058560
345808652801810433
345808525395652608
345807863903551488
345807299585130496
345806895648473088
345806644950736896
345806286136438785
345804714799153152
345804122307584001
345803353265156096
345803119537557504
345802940705042432
345802513125109760
345800944182755328
345800012871122944
345799732716781568
345798980791308288
345797898967068672
345797767433707520
345797656100081664
345797430186487808
345797218739056641
345797107187318784
345796961779195904
345796838747680768
345796633956589568
345795591172927488
345795277950709760
345795110161756160
345794971955261441
345794227587919872
345793935794380802
345793156601769984
345792738509328384
345792416575528960
345792265135984641
345791834154467329
345791637911388160
345791431325130752
345791257349591040
345791020283338752
345790857816973312
345790496813236225
345790310313521152
345624380950343681
345568663396577281
345466537227997184
345463715338010624
345460832769024000
345456180954546176
345452032519442434
345436068260233216
345435630618165248
345430959589564416
345422802951733248
345419779798097920
345417625884561408
345410088909012992
345307577581711361
345301850595143681
345300443175469056
345288924639408128
345198225348759552
345165765017751553
345155892632772608
345140406276718592
345108351052546049
345069021131051008
345068062984253440
345064712041553920
345062375633862656
344945782929104897
344830205749260288
344818357800927234
344817471905202179
344815381434728448
344767309627412480
343648574267080704
343383507730567168
343306447217631232
341614035680235522
341611904667635713
341603492953198592
340157602421940224
340136885722685440
340124101328896000
340067126389919744
339983903873970176
339877715048022016
339839238185037824
339809792782630912
339808866265088000
339808371832152064
339776021966516227
339712893983531008
339644835894013953
339625226134515712
339621576477642752
339618894299930624
339488819785105408
339486340137771008
339481009265442817
339480912704192512
339472820549586944
339470411660140545
339351187746848769
339323704720900097
338994717956141056
337988091870580736
337606071789182976
337604500124745728
337592823979335681
337589872007208963
337582908820836353
337484162011381760
337454228362633219
337337731166380032
337185268622843904
336845418270949380
336820968511135745
336786643426095104
336780003901599744
336775935930032128
336743414471217152
336738897411325952
336722748439154688
336608621540552704
336604655196975104
336603970950815744
336601752348536832
336552711346589698
336534678641180673
336534247672274945
336514716413349888
336452042883219459
336404329722425344
336400637963141121
336398579298095104
336385939809116161
336382707963678720
336358043753267200
336209040071868416
336172430026477568
336127034248011776
335888125647785984
335869192790228994
335743188402855936
335702450772267008
335696691720249344
335653152223264768
335646783529156609
335502259637075968
335436118130573312
335398027764326400
335383847267086337
335349367030546433
335289374663139328
335286410594631680
335285160637505536
335275706424635393
335267929895620608
335133043415187456
335110288863014912
335104937472192512
335103639871954944
335093406277697536
334937278495457280
334911924263325696
334724927552892930
334667567534837761
334625777813438464
334622901275860992
334615447498539008
334357485668421632
334357114988404739
334318294691614720
334312147431600128
334261022221299712
334259668929089538
334235510526603264
334222969859624961
334076895639511043
334040896892968960
333991853647081474
333991603679154176
333952064675778560
333928675856760832
333913415200423936
333901072798203904
333899858375217153
333898941802360832
333701709643784192
333697830369767425
333696672100130817
333297975101104128
333221957518651393
332829779407548416
332825209738502147
332818619425759232
332805400674066432
332787921952321536
332637978746814464
332600995848790017
332506221963800576
332492092091822081
332397691764080640
332393175274627072
332376747590950912
332376501704089600
332375229194178560
332245418140381185
332232802579914754
332169656427241472
332168140509298690
332167844169138177
332164279639887873
332056628687945728
332052804086681600
332049859446185984
332045603733393408
331892287418269697
331892151665426433
331891958169624576
331891709589979137
331891217400995840
331889500986949632
331886494715359232
331476710526697473
330710190942986242
330703766619844609
330351918507491328
330342932567699456
330341461214253057
330340758303412226
330261955199762432
330247055094214656
330242667688652800
330240994878558208
330239390888652800
330224302555275264
330099976854175746
330096745675636736
329974557119234048
329928244470108160
329882335686303745
329863732161298432
329582545215823872
329576438556667907
329573350403866624
329558300368719873
329553174694350848
329535981621493761
329535423305117696
329496587103506432
329494843002851329
329480453109207040
329385368174608386
329256477711818752
329233966500548609
329229836495245312
329210381581041664
329209371915595777
329199642233409536
329157979326795776
329141322323722240
328927542901866497
328763935186620416
328762656167190528
328620303519461376
328616279663575042
328611206271221760
328532738221154304
328226293961330689
328225814262996992
328215641704239105
328197264839417857
328090817308803073
328087056586784769
327918111841980416
327890778816913409
327886927330148352
327867351536136192
327700020331687936
327698643236827136
327695952905383936
327662031870251008
327102173680910337
327097456535945216
327096963717795840
327095081406459904
327087989303955456
327050628847263744
327032009006399488
327031740742918144
326960347548381184
326958544849096704
326956091017662464
326943924826537984
326936459019964416
326809299454156800
326625238043475968
326624572554244096
326624204130746368
326612695556186112
326597625568714752
326446076544565248
326363214063489024
326301854604607489
326299191645196290
326271853687615488
326250211938803713
326027396098699264
326022878531313664
326010477815660546
325972480030277633
325576211659116544
325358751769042944
325274281539948544
325270571854217217
325254494629814274
325245463408308225
325230550929530883
325228942007083008
325151276797157376
324849009833439232
324834645671833600
324827588075851776
324641206942437376
324565375985516545
324556912844759042
324547612810301441
324500696386916353
324441380996915201
324437907324669952
324426775566368768
324424054587158530
324421284404547584
324414929845252096
324407790732984321
324406912894500864
324271324124037121
324185287167197184
324155743840399360
324142960184791040
324131444916109313
324130365650399233
324128789330284545
324118388710445056
324115745615253504
324101854084612096
324077954118348800
323880370590334976
323849175211077633
323782809795821570
323781169156083712
323752214843756546
323750671998406656
323506340871958530
323021203176554496
322812793818603521
322811933466165248
322762553535131648
322745765711716353
322736594303979520
322731891306414082
322727172307574784
322722245288013824
322695716046778368
322674213397872640
322664513721729024
322634215583780864
322394653112541185
322393730168520705
322383844252729344
322381352253145089
322377745042661376
322359886933532673
322359247000174592
322358623282024448
322328496619802624
322323250807980034
322321824316801024
322292112706117632
322064170830950401
322037897987506176
321982390249598976
321967038161637376
321963343827054592
321957183002648576
321956055628275712
321952936601198593
321950635056590849
321923624636387328
321915484746432512
321733450740666368
321600102579982336
321592455508144129
321580285986758657
321576243382349825
321575424515796993
321574375444865024
321540347769528320
321377159111401472
321359161415835649
321308418918993920
321199998207397888
321187048558039040
321156947250388992
321009924647833600
321006940593463296
320844295080919040
320577612458127360
320523863861649408
320518226985492480
320458592429940736
320447102188666880
320295861634605057
320293361321910272
320280556183097344
320229784586162177
320220077670686721
320205306468642816
320200434860060673
320171560088518656
320157657136787457
320140681052028928
319790576994234369
319781934844751872
319779330039369728
319766895765118977
319741670063226880
319583687400370176
319571842396467200
319496361391292416
319491133245890560
319447156878618624
319434937537290240
319412760301666304
319412131491614720
319346458795065344
319344313345658880
319337561841618944
319331908960006144
319331398819385344
319182307367993344
319116573392662529
319044231450734593
319043856102461441
319033559786598400
319033327237599232
319032464775450624
319032200559468544
319031262893445122
319019132483932161
318834421685944320
318810761587720192
318802446891769856
318798903589892097
318735472027394051
318465389061349376
317965838382678018
317716248714682368
317679428408852484
317651589907222529
317373405131309057
317326154820374529
317321230887825408
317308136736313345
317075998027943936
316955537738723329
316924185635069953
316923522112974848
316865558765252608
316848490942717952
316690881728098304
316681522478460928
316681013084450817
316661029536923650
316639643707797505
316602144474148865
316586069535633410
316578886261555200
316577873450381313
316570146854551552
316566265277870080
316556138550284291
316547710461300738
316472170266124288
316312490604650496
316303579361181696
316293214019653633
316238477983375360
316222518035886080
316218629744107520
316195390523314176
316191660285517824
316190740600459264
316181822327377920
316111304605716480
315846962744262656
314614979691167745
314515927628648448
314440547681050625
314323457116618752
314322969394573312
314162715277017089
314141524717875200
314138321343361025
314086006347419648
314068264001085441
313953684860071936
313952130715246592
313951441192624128
313950326766047232
313936903420399616
313927844264808448
313925107577942016
313916573415006208
313907669633220609
313903450310197248
313769072074559488
313714815795355648
313714747520475136
313701195577430017
313688048518983684
313679194062192640
313578424771948544
313424122078179328
313415403214864384
313372505807130624
313032316786188289
312938685135998977
312598833911721985
312547422758920192
312546211229999105
312529558521929728
312358439881961472
312249688755691520
312235221674250240
312216324682182657
312211827218079744
312210652993294337
312176402915008512
312174513855033344
312154189973303296
312150702141108224
312135111997026304
311978253478920194
311977039211139072
311966865121505280
311943263768694784
311940273489985537
311900605826363393
311895874739515392
311888769114574849
311874648570744833
311867091282190337
311848800140546049
311782509010628608
311779932676182016
311777974305320961
311775105661415424
311510457359941632
311508663057670144
311503074281791488
311488501399052288
311406270169104386
311383716356313089
311211417397235712
311170930908995584
311133484527783936
311053484382363648
311047806821494785
311039204622745600
311033280638111744
310737050003447809
310459658307506177
310414350332592130
310367742974914560
310299016535633922
310163820494606337
310148629354651648
309724275651252224
309689535938318336
309663321316007939
309630009901985792
309583056543547393
309580457291431936
309578623994720256
309467734146695168
309464372554649600
309389132625506304
309384661493239810
309272646602878977
309202326126723074
309200709851688960
309069881389760513
309033605802369025
309031466547953664
308975796175912961
308921601787846656
308880727645245440
308865815699128321
308845272392413184
308838868822663168
308834835479277568
308825218644840448
308660987093991425
308561712892760065
308554729112367104
308549834175037440
308547335552659456
308541411979034624
308529367825383425
308525210573893632
308517410846146561
308499223345774592
308496461518233600
308485933123125249
308334855677177857
308333615618592768
308223310649520128
308210649501163521
308208541053906944
308200824855740416
308198215839272960
308155193529356288
308137235469983744
307830781114474496
307579665550290945
307576484850176001
307545314804506624
307539864428113921
307532568062996480
307201359281786881
307199276860190723
307198017004523520
307197044899082241
307154447975473152
307151338108747777
307053108889014272
307025954260262913
307021685360566272
306869453428248576
306864521509732352
306860768626888705
306859490676965376
306849331397402626
306825642077454336
306758439084912640
306753766152093696
306751834624761856
306750632780517377
306722026637377536
306714698756276225
306708218938277889
306707942093250560
306706373775851520
306698885034827777
306689327189086208
306688240704970753
306664116347621376
306658934767366144
306526737548840962
306524745472540673
306501433707081728
306488635203649537
306483628773347329
306447644933378051
306446557761380352
306363085793394689
306345599542902784
306320129149526016
306076530411450368
306002478393069568
305990568859824128
305985230320328704
305983526401081345
305764346242416640
305636256887488512
305425336634576896
305423968859459584
305418549315375104
305259273393422336
305082102209183744
305065955862659072
304955140333527040
304950876701868033
304948352578105344
304947340412850178
304938072028610562
304928465566695424
304910867936444417
304908477485170689
304905704404312065
304905669880999936
304708123564843008
304659035171479552
304638231239069698
304636901380485122
304634892979933184
304583121154748417
304583001432539136
304326458376089600
304325639232712705
304303782689374209
304281633236856832
304233137741905920
304225213632102401
304180676155039744
304163165216841728
304158588190994433
303866416052965376
303861144957894656
303858667910991872
303843851796365312
303802809227296768
303795143809581056
303793114844381184
303789148639199232
303752571481366529
303631840563060736
303626783188713472
303595614799806464
303592800140795904
302829495289802752
302712655087550464
302693464179634177
302682282861412352
302487984777875457
302383996216700928
302343524865679361
302031458397200384
301988516609548288
301982030722379776
301969576479055872
301969538247974912
301643459524182018
301410279533731840
301406823372689408
301403714349056000
301395648517914626
301367100885303297
301284108577951744
301269822048722945
301252164217630720
301246328405635072
301183429758824448
301129982145617921
301034197638844416
300973608677826562
300958820283318272
300929137965674496
300915259739357184
300904997510594560
300892322344873984
300590121672130560
300567426553229313
300567250275024896
300439868541120512
300428824867401728
300234323104243712
300207921042710528
300006331803381761
299969006767595520
299922711185080320
299914461026844673
299837992200204289
299568025638682625
299539113625935873
299303568291295232
299296152875057152
299295804571652096
299157791959048193
299155606990884864
299150378811936769
299145406590365697
299134554374037505
299134091926855680
299098194959273984
298862130902478849
298767806734950401
298555817181978624
298524390222594048
298487483891585024
298485670391992321
298454155444490241
298451760392048640
298429961415569408
298429050177867777
298419018690347008
298395703003193344
298370943267532800
298111604359319553
298111308941910016
298026461124771841
297681158018314240
297612625586581504
297610295982043136
297608705980104705
297240065007038465
297236348706889728
297117776009641985
296884789171064833
296884773094301696
296878678695088128
296737915067838464
296707616216858625
296697072588034048
296695067639422977
296617640254926848
296590420513792000
296576760638738432
296575527744053248
296406529773555712
294907673453940737
294844750761185282
294827770960306177
294482487374123008
294470371938287616
294441188885397504
294419115551109120
294380413269463040
294380042715267072
294058959453683713
294033217714016256
294026477211623425
294023445115703297
294016721021444096
294016209521868800
293874027926286338
293873094722977792
293866886897229825
293860541909327872
293854335056633856
293768876964081667
293506242813513728
293420566881370112
293382881194151937
293381904399474688
293363902308311040
293345263647596544
293344106187456512
293280413818974210
293275437084315648
293263930254557185
293260874720894976
293255617202774016
293105782143213568
293041180114051072
292939072136179712
292935582521360384
292665812035186689
292664913002889216
292201010221420544
292186141111758848
292176345822294016
292063106002190336
291900076706635778
291829631110234112
291811817070673921
291809591421960193
291806129288253441
291489105446060032
291321435320881152
291315717654077440
291296478968836096
291288624715149313
291243937786646528
291141515772837888
291101430704644096
291087925427441665
291080587375157248
290940854955294720
290936650723373056
290897700684169216
290896201371488256
290890585978589185
290881620817346560
290874773184065536
290868152705892353
290846770123128833
290845737787461633
290842900504391680
290822356870516736
290812716711567361
290778225620176896
290744512899334144
290557546530500608
290548156284936192
290525715349245952
290168674390790144
290159600970391552
290125588457463809
289878049116270592
289795356181528576
289793916281167872
289790991341350912
289778936462852096
289714781915578368
289673572576808960
289669661094711296
289657383720980480
289615779916283905
289528574837403648
289465687964012545
289433098888806400
289419264602013697
289411600752992257
289406939539075072
289347755065872384
289345872565792768
289322644606705664
289065465194610688
289064611309834240
288940179727740928
288936468888559617
288922610098647040
288913331924914176
288774551234543617
288771219333971968
288770458348834816
288643375945629697
288616426305122304
288568094845177857
288567191425646592
288559431774515201
288551417424273408
288550787158769664
288549420696469504
288547321900331008
288545712654917633
288415150904598530
288405275134816256
288383103137898498
288359728722083840
288352433862750211
288333438140952576
288332550429102080
288327532284092416
288244437124018176
288239818989780993
288236163980992512
288189427472297985
288046577937965056
288039295095300096
288005651832131585
287958385935151104
287953079968620545
287935538235863040
287883179707211776
287633033245388801
287627129850572801
287622239942225920
287582989033017345
287581128456556544
287341211998625793
287266506029531140
287245520748032001
287238408470949888
287236463135977473
287189888636440577
287166236482220032
287161154009174016
287158017911316480
287155420794077185
286941367517708288
286922116572516353
286892139147837442
286881818718900226
286833928814350336
286779003484917760
286771038249947136
286762272062328832
286755824053911552
286750965921619968
286748639349583873
286735623551856641
286733739827032064
286727337855291392
286573723425861632
286518801170833408
286512650362449920
286495855782027264
286484750506524672
286438548662517761
286437065225281536
286436266252304385
286433668891811843
286423451856670720
286421357166747648
286419772105703424
286412718414643200
286401968698687488
286396353825869824
286393120281739264
286389811407904769
286382542016376832
286367067882536960
286365437149732864
286220638899798016
286213056462204928
286210098198622208
286203645312262144
286157728697688064
286112539358666752
286099433467281409
285900522924417025
285803172935659520
285803102261637120
285763127772082176
285729752172593152
285704769996206082
285701017687973888
285679156639965184
285530268834607104
285519320803602432
285508010586038274
285492038017892352
285463530373795840
285347412317450240
285329850439450624
285151963174277120
285081324363079680
284959536404631552
284811961584193537
284797458595344385
284439478192443392
283913819665874945
282997712239079427
282832151425191936
282427061967147008
282426301099429888
282078629746319361
281904792333328384
281903840977092608
281887341868638208
281885115880177664
281721338257879040
281719324975198208
281691084734734336
281571207600558082
281388379696951296
281384539773882368
281340815123570688
281329538510757889
281182183421521920
281176185260621825
281027324072312832
280950832462184448
280935915055116289
280794330271207425
280784907100377090
280715850028294145
280706234271801344
280684703336497152
280655233376468993
280643925084106753
280643285079441408
280643143236460544
280637109356875776
280629392965763072
280621193000792064
280604389788483585
280591235134156800
280560649489219584
280429227982073856
280398938308214784
280381785928507392
280266183477960705
280044757894434816
279937678852648960
279911606538866688
279864788186697728
279681201030176768
279642536035880960
279641284111659008
279627863550996482
279575965737291776
279568026855170048
279564128694177792
279511680407465985
279275115206823937
279220964452077568
279214959941021700
279204974129455105
279200360755781632
279167247124144128
278944757328277505
278903371866447872
278898638153998337
278892609718583296
278883416567595008
278874587431858176
278845074362740736
278781957243031552
278780546342076418
278764300326281216
278762300989648896
278757449303998464
278753923370737664
278530636636123136
278395138521313280
278280704519987202
278271473112731648
278271428934115328
278214536752926720
278140170501505025
278138839388803072
278041031272980480
278035782181216256
278030155899867136
277919003471642625
277913229613748225
277908018065178625
277903033336217601
277750810534879232
277514102929244160
277479960002834433
277438301546364929
277398968164552704
277207969366700032
277179628240658432
277169027443474432
277160692598046720
277102481983541249
277096894696660992
276995776356433922
276743860913332224
276725449671995392
276723023275503617
276719212926468098
276711547793989632
276709059707674625
276675250236829699
276664749536735232
276594945429737473
276594132997259264
276355990344052736
276350523605651457
276308427343556609
276305352172130304
276108673951084544
276107559885217793
276094301698654209
276093974954000384
276085436550627328
276080798803820544
275986544345640960
275982355481653249
275979433955979264
275946740073508865
275876444956147712
275718714870079488
275714109310369793
275671581664083968
275655641434038273
275643881788424192
275595872216182785
275593040054337538
275577800889618432
275574827333582849
275556899464818689
275551741708230656
275519206513057792
275515824436027392
274849910216617984
274660522794827777
274657971705880576
274580297708867585
274547527615930368
274496211837415424
274461826111119361
274313016756039681
274299727720353793
274171889138692096
274168913833635840
274101936184242176
274097093361156097
274096560579702784
274089568452636672
274058107959775233
273956295755853827
273955386749497344
273810311017025536
273726123039395840
273724753259397121
273724474493394944
273722440729899008
273719728499986432
273717500573806593
273702241419014145
273578792591716354
273568321042018304
273557282128809984
273554648898605056
273490518778986498
273379731330723840
273366639137914880
273365758552203265
273360428560687105
273314802527502336
273184502120067073
273174538160857089
273164053306830848
273162318874021889
273142556966146048
273124216033910785
273123698213543938
273120757805117440
273119231590146049
273103416618807296
273092206833856513
273084750938402816
273083327588753408
273074347609034752
272996456217051136
272994731733155840
272993066145705984
272973843080044544
272965567877636096
272965429641740288
272957119504982016
272840810611998720
272505855151337472
272496728500998146
272491164547047424
272481677924777984
272134635931181056
272129274297851904
272106969819643904
271969088572649473
271966567766577152
271965545333653504
271958732546666497
271955299378814976
271925819956420608
271918071009132545
271902530076823553
271900260450836481
271877784501092352
271876154980450304
271872044206018560
271870483870392322
271720741219741696
271708745984270337
271698876224905216
271690453299101697
271688784712716288
271674842783305728
271598347788382209
269118632318078976
268490388598321153
268476884982063104
268408518627954688
268406526337769472
268355637942054912
267764132047106049
267426550390083584
267255554173448192
267250649836703744
267162628051320832
266962884385447939
266455750006681600
266451618424320000
266450900141350912
266436542816481280
266325104693219330
266317381746434048
266306225275289600
266149150897340416
266142350328352768
266134074014461954
266130746782134273
266129164036349952
266111116407615488
265792537535586305
265779449189003264
265762496265199616
265723188422508545
265720535911104512
265719084409311233
265718710176735233
265718170646622208
265715137468583936
265714407013752832
265583040980463616
265566749540356097
265562694831190016
265535820428095488
265534122250891265
265484919931822080
265474090415042561
265466310094381057
265370448613740544
265364885980975104
265352349839659008
265222814716538880
265196679655993344
265166083844079616
265153188540329984
265081165172600832
264437450351448064
264347552974004224
264345675293159424
264281058256752640
264280396387213313
264278792716042240
264270541995778048
264133489203507200
264127142357520384
264122711004037120
264112586461691904
264110167547842561
264107977517187073
264083061120061440
264071254443687936
264053548134842369
264015602681794561
263992586417618945
263719522110947328
263694178997895168
263613454424891392
263613417825394688
263600452174749696
263597963857760258
263587465871376384
263559173525086208
263557149047795713
263555051149217793
263550448856879104
263547795485638656
263426855988781056
263425907711152128
263422746145456128
263421241476661248
263352243187765249
263306275343986689
263256182620315649
263210018411782144
263201110230188032
263192554172973057
263187148251992066
263179984787619840
263176364276985856
263053696303239170
263045532589645824
262974655760048128
262935366141612033
262907036159840256
262882594973175808
262815029932478464
262672826165755904
262656975391842304
262593617565208576
262514983127105536
262487251190173697
262241756215660546
262232459314343937
262156462263001088
261958737999298561
261942101443485696
261938755156447233
261920012636393473
261865498118090752
261789393315057664
261787632667869184
261779531390656512
261777920220086274
261774634016464896
261769239076167680
261760522662330368
261751084505243648
261719608891953152
261590849597628416
261581962802786304
261574708749811712
261558347931713536
261498516399083520
261443986709954560
261440582222741504
261433209479380993
261426658635038720
261424748838416385
261352337593995264
261350298298236928
261349941803376640
261231924343877632
261220125523464192
261217482092711936
261216511576915969
261196390154240000
261193011478794240
261174189812232192
261142427392438274
261053756844687360
261028870478757888
261028479259246593
261027725987414016
261025528260214784
261025013367443456
261024826578321409
261023727540654080
261022298906177536
261014683585241088
260976218143346688
260854168783306754
260831281363955712
260825357773582337
260817120097607681
260790083962142720
260736455477956610
260734512147877889
260727576509677568
260715587460792321
260713082786029568
260620441582972928
260496974749511680
260488905902669824
260485082211549187
260461569538928640
260433328010846208
260432485576499200
260427871628165120
260357592788914176
260350416057937920
260347471031578625
260333198955933697
260323579567157249
260304662811516928
260301831463387136
260296130619924480
259785921484951552
259642550481215488
259624099410751489
259611528850976768
259596935009271810
259588913822330880
259587414450913281
259579429456576513
259410726140129280
259410195548106753
259403985897803776
259400544559456256
259397587898097665
259395302337945602
259391905685721089
259353871351160832
259324247619563520
259322123980517378
259308791156318208
259305637178130432
259297462643212289
259293288736116738
259282742339047424
259227795513802752
258993280132460544
258970160415776768
258923641616609280
258917389918404608
258915782401077248
258898774661931009
258869062728298497
258859310770167809
258857783586332672
258849503241728001
258845981922172928
258838703756177408
258824600069210112
258813732115869696
258690875373273089
258688357478047744
258686160312885249
258679330593460224
258677464795070464
258631115307364353
258624188967968768
258612097582243840
258593352113586177
258527290680561667
258522922732371968
258519887771754496
258519519671226370
258515412885585920
258512948052492288
258493864447447040
258491934883053568
258353500520603648
258348841810685952
258345543548424192
258345011454816256
258343516223201280
258339766108561408
258330717287747584
258323075760795648
258202107360985088
258182713473912832
257868664781553666
257852177471647744
257841761404194816
257823689922469888
257797486356332544
257763489630793728
257763333426511872
257760342480920576
257758894737223680
257743252034297856
257733203681501184
257573154879307777
257556509976846336
257546832010436609
257546352995741696
257544114168557568
257448719966932992
257438044699885568
257426800240631809
257180817346924544
257154964835680256
257129266192478208
257128871831412736
257128421182820353
257128009256022016
257086809195028480
257083101589680128
257064261799538689
257041489320898560
257029012734492672
257027668090966016
257022901486755840
257022608254586880
256830532791435264
256826896422158336
256826408599420928
256790660030558208
256757037034258432
256714643697958913
256713305408811008
256713158167781376
256712810518683648
256471030862852096
256451590251245568
256450603704799232
256442043826585601
256434036157853696
256431240943636480
256326792359587840
256171663153065986
256165980332494848
256160985130360832
256157733756231680
256148007647596545
256133657348149248
256125076565540864
256124028593516544
256123849421225984
256122845858516993
256119984101654528
256109772477190144
256087058781720576
256056966516985856
255997277754257409
255997020874084352
255996909402062848
255959649533165568
255957567929462785
255905926484201473
255800922624643073
255792916516200448
255789661543350272
255788157314945024
255786674691395584
255781643309158400
255772792249782273
255769083310645248
255758232067375104
255734604932198401
255690213467246592
255663498015698945
255656080221290497
255632473030021120
255616696818221056
255545652216475648
255264551556222976
255263726054305792
255262453410193409
255261309908692992
255259622011711489
255259527237234691
255258774196076544
255258499884384256
255255988645556224
255251660161548289
255244133042642944
255233765004177408
255230057298161664
255227477843136512
255225823802572801
255196842529267713
255189630822019072
255185375201464320
255182998981443584
255023138126045184
255021488875388928
254982793954721792
254981326262915074
254980886871826432
254978436429410304
254917862521700352
254533449942171648
254235023757156353
254206397091282944
254186922086375426
254183555381481473
254181214871760896
254141505965522945
253989045233934336
253987673407098881
253986297700569088
253972528408711169
253936805219536896
253932346007498753
253929550046695424
253927303967543296
253926266502279168
253922441213136896
253904334557945856
253880587193044992
253816496017510400
253591280565772288
253569016067670018
253462356808581120
253458192368021506
253437656049000448
253304721757065216
253245799352373249
253213014185111552
253212699847168000
253203755292585985
253193014342717441
253159947053985793
253155941845958656
253101661982179328
252903911420219392
252873278237077505
252869385520304128
252837637860245505
252835954560229376
252835342271537152
252807466801307648
252806059788492800
252802777993052160
252790850877272066
252765051021299712
252764821592870912
252521690578444288
252515788056064000
252501609131696130
252128777969221633
252102144419827712
251763837366325248
251757406751694848
251707379446591488
251703951848767488
251673045083770881
251454391536742400
251402094286888961
251397253342826496
251394178406297600
251390762426699778
251389122537734144
251366433106309120
251280707001933824
251279989310377984
251159545047552000
251133252570599424
251053107776200706
251024760337731584
251007385987080193
250955721078870016
250784367083913216
250663511678652416
250655333297561600
250586337638506496
250548781882417153
250518181934936064
250268406392180736
250267878765494272
250169433912406016
250163582065602560
249975776013860864
249909770520236032
249909317950640129
249909094109040641
249893524747714560
249544600207892481
249490429903507457
249174402648915968
249171575826423808
249111424742334464
249089884130787328
249052638543503360
248914126636740608
248746092529860608
248700687305801728
248661912114577409
248661162168819712
248656063954554880
248545165533392896
248473143683997697
248459831650947072
248383879382171648
248328837518200832
248206734970191872
248182286330253312
248177731693604864
248159145893715968
248153205459021824
248124549525295104
247971073998598145
247822247530741760
247815747307458560
247815596186681344
247804642849878016
247793305423851520
247677260402933760
247643216571142144
247634967759310848
247583345784000512
247447829541433344
247422489347624961
247380879457005569
247306789090119680
247298156327481344
246523712336195584
246180673512153089
246174572750180352
246147529719291904
246128083478921217
245895457199513600
245880088753733632
245876901170774016
245840867234037760
245840229381058560
245839998119731200
245838272016814082
245837056356532224
245836424518193152
245835551750635521
245833306397102080
245832762278432769
245830238225977344
245816794579865600
245808005784936448
245800413612355584
245795437473312768
245764724703232000
245639816908263425
245607358494035968
245519245042151424
245423431766650880
245418333825019905
245211510077526017
245143999206268928
245139427633004544
245135508869627904
245135018031206400
245068478732701696
245066880493166593
245059774339760128
245041931304984576
245039445940764672
244907047274029058
244850624594866176
244565969064828928
244564484855824384
244517626733268992
244506523861143553
244505612963151872
244362966605123586
244158673096699904
243997959811895297
243756156093337600
243755758200705024
243755620895952896
243753741277347840
243647325409538048
243643442750713856
243626320813228032
243618578924961792
243615503552237568
243614354384232448
243470378658316288
243376818978185217
243375808620687360
243355780793917440
243355709121638401
243098398130053121
243093989505519617
243001744064380928
243001154521399297
242982038288871425
242961864961695745
242929069598056448
242897345031856129
242891696273227777
242743467036512256
242729229383499776
242668937962196992
242664032727867392
242662864471601153
242640333601665024
242606051063635969
242541383016136704
242536091746443265
242529273351659520
242526750813347840
242519431236968448
242511568011657216
242344733224079360
242323445386452992
242299888182902785
242259691432996866
242214550986977280
242214289690206208
242212335538798593
241984398566764544
241983849075200000
241978819936923649
241968539412619265
241915183084220416
241902833560072194
241818324063907840
241816328997044225
241675111726452736
241570155111522306
241552642248151042
241540361036644353
241517156779577344
241490143838625792
241480211386990592
241477298254135296
241475520410312704
241446051763068929
241440409790849024
241438654160052224
241234062071693312
241200656281636864
241190998347247617
241185904511819776
241184784309686273
241133231313928192
241121976779960320
241119525699993600
241116124203327489
241115574367838208
241081659938713601
241081371722928129
241078930658967552
241077596274700288
241074899119136769
241074092428640256
241073627733323776
241072836712747008
241071767119089664
241070443086372864
241068592366505984
241051400031858688
240950584356790272
240946709570670592
240940773720342529
240938916411219968
240934000984743936
240913148780101632
240891008269815808
240795946735239168
240748982106718209
240569440415141889
240569049958977536
240490795201855488
240478671729741825
240457927163510784
240450188475518976
240445637332713474
240444357004627969
240443275570466816
240441887889190913
240415207149670400
240369542365339648
239892921741103105
239488581872267264
239486816389058561
239457027036946433
239401647174995969
239396983377375232
239105175606939648
239087759648759808
239051631168192512
239031364316459009
239025757756735488
239023461849260032
239020039234269184
238669804255465472
238667892651089922
238644042106294272
238591441989955585
238589476937555968
238588562709291008
238587749345665025
238587158120779776
238583116497825793
238580540851249152
238560927123927040
238545524964343809
238544995785793536
238542284155658240
238540269895684096
238528801229910016
238528541141114880
238523167524667392
238519996886679552
238518327885062144
238512089809952769
238373900612931584
238373293948817408
238370864888967168
238369009299517441
238340768698355712
238333572451299328
238333117121839105
238331932327419905
238328141083447296
238315826057474049
238312492441419776
238305800119005184
238302524199800832
238271392099991552
238264934989979649
238247759923261440
238220934983598080
238051628962430976
237907152893779968
237893553030844416
237879974525288448
237872891969028097
237846556131348482
237665039597850624
237660498538151936
237658599118209024
237651308000182273
237647297457057793
237619792209649664
237602810210955265
237602169908506625
237568229831217152
237566924815466498
237566145446674432
237561810331512832
237560773285646336
237558759461879809
237522324298027008
237516109723611136
237514312510496768
237513898650107904
237507352327237632
237504647860977664
237497296512761856
237490123825090562
237482621771329536
237463848645455872
237447633378095104
237298282349613056
237279566115254272
237276852534771714
237276694711504896
237272653797400576
237195436488790016
236845220577296384
236500160056803328
236483764677664768
236443779370991616
236431403334660096
236430155080421376
236261546509099008
236257804325892096
236022230029582336
236017220424171521
236010561765273600
236004123902873600
235997632261136384
235985620265234433
235982547572641792
235979992381681664
235978430095695872
235976709126647810
235860404738355200
235852376324587520
235849788082491392
235847469580292096
235842642011889664
235841592496369664
235830303149654016
235758986295644161
235744997666852864
235742346338254848
235729587852681216
235728744843714560
235664347999916032
235656708410732544
235642388868128768
235636848863621121
235630781643489280
235483581609299968
235014202459303936
235002041804677120
234999208023818240
234994169188327424
234978335778820096
234955428587532288
234945679498293248
234784667562291200
234784502206042112
234784332487733248
234783814658949122
234770870156001280
234768753685041152
234766221415956480
234756178998067200
234749245545119745
234746450565799936
234744836501159936
234743669280890880
234724350136295424
234687118033707008
234415102403674112
234410295991361536
234409281871572992
234374119620243457
234373750974459905
234364623929868288
234363494231834624
234362364542214145
234351583519989760
234323738173263872
234316633714335744
234065606243143681
234061298881658880
234057070872240130
234005727574888448
233991847549214720
233937125366710273
233926603795746816
233863874011602946
233823364781846528
233822332462960640
233821742039179264
233812244612386816
233808958287134720
233807144896589824
233798095543087104
233797039790628867
233796112685883392
233695558550822913
233681752697212930
233678875132047360
233677821019561984
233672466684329985
233670508162478080
233662467253862400
233660839385759744
233657026994114560
233656624802304001
233639839130595328
233635842478993409
233634486707961857
233611022756347904
233551379870908418
233538227385036800
233473307381469184
233471509191081984
233467206242033664
233463265466912768
233462623667109888
233459002569281536
233457536664207360
