398005142102220800
398003784737370112
398003400824356864
397651486257475584
396746615249063937
396746308376985600
396626417988816897
396396013931757568
396390477291073536
396374939542257664
396366703221043200
396260912895918080
396048384077074432
396046977152323584
396045919088820225
396045144082112512
396020533080256512
395971213861744640
395886318028615681
395884897019371520
395863182042226688
395862919382327296
395846780493234176
395842683673264128
395820652856614912
395676321302319104
395675866241318912
395674324205441024
395674240399077376
395674206215499779
395658442192334849
395655461933813760
395633475191320577
395618812554661889
395618267521626112
395614486788603904
395600433130926080
395597414184148992
395597036675792896
395595444140519424
395585349117673472
395474152796061696
395464042258509824
395326359175561216
395326082787729408
395326024654659584
395325905343508480
395314690256936960
395141483595964416
395081201482211328
394964853095677952
394917714357399552
394900990882635776
394841086969282560
394823718532550657
394812028126498816
394783304182157312
394773486335324161
394548432167534592
394547758373167104
394533183259021312
394213313187684353
394170505881985025
394080262998740992
394047632483840000
394012592756490240
394012252590075904
393814828894023680
393814486542319616
393813828481200128
393710905802096640
393710165737738240
393701469351727106
393699400880357376
393699185679024131
393698454913830912
393678844080562177
393678278826815489
393645405537599488
393474925702701056
393469050862329856
393465367948828672
393406941319671808
393352179035422720
393328008846524416
393324731652247552
393144575230894080
393140833467109376
393139689248395264
393121342129983488
393067001973071872
393065279757889536
392911572928327680
392775719974998016
392749936833744896
392748887548911616
392741732980236288
392741321502244864
392714549532852224
392714202785525760
392643612917645312
392423123418484736
392414865089761281
392414107950792705
392412885671886848
392412740641255424
392412146392248321
392412039248760832
392411798827061248
392409729554984960
392350333285847040
392349014618046464
392344533511716864
392342452796805120
392340852787265536
392227165158129664
391969335062720512
391894806844026880
391707796502097920
391707084900683776
391597754335895552
391591009312063488
391582990272577536
391582159670362112
391493959283126272
391493453143891968
391476296112701440
391466083476983809
391335225361321984
391325580312186881
391307345386426368
391306603565051905
391304631797567489
391272665522384896
391272439520702464
390951889619406848
390948540757073920
390947966619779072
390947860914921474
390899348038369280
390898929379729408
390888897880010752
390842694441762817
390838870188646400
390835617359462401
390773857650761728
390596668074127360
390595185471549440
390568829933584384
390549908127637504
390548947254509568
390541249884606464
390506942482751488
390496634670313472
390438563679965185
390239458890878976
390239116555988992
390165824214138880
390160321719328768
390091723059118080
390090626974220288
390070217696501760
390069909863923712
390069841677123584
390059721308131328
390056091763376128
390053162155266048
390051909945421824
390049593498820608
390048275451346944
389762359260368896
389755937231470592
389755788069044224
389680638242336768
389097619559301122
389097419834920960
389039099979780096
389026819380621312
389006553657126912
388998645083033601
388971171947237376
388786000098779136
388710657714966528
388642919332081664
388642605577146369
388640258142662656
388607835183259648
388601599813509120
388599427562475520
388597020799549440
388575680465997825
388574884961718272
388574326381113344
388573545586262016
388573283387703296
388571581200728064
388570356841463808
388565815144226816
388564687052632064
388563109633601536
388562512767356928
388559814550618112
388557439123333120
388555742707724288
388555001226084352
388387357264605185
388358321167548416
388345193537503232
388344862149722112
388343427953623040
388268441947238400
388221991926632448
388044421931208704
388041150214701056
388039128526639104
388038888209809408
388002683866472448
387999917945274369
387984107504168962
387983733120196608
387963808787857408
387945527465091072
387933885759520769
387932035312279552
387914851580121088
387891207550300160
387888910883229696
387688749762875394
387597425960943616
387594168685436928
387592797261688832
387592249825308672
387540624011833345
387518105972244481
387515198761758721
387502262991749120
387499654721843200
387469992872394752
387469298018816000
387325124883804160
387304677895057408
387302188936331264
387293817957015552
387293467938140160
387277011569221633
387275580397613056
387115336925212672
386964579861143552
386963827235237888
386963313772740608
386962453453889536
386962115690790912
386961956357550080
386856277533790208
386854990486466560
386834283807010816
386803779297083392
386607430047907840
386574838543826945
386237831800426496
386207669541146624
386202042718777344
386200263763435520
386166080441311233
386070546292559872
386048961498607616
385946922424758272
385825061191843840
385793013563138048
385782079289430016
385727664189087745
385727045327917056
385705268132458496
385692018913329152
385678244525395968
385674834262634496
385659218524905472
385658756102893568
385656934659276800
385509548259565568
385499026847981568
385491438748065792
385473492260765696
385473164698222592
385465603416662016
385464814082203648
385462393616482304
385460861957308416
385459590202007552
385457893438271488
385428329982984192
385427528925843456
385426749632172032
385425969357410304
385423430557782018
385423411758915584
385423025052471296
385419551032102912
385400738647519232
385399376148840448
385397494437249024
385394317226827777
385390743604326400
385375913417773057
385372944408387587
385372828540739584
385341169892196352
385335771307077632
385329960606396416
385328017704103936
385326270071853056
385320311542915072
385314440024817664
385314087430660096
385312740002103296
385312463542956032
385311546676490240
385307793596895232
385307157123850240
385303361110949888
385301953372499968
385168194232545280
385167941399900160
385158405431631872
385136399089143808
385060764417294336
385028404925722624
385022227449917440
385020523807526912
385016604066852865
385011452186095616
385003501535109120
385003053944168448
385002669884317696
385000718668931072
384993978284015616
384988789636349952
384982517818077184
384976533129269248
384976247723663360
384943326853865474
384940681162399744
384934803709366272
384776819305877504
384751015104634880
384746780535324672
384746690571673600
384738495610490880
384724361632296961
384720349486538752
384716070692454400
384709625653645312
384682372928520192
384668259356004352
384643493093978112
384632052374855680
384631267930955776
384630969992773632
384621920429568000
384617921487863808
384615655653515264
384615423414927360
384615345996460032
384573858793394176
384539723861340160
384445671346294784
384445356597329920
384437087061422080
384398823285460992
384388547312381953
384378260207173632
384377643787112448
384376110102085632
384352054422306816
384323972885921792
384301330875310081
384295162232332288
384290544806940673
384285030970716160
384279071888527361
384275552850673664
384271343320977408
384254965562482688
384254132280127488
384245523005575168
384244424651579392
384227813336702976
384224924124340224
384216168099508224
384124733211807744
384122715923554304
384122545613860864
384064337159393280
384063959315529728
384063597485522944
384058801634443264
384058015735107584
384036333452541952
384033773203226624
384032138431332352
384023322125959168
384023219076071424
384023123076853760
384006779463409665
384006667970416640
384000669465604097
384000376422141954
383999443650895872
383975162225242114
383973520511750144
383935355751497728
383912469942374400
383908720125566976
383896234815401984
383895885085962240
383884659060273152
383884370978676736
383884096042070016
383883458029699073
383882636864663552
383882383587430400
383881585491054592
383881348512899072
383880722198454272
383879926627069952
383859830559371264
383859157558132736
383855385897357312
383855017545179136
383854000036401152
383853585274241024
383852183357509632
383850255294681088
383849820156600320
383849311924412416
383848937666650112
383846474544865280
383840731859025920
383840555769552896
383838739216494592
383837772630749184
383732960488202242
383732390410977281
383726059927404544
383689316851265536
383689271535996928
383689209846177792
383678798899994624
383650981810294784
383649918575206400
383649414038175744
383628867421753344
383627169936576512
383613961947848704
383612995735392256
383607189644263424
383603949087232000
383586388366880768
383577756036255744
383523494468009984
383521011029012480
383519514853666816
383502120172802048
383495137667469313
383493871461609472
383493787177078784
383487281954586624
383487164052668416
383332435267973121
383331876926390272
383331480271069185
383294830425964544
383285241076408321
383264658880090113
383264288741134336
383260308552556544
383259045479874561
383256757776429056
383256309094965248
383256247346413568
383255754033356800
383255608767823872
383176155840643072
383175259513708544
383172707057405952
383164815784808448
383159256653905920
383157348111364096
383156639999614976
383156403868667904
383135202824192000
383129816029204480
383128989982027776
382982415813472256
382971476175249408
382931254599241728
382925804659032064
382923047633948673
382922933657948160
382922760496091136
382919985141915648
382919953680433152
382915934081400833
382901876360232960
382886605146849281
382855031806259200
382845409674022912
382775870773276672
382772736525086720
382772659508883456
382760376766849024
382674519997296640
382671479684747264
382503801585819648
382500064532234240
382499300283936768
382487949406777345
382268143219277824
382264374570012672
382261887540686848
382261415262027776
382260152302567424
382260083050434560
382259957124833280
382259586251907072
382259489480929280
382259052644139008
382258284935536640
382258079255240704
382251151711678464
382249047614291968
382248025147838464
382247707202842624
382247421306474496
382223370487873536
382212963739762688
382212746080559104
382211483880259584
382209401924222976
382200842771640320
382200627171831808
382194573956505600
382193398137901056
382193066305536002
382191447492943872
382187920594968577
382156713509416960
382150993599033344
382122869440131072
382122563423305730
382113943130370048
382101773672267778
382072677520793600
382027584789553152
381842830173282304
381842012179533825
381839835146616832
381838966153961472
381838662423412736
381700928040357888
381514966907764736
381514283085201408
381513604857872384
381513071233363968
381511799914639360
381500978786492416
381491142069473280
381490854084362240
381352501439516672
381352408590188544
381350483161411584
381330621391712256
381325484375941120
381183195037061120
381181611204947968
381175703812980736
381175526939189248
381175426703716352
381174275996393472
381173496820563968
381172918895788033
381172462484217856
381169594922459136
381168191558664192
381128829072588800
381114117425094657
381112079521816576
381110986796957696
381110095717101569
381109311725772800
381104595084124160
381097033475448832
381065651861094400
381049087099154432
381042064160727040
381041784182542336
381036707594137600
381031992227553280
380985965701255168
380958685323087872
380824520212234240
380798469314969600
380730980668936192
380724460937965568
380724378029133824
380724267718942720
380659673570869248
380653551380594688
380650538444267520
380648143698030592
380629801146785792
380597212079980544
380589302125568000
380579070972792832
380578763823910912
380441495066902528
380438406016139264
380431389985742848
380431000087445505
380430395138785280
380429279625879552
380427508245467136
380426687554412544
380426469849059328
380415856888778752
380406996899356673
380406646045802497
380364855976288256
380364466153476096
380357868630732800
380351133992374272
380348175371866113
380341946343899136
380335300427276289
380319222930616320
380317377877274626
380317343282642944
380303633331417088
380273621140525056
380093699306561536
380080338854502400
380079786087170049
380079408910196736
379913781679493120
379899204925390848
379859094632288256
379722608008495104
379688643226779648
379555865860513793
379552925745688576
379539181707350016
379497767619788800
379354229283893248
379346682174918656
379331201024401408
379283843707961344
379281749592649728
379245069678555136
379244517096173568
379026260640272384
379023846348955649
379014305452007424
379013617166716928
379013265591771140
378807376536948736
378651939480682497
378651054327353344
378649102776426497
378648975378640896
378648514470744064
378648009300398080
378647172255711233
378644013768667136
378640328154021888
378597503039713280
378596632021184513
378596547799580672
378518708244578305
378459503710453760
378265166817030144
378192794772582400
378104454957891586
378102810245488640
378102707866705920
378054945259651072
377942180301914112
377907087030108160
377871890833866752
377842780610887680
377818546136702976
377814998921527296
377814616719769600
377726882982408193
377717733968080896
377512790464155648
377301474361233408
377180344065085440
377180050669309952
377179650335571968
377121372981714944
377092349823684608
377087435278012416
377087189919612928
377086818316861440
377086440904982528
377086188424679424
377085698446069760
377085568766599168
377085267712040960
377084773610426368
376956895141302272
376766869363236864
376753441365712896
376753169763545088
376739762339459072
376449632685285377
376386029722554368
376321240908464128
376300411277148160
376299561582473216
376299488421240832
376298742363590656
376235936331608064
376101437878853632
376099249521713152
376074848021123073
376072738613772288
376072063205003264
375963352398585856
375937982689447936
375884734078783488
375869305012764672
375629203925766146
375626657232867328
375547619965014017
375547542831767553
375541206496727040
375384625247711232
375383803520634880
375382510244745216
375381980650946560
375381068326912000
375380205776678912
375377776288993282
375375511582945280
375373444776755202
375372268530311168
375372247936290816
375371264837570560
375368999896641536
375351453256536064
375329032092397568
375328752273596416
375297420168396801
375290040446124033
375281820733939712
375258361862041600
375255925265022976
375237687533240320
375213513993891840
375178127431172096
374929625098354689
374926007666356227
374923686643384323
374923401250340864
374829092711178241
374801634032758784
374795397601841152
374791091393802240
374635793412653056
374633670000140288
374633314864230400
374623822743220225
374555564212101121
374539030479650816
374434180009955328
374428760545951744
374297379039502336
374294532382146560
374293924325490688
374281250426462208
374177862146072576
374081356491284480
373945301561638912
373944202930823168
373943945572532224
373942670248275968
373761329992982528
373757835164651520
373738929599827968
373724745956483072
373601469091438593
373601434920431616
373576000325439488
373575686583107584
373562316937510912
373560701664894976
373560273187377152
373560177976676352
373559834727419904
373517206992084992
373510524073291776
373506425978228736
373505711080079360
373505506570035200
373505196552241153
373504959863468032
373503778940416000
373502126825013248
373500756944359424
373475632933388288
373448531778220032
373395810979160064
373349118544191488
373239493496946688
373239344766918656
373224361580593152
373218562468741121
373215299346391040
373214863881175040
373214826304385024
373214439350493184
373213468742410240
373213439231291392
373211580785512450
373210319008833536
373208818970537984
373208088054358016
373207939823448066
373207807916785664
373204858293481473
373204314359336960
373200979673763840
373144256531431424
373136505092710400
373135038130704384
373127295625875456
373127004620877824
373126337785241600
373098332069306368
373097153209827328
373096052611887104
373056637273382912
373018074183921664
373007459478417408
373006756634718208
372991314813804544
372696825192792064
372639034180268032
372635285927903232
372255616992960512
372255388961222656
372255118105669632
372254829290086400
372246501600141312
372117256232124416
371568209235021825
371322773039108098
371321797439803392
371321721409662976
371316818264076288
371278273248260096
371277770372157440
371205562463035392
371168793156141056
371020876663095296
371014984513650689
370998388294029312
370998007241523201
370996188469673984
370994403013177344
370993985273098240
370993460704079872
370992397074694144
370991697934553089
370989232195526656
370948783313793024
370946653886640128
370946316933017601
370915984774684672
370910506049368064
370909293568360448
370907514462031872
370907068741713920
370906983551234048
370898798610239488
370882445073055744
370881069391679488
370876479522889728
370628172598894592
370617698352234496
370580959319445504
370550257433591809
370533968753328128
370524757261029376
370522190397341696
370521363771326464
370493479446540288
370452611083677696
370444300519108608
370424039648792576
370307339716665344
370300882803757056
370300380066091008
370300255491076096
370234262894542848
370223792326320128
370214746953637888
370214396569862144
370213618874613760
370209355154849792
370209140951756800
370206851042136065
370204989857476608
370204851336388609
370203449436413952
370202161420193792
370202095989055488
370201792078172160
370201033374715904
370200429919236096
370200263275347968
370200140159918080
370199519625220096
370199294093303808
370199139264757760
370198008430080000
370197691223244802
370197348246650880
370197247025483776
370196855139078144
370196641535787008
370196498837172224
370196312966574080
370195704490491905
370195102637240320
370194144746291200
370193935278567424
370193638208585728
370193100146503680
370192834739339265
370192302884802560
370188533899997184
370165438904532992
370160001362698240
370155229985390592
370155098602995713
370154693844279296
370118852635799552
370118491292319744
370112495127891968
370110998805372929
370110845746831360
370109364058603521
369936764393488384
369936700845608960
369936108270145536
369935723686031360
369909258524950528
369888208818937856
369884369470509057
369883595126489089
369883105605066752
369882912289603584
369882364182142977
369879853925142528
369836931825541120
369801773370048512
369795439316328448
369794168635133952
369783519553540097
369782912960700416
369777272011517952
369765805262897152
369749436257148928
369749180463321088
369748105970737153
369736068309848064
369734968596901888
369730011449655296
369728070371926016
369727592972042240
369725467726585856
369725410486935552
369725271412199424
369725169457045504
369719927554330624
369719461676191744
369718945386754048
369714136592441344
369713551457681408
369712142502871040
369711420092723200
369710833582211072
369709911409983488
369709819164643328
369573081410306048
369569218628313088
369568761864392704
369563980445908992
369563655613865984
369563612974571520
369563293012066304
369563196492750848
369563015080722432
369562811942195200
369562755386204160
369562047094071296
369560909095530496
369560761204346880
369560436888199168
369557565450887168
369555625463656448
369554000925818880
369553102094872576
369553013767028736
369550376782921729
369549282988142592
369546283184177152
369436606450905088
369386793491521536
369383440476409858
369373524655620096
369368599611187200
368424623471620097
368347306635956224
368345931369824256
368328949568270336
368315124945539072
368146503874777088
368146406462062592
368144602168950784
368144453359251457
368144296257413120
368143620102029313
368143191544832000
368142180973441024
368133374218887168
368131180920840192
368130916608385024
368129519561228289
368115315277713408
368086773563281408
368075032641015808
368073947004145665
368070502830448640
368036982917988352
368035232928505856
368028356656508928
367990101206638592
367989711790694400
367989485570912256
367989049237438464
367987949377687552
367986798120960000
367967878450266112
367907394690756608
367770987359899648
367768729708666880
367768049417732097
367749848327393280
367742536527654912
367737589974855681
367737547817902081
367725321753075712
367724290948337664
367724186329825281
367721823405764609
367718346440966144
367715776196648960
367699781977534464
367688281900589056
367687668945018880
367656507740942336
367632998130139137
367629703558860800
367629491129966592
367611376656986112
367608447933874176
367528024566398976
367526421390163968
367526384597737472
367350073996611584
367347587613196288
367284860656029696
367284093014511616
367252563198246912
367250491434369024
367249896786911232
367249567936696320
367242862318354432
367238283694452736
367237583690289153
367237210158149632
367236823233593345
367236098478862337
367235842236231681
367216653412892672
367040884141195264
367039136227938304
367038559943139328
367037602052186112
367034734746288128
366950274285305859
366949398162321408
366652056427180032
366637597029711872
366570002402377733
366497503702564864
366479244563447808
366471476582420480
366322748735238144
366148831454314497
365931411926024192
365930585610387457
365930334803607552
365878575410315264
365782795626352641
365773738786037760
365759859100098560
365723454885998592
365723365081759745
365605179535532033
365578921686728705
365531433911074818
365517038380265472
365516912366600192
365516799107805185
365495349843988480
365473043390279681
365444392976269313
365369418894684161
365368713786040321
365365647875641344
365232325782552576
365216797982601216
365185119411113984
365184500075986945
365077489082564608
365021595146145792
365016789341569024
364979162479882240
364873240952315904
364873078737616896
364872881408188416
364869177376374784
364868964171517952
364868188648906754
364867334982209538
364862121927917568
364849500763848704
364846863775571969
364846541221015553
364846134952329216
364845904437592064
364845641635086337
364845153757831169
364830870663725057
364829991680217088
364829716542271490
364829679099723778
364829626700279809
364829420361498625
364828939509710848
364828695673843714
364827022259789824
364811737972748288
364801346857218050
364754377069699073
364717574178603008
364702261278416896
364452438406725632
364452176489226240
364443877467365377
364443761578749952
364443718129946624
364411680849014786
364409021026926592
364404197199847424
364403925438316545
364403771050164224
364403539608473600
364391426999599104
364391225274535936
364386521966587904
364383709195010049
364379437493534721
364376629285359617
364375789711527938
364374000438226946
364372339749691393
364371450133622784
364370839250026496
364369714887131136
364369062001778689
364368840303452161
364368435959971845
364367651226660864
364366665158361091
364349313570181120
364347316708179968
363593944946716672
363423776517922816
363233628073242624
363196884951007232
362850988769550337
362849637306081282
362724380142354432
362703970969866240
362703803868790784
362703660616540161
362702557778423809
362684808516091904
362684382454509568
362684338309042176
362668993754046466
362608556660359169
362535559849193472
362339523117588481
362338393469890562
362337180330377218
362327774184226816
362303812268072960
362290452117987328
362268638566301696
362268529472454656
362267974888988673
362265013777469440
362187828702089216
362187498933325824
362175933328789504
362173438682603520
362172244719439872
362165611998093313
362138437987471360
362137875032178688
362094147089350656
362089649239367681
361965906068377600
361965454811602945
361962652961996801
361885353046581248
361818802448646144
361816985174147072
361811076242870273
361805556329103360
361802366825144320
361794078771388416
361725489657815040
361567152194600961
361546114618494976
361421363812106240
361247943031926784
361247555306258432
361247369397936128
361246128211116032
361211624830406657
361094222310416384
360895517527519233
360895368831041537
360783528897691648
360781518525825026
360781200748576768
360780250268966914
360522870503374851
360521548047724544
360518301299904515
360517013107515393
360515762009546753
360515544224505857
360507708031512576
360468089546084353
360431963074596864
360351732724805633
360350302215471106
360342759166590976
360332233657159680
360318160144039939
360317511666909184
360265312958033920
360169407055527940
360167688187805696
360164341565231105
360155227090989056
360154812014276610
360153861501104128
360153302454898688
360129035407339522
360083184597204992
359815808291061760
359737768190029825
359625353037221889
359584967585579008
359584520149794816
359583514112430083
358877611432222720
358621676793114625
358621513647259649
358621047127425026
358620667312209920
358619792497840128
358619406730928129
358618679962898432
358534828464947200
358531733563510784
358522269410549760
358300074679336961
358270530463342592
358243864781406209
358227826845425664
358218047737180163
358131285933707264
358130882991104000
358011432689868801
357978810169700352
357971594414530561
357970500590383104
357967749865144320
357951102865522688
357510293066231809
357491902259539971
357478886319611904
357368542922309632
357368103929249793
357045209177137153
356358275849125888
353859063500636160
352672122411294722
352625580782518275
352563708851003393
352556614923988992
351978283182723072
351966198281416704
351809977427566592
351808842679595008
351492371977998336
351488476182618115
351486564553068544
351486218720116737
351484668635394050
351484546014912512
351484326128525312
351483018243870720
351482489568624643
351481066202218499
351480517029396480
351479033483108353
351478677785165829
351478349899644930
351477865503662081
351477733714432001
351477153629618177
351476345542410240
351476091967373313
351475329715548161
351475234647449600
351474824809426944
351463394932572162
351463215424737280
350644262003675137
350630369491558401
350361147712610304
349989731704131584
349902601476771840
349867298187788288
349860575045627904
349856925430722561
349855922929152001
349855191752916992
349774155597627393
349642931151450113
349610085317750785
349291182590922752
349269457996226564
349266571933388801
349261110655987713
349259642754437120
349255656861220865
349255089539645442
349249277870092289
349249036890554369
349248698309550080
349248191176253441
349248102311542784
349247921834819584
349238104986619904
349236631221436417
349163692799164416
349057841665015808
349057771242668032
349055904831918080
348914254654611456
348907678891909120
348907430526201857
348752507826225152
348721940443308032
348562020917989376
348413827576131584
348412921711316992
348379754367430656
348327912673517568
348327355846119424
348312032375869441
348196600608333825
348195548299399169
348195510521311232
348195213828829184
348176357265657856
348163202162503680
348036869314969600
348031667115532288
348029809823203328
348027055549583360
347849587173761025
347835989823193088
347822800679100416
347822407869935617
347822051974848512
347821564353445889
347700332714946561
347699916858077184
347670662288125952
347655505793146880
347654019348590593
347613393634603009
347613323937849344
347607677481926656
347603973089394688
347599198545387520
347492724771004418
347492525935824897
347490472681406464
347480867851083777
347465662228217856
347465563313930240
347454486916251649
347453837457620993
347453073473560578
347452847702556672
347121256753152001
347111354995466240
347097183037825024
347092322976137216
347043181046665216
347013269174767616
347013130603335680
346927357245931521
346922993798234112
346922333447008256
346921468799619072
346745722772791296
346720685332242432
346720559377301505
346641140201693184
346634407332945920
346571369531703296
346379856533139456
346363747306188800
346307498464145408
346034628299194370
346002223597236225
345973116083777536
345972932641693697
345968692464586752
345929993651630080
345929931710152705
345911879392169988
345821866889445376
345664689784631296
345664144864837632
345663967651311616
345618610544328704
345293446778601473
345270144152514562
345269803575017472
345220010416930816
345172526730711043
345147640608063491
344845114243416064
344837459626057728
344827451765043201
344727308298493952
344726630461214720
344578179035451393
344577213468905472
344559745618812928
344559380806639616
344558184830205952
344539544009457665
344523300732555264
344522824309960704
344491360453287936
344481127483965440
344417520566013952
344398293796786176
344212186157170688
344209069508292608
344144111508520960
344109665866612738
344104252974723072
344103497131753477
344103004724658176
344085756609982464
344079192826208256
344076062440972289
344055830812958721
343842857012039681
343830227312599040
343818905535520768
343817980876029952
343814447946674176
343810810843377665
343809559749591041
343809428333658112
343807991067328514
343807675563393027
343806717819232259
343806675305758722
343806529335590915
343806089093070848
343806056427819009
343805997485273088
343498114948296705
343497718318108672
343495005240958977
343494263901933568
343493954693644288
343428421092786177
343400812178980864
343362783875833857
343355404975218688
343342932360835072
343321072206237696
343320926076694528
343316380956905473
343314581311090688
343281241866518529
343111425218199553
343108218261749760
343077880084963329
343077249001611264
343018005963358208
343000768816750593
342999094232506368
342998203714633729
342997762926854144
342952661022281730
342933975377006592
342900924248911873
342767809178255361
342754470624628736
342754078763401217
342681380997693441
342679888374927361
342674976656199680
342663827265040384
342522641229430784
342411265022517248
342411011443269632
342410668324044800
342410448366342145
342410206812180481
342409882324070400
342409434108137472
342409004401696768
342408615098990592
342408209291677696
342408103142227968
342407964944113666
342406458689859585
342405702612029440
342405023596150784
342404633353924608
342404563082559489
342401806858584065
342401300111163392
342399050634625025
342398504548835328
342393394867359744
342392074726932481
342390062367002625
342388632507785218
342388393939963904
342343928156151809
342284615874121728
342270805486469121
342226795321495552
342206827779465218
342186151836266496
342185526125797376
342185505649217536
342102177868808192
342064045060415488
342061752374136832
342048199990722562
342032288550371329
342031264536203265
342031056091877376
342022238662430720
342021182306000896
342015708475060224
342015422608064514
342013707171278848
342013399284191232
342013257701269504
342013027274600448
342012850539220992
342012648218587136
342012443297452032
342012116561166336
342011943831339009
342011622719619072
342011403160399872
342011085987135488
342010595710734336
341996486281801728
341991747469062144
341991602593619968
341991233104785408
341991179803570178
341991100829024257
341990450208587779
341990268955947008
341989768973938688
341989575687802880
341988584833830913
341988168083587072
341987802776469504
341890664428105728
341889647577817089
341876400590036992
341875547460206592
341849794878251009
341849356149858304
341848346337632256
341692732793827328
341692360507408384
341691008112812032
341690951753936900
341690829536129024
341690571959701506
341690172691341312
341689101529001984
341689003122237441
341688040244256769
341686736163848192
341685060770086912
341646778615091201
341646315039633408
341642912074969089
341621846824861697
341621692419932160
341621432905764864
341621420406738945
341621121143160832
341620900711501824
341620610692169728
341619494915031040
341619097446019073
341619088604405761
341576323870912513
341570350221500416
341535597581721601
341528593807073280
341501547919863808
341494744393863168
341450538501689344
341436706161049600
341365303076339713
341365220859592704
341329408424030208
341321281662246912
341319894123552771
341319691995860992
341319418103607296
341317786200576001
341311790623379456
341285427933745153
341270797375115264
341269839551275008
341265882363879425
341261478168518656
341257674870116352
341257319205720064
341254667902283776
341250222984425474
341250021154492418
341247145485148161
341246945119047684
341245598344830977
341242056133451776
341229341398667267
341227972835028993
341206080849854464
341188584876933120
341188486746996736
341188103467302914
341089553299415041
340960595610312704
340954966401376256
340951320158674945
340896468263108610
340896394992820226
340895679297753089
340894185299259393
340787653588955138
340787521699074050
340786692770381824
340786663775145985
340786595324112896
340558679621369857
340558535052115968
340556971105206272
340519176789688320
340511433437622273
340464595363835907
339994095944597504
339784401216999424
339650675145310208
339334852593717250
339333442439352320
339318906382594048
339310254288420864
339280373332725760
339279153314545665
339278608663199745
339277260374827008
339266639822467072
338064915254370305
338050116986478592
338045039299133441
338044579284652033
338043385833209856
338043321958137858
337834081788260352
337689358863843328
337688361756143617
337687687718899712
337686766410665984
337685115708784640
337684182874591232
337683900295950336
337676461420982272
337673243651616768
337240547423043584
337240276928176129
337225837852114944
337084113171382272
336969623071227905
336963022247559168
336947849663225856
336869143930347520
336852839974449152
336832020925804544
336820791607955456
336767852239519746
336605420976226304
336599285103734786
336598937131679745
336597422929227778
336596719691239424
336595635031638016
336565731086979072
336455465972137984
336408917787672576
336408575192731648
336253476445233152
336206752511037440
336202792479895552
336110414045777921
336081396785360896
336023932488523777
336023186875486208
335670534694125568
335652046298550273
335507488654893056
335507245347512320
335506671998730240
335506548870742017
335505557513449472
335503757293023232
335501576011649024
335387065745276928
335154812888944640
335154475062935554
335154299548078081
335137796119486464
335091175864274944
335085090273116160
335084713670750210
335084063390052352
335055006338260992
335046149171970048
335044281595228160
335042539029684224
334976444528721921
334964894053048320
334956266717851648
334954151769407488
334922957426135040
334803411499356160
334791164983136256
334788591366569986
334777389970247680
334725180532346881
334598504951451649
334221304012087296
334190900043452416
333890892387721216
333682123686944769
333677701619658752
333675939269586944
333352703315025923
333293730054434816
333293638580846592
333233432945639425
333232807998545922
333146193469259777
333146029358714880
333141969398276097
333141601654288384
333141214859763712
333131615108734976
332952105180606465
332949446314835968
332927880541638657
332605540909871104
332604193292562432
332602045766979586
332535817396424704
332533417621200898
332532360677556228
332530771359322112
332528315099394049
332525320945147904
332521212100104194
332461775792504832
332238357935554563
332215527328055297
332117192663519232
332117028800446464
332064095358558208
331871894376689666
331730174682992640
331720950045360129
331717791461801984
331691087594921985
331547641060139008
331546763154558977
331541236907376641
331535605932642304
331527871711543296
330433638288199682
330427220344569856
330228315858280449
330227935053238273
330227699664699392
330220867617431552
330220496241164288
330219963883335680
330219719053418498
330218871187439616
330218633534009346
330217803783225344
330216241027481600
330215804626931712
330215058258944000
330072695922380800
330070082556420098
329925949057536001
329573880345817088
329505131953541121
329494689675886592
329494082940440577
329488643074953216
329358886836531202
329358745136152576
329289771631394816
329216895825883136
329193024833851393
329190608017166336
329189675287859201
329189610477469696
329189488519696385
329188936461205506
329188643220631553
329182680824553472
329181303985545217
329181179972558849
329162220699279360
329135097104171009
329129568491409409
329129463445065728
328998003870412800
328997931287986176
328996275922014209
328995792130023425
328995144139427840
328994804899909632
328994397586862080
328994151729332224
328984152332447746
328962398939672577
328600998165762048
328251241954156544
328144302792392705
328131657766952960
328122193919746048
328121942370557952
328089319531229184
328082001733251073
327764502353416192
327741906291396608
327731049910124544
327685906117046272
327685438393417728
327679678615801856
327541051055296512
327538415358857216
327344145414893569
327340651538694144
327339500458098688
327187405998264320
327175073976971264
327163718897119232
327102976667828225
327066604749856770
327065245170401280
326986672443105280
326942208139870209
326941606978658304
326815066076897280
326805934137552896
326704361449336833
326692103566528512
326645927504924672
326444327217815553
326438384513986560
326437771730366466
326303204960788480
326019272235155457
326019120044834816
325746674804862976
325579978978762753
325045956422807552
324810213498695681
324809102045876225
324608746087137280
324589317638995968
324450840981172224
324223499151499264
324215585691025408
323863328860549122
323835186712305665
323812324119023616
323257964356042752
323248339086897152
323205993104281600
323089665081098241
323089343679975424
323089063978618881
322895475067990016
322479278174396418
322267504984596480
322248363493974016
322093329691070464
322079586647150593
321951000980246528
321949293474893824
321912371054538752
321884093161811968
321718345240035328
321653158105464833
321608709019148288
321545900008808448
321389662474215424
321335104083484673
321229163887480832
320837917469728768
320286369681387520
320286301217763328
320272511558361089
320168626202238976
320150111630000128
320148178206879744
320106514369101824
319727140369219584
319726779789086720
319725599973322752
319500514213646337
319447272213581825
319442946569166848
319425916050743296
319346864543637504
319206666736386049
319205284801298433
319201332781281280
319200755527589888
319198767041622016
319172127519543297
319164321944973312
319164164918632448
319160914131705856
319140088749633536
319072046535553025
319071471534239746
319069204886196226
319067321555632129
318796588292141057
318763409585885184
318755163378692097
318660520506970112
318440704344985600
318440496240418816
317401086078111744
317325294950285312
317290509158735872
317283285304741889
317278589022248961
317278088968937472
317269515228573696
317243772742287360
317229026290843648
317224147514187776
317223778553839618
317171557111853057
317170655579738114
317061763050926080
317048288136282114
317042935919169536
317038435279970305
316988039425556480
316982772990345216
316944738659995648
316940622164553728
316938312818507776
316938021201117185
316936497381117953
316932347540938752
316926293402861569
316925054657114112
316923365216624640
316921352189796352
316918839399022592
316884320600084480
316884052844101632
316872906640588802
316872510404714496
316687006459629569
316627273811890179
316626789319462912
316622214030053380
316598248334831617
316579099848097792
316565975057178625
316544259073396736
316520440002666496
316512708935700480
316512023229902849
316511222616969216
316442367144116224
316333793411747840
316316640130265088
316311601110192129
316311068160962560
316306603655704576
316280112075128833
316236544568606720
316164242371911680
316144089676529664
316127570947092481
316127188753727488
316126801858527232
316126424014667777
316126039199870976
316080336075382784
316080189803220992
316065459587936256
316064956481171457
316036115452805121
315948052676489216
315944501149581312
315943884922429441
315941827264004096
315940761164214272
315940444683001856
315938502195961857
315938135055949825
315937998766215169
315937476323708929
315937007782227969
315936679456280578
315901609899094016
315871293352312833
315848417173729281
315841832749780993
315824708811640834
315824329147428865
315757133176111105
315752969620578305
315750725802156032
315743265695596544
315741225141559296
315740995193016320
315740855388487681
315738559514554368
315387219894484992
315385557167534080
315232056235937793
315127119774642179
315106733397786624
315065440550391808
315064885283282944
315036111355383808
314882145749434368
314868828691652611
314868155107393537
314863812329230336
314861586118504448
314824661844258816
314823377640624128
314758879634399232
314758608330059776
314758398308651008
314757972041547776
314757647293358080
314745606646140928
314701969732284416
314701610779545600
314700917016514560
314683400936124416
314521259385946115
314518605314281472
314518110340280321
314517597704044544
314462051273670656
314437377726742529
314409746021097472
314396481048150016
314394810163281920
314377109856473089
314372684354048002
314372308712189952
314372151287361537
314371928800522240
314371602898907136
314371528160591872
314371199734009856
314370966903980035
314370402107392000
314369449429962752
314369039046676480
314368746129072129
314368485482446848
314368070858727427
314367767073673218
314367579303067649
314367479373766656
314367238926909442
314366934303006721
314366769068376064
314366564994531328
314365948066951170
314365299375878144
314363962965778432
314363056794779649
314362396179308544
314362164284649472
314362065244545024
314361369883451392
314361113087188992
314359279656239104
314358896028422144
314358700263473152
314358427046531072
314358212277174273
314358073751912448
314357941077688320
314357602387652609
314357512117825536
314357165806727168
314356875388915712
314355722475429889
314355392811499520
314354243828056064
314353743225319427
314353560018104322
314330321401282560
314328670414200833
314328338904801280
314128054567964675
314096035196723200
314095939499483136
314090881835737088
314090654273781760
314089310896930816
314088790870327297
314088647093809153
314088249209520130
314088037304897536
314086842288967680
314084415590510592
314083896255971328
314083344272998400
314082991414579200
314082927141085185
314082647469084674
314082372851224579
314072511669215232
314062160219217920
314061073521192960
313924331598127104
313923421635493888
313730557731291137
313423036273528832
313413970734231552
313403842903539713
313380565397151745
313376182546599939
313375835258245120
313375290015485952
313374654544871424
313372389180313600
313363833429311488
313361397859897345
313354435092955137
312521722458947584
312521722022735873
312330447931707392
312329001639239681
312327167969210368
312320642512994304
312165053027737600
312162379020500992
312161938375315456
312153548701962240
311965587754602498
311606280202637312
311600940643930114
311600861728108545
311600512548102144
311600368960299008
311600015732785152
311597677613817856
311587001885401088
311574899061829632
311514061554720768
311361722931896320
311223817236275201
311206908075843585
311126043996086272
311110979062734848
310883851364888576
310780540368326656
310735315587452928
310734364805853185
310693409700601856
310693263793352705
310686818343477248
310671572249739264
310654207340474368
310478712611151874
310450787497172993
310439512956342272
310439307624202240
310438857399234560
310438764075970561
310179576846364672
310176430505992192
310166734478909440
310161523999916032
310017328962228226
309676209095192577
309676171996581889
309452163850063872
309437972875452416
309434611434389504
309427031257530370
309083963081760769
309082749959036928
309075211263803393
308993605861777408
308707308043653120
308674212887949312
308655248690511872
308333217855983616
308331806833377280
308309670324482048
308241120251494401
308240291750612992
307853685495586817
307606928996048897
307578091440574464
307576337483329536
307485709571334144
307481281841737729
307260569340219392
307252756157190144
307248778124079104
307248381502312448
307248147825057792
307247829645160449
306907750938599425
306709212707311616
306509312937848832
306508841024110593
306416999012134912
306414954599313408
306414541586198528
306414439534587904
306414133962735616
306413501822418944
306388726366494720
306139145644953601
306138739971878912
306138385381212160
306138104060841986
306125311110688769
306079674398806016
305953370219364352
305642768624148480
305606743667392512
305606265936154624
305393354051567618
305252216225275904
305251959701635072
305249836444291072
305249283358216192
305248910643961857
304909441675956224
304872961163272192
304872264690720769
304871340870090752
304868942374113280
304867122012647424
304740189849395200
304733103161741313
304728154956767233
304698017699729408
304630453132996608
304629692751835139
304601126626541568
304368738596171776
304367559602499586
304367201383759873
304360945264783360
304357701155172352
304357222077587456
304347148999340032
304286489964081152
304166344306335744
304158373849493504
304014200659927040
304005366339993602
304005153495842816
304004978756956160
304003411148410880
304003269963939840
304003076317138944
304002288001888257
304002106048782336
303998664047730690
303992288047153153
303989421802409984
303928290354274304
303923067233652737
303865062781763584
303842050103709696
303822923863556096
303628944652001280
303591885614772224
303406073187016704
303278643898114048
303263020321214464
303262067148877824
303133455015874560
302918220334104577
302752574266802176
302750805231030272
302547647779184640
302544724051513344
302481847949066240
302468999713787904
302399096881283072
301812392508153856
301766348030234625
301753221716770816
301597572097798144
301097972324786178
300632226620649472
300228364885712896
299816767214206976
299496563183607808
299496179841003520
299496033744977920
299427028250279936
299288568801673217
299287958962454529
298888189970612224
298850143430656001
298560227400380417
298502472949985280
298179415614054403
297114948159541249
297108446115938304
296748424722796544
296395912262078466
296338555196813312
296254285476413440
296222022399324160
296216759017553920
296003955778007040
295647193132584963
295204690927419392
294960813213614080
294941852698812416
294940604176146433
294937719841370113
294937350696484864
294935736153694208
294807232724471809
294757640347717632
294745727752630273
294745247592886272
294744277928517632
294742481415860224
294741784079261696
294741241466331136
294739815545597952
294581037361676289
294483052841824257
294378175604068352
294344850399195136
294116058015608832
294102858805178368
294008240650457088
294006017782591489
294004981135192064
294002423490560000
294001136556449793
293995789703864320
293994150871842816
293993222538137600
293850184809607168
293849860887703552
293842640871493632
293842359177842688
293841487102349312
293825317397729280
293816398122201088
293690235513090048
293476914490904577
293472349263634433
293353823735517186
293141034848894977
293097180493918209
293093019517849600
292555184964513793
292553973980856320
292553451341225985
292540900578586624
292540546029846528
292393263674040321
292310676117004290
291951617685741568
291949514644934657
291948193485307905
291590904320499712
291590634438012928
291484928170938369
291317553677099008
291315012486705153
291289542256898048
291122957663731713
291119037289725952
290949494332325889
290882297916440576
290881346811867136
290880611164508162
290880546962280448
289760115777757184
289742813397151745
289686804699963392
289513717505327104
289364318544334848
289274234205765632
289139938274979840
289136212294377472
289045171469963264
288945338830712832
288780040899031041
288778529880023041
288774980316045312
288752632120635392
288601488601804800
288595318000451584
288355172613230592
288344901266059264
288343106796007425
288268571241480192
288244208664461312
288201958257467392
288201900954877952
287883093220679682
287869125227851777
287868377450569729
287567713751150593
287146206315020288
287111094147895296
286942484519591936
286927466059161600
286781782538465281
286728335998996481
286485602008969216
286462382232981504
286414500809293824
286413535628636161
286243554689429504
286070192147136514
285901688076914688
285900854236688384
285900546974547968
285890876083945472
285890594419638272
285887357574586368
285886821903257601
285885523036348416
285884984416407552
285884768686596096
285813486636912640
285812855603884033
285782110646726657
285748105113116673
285736094698467329
284445829387911169
284445545592926209
284392991186116609
284043076291403777
284011482876878848
283580727235317761
283579834557415424
283254379501473792
283203057427288064
283195761162858496
283152090665213952
283130683747086337
282979329019895808
282975499662270464
282971585042845697
282967072978374656
282966814059810816
282966052751699969
282611476643082240
282610616018014208
282610298047852545
282603849141862402
282602762137649152
282589647962505216
282583607413972992
282581683130220544
282575573748944897
282575015042510850
282432470899646466
282407894488596481
282194669583081472
282193626770071552
282189373783539713
282189167079858176
282075451571195905
282035930532044800
282032153523523584
281885516008394752
281884845628592129
281883662344130560
281883044326039553
281875193008365568
281782879841828864
281740235098951680
281712773765943298
281489058256019456
281451673061302273
281450480117350400
281391956863639552
281389012533514243
281304868805832705
281301400862998528
281189524321755137
281183234874822656
281182368138657792
281179014780047363
281176194374848512
281175612410970112
281174344229588992
281171753466753024
281167018307227649
281144334391320578
281143401238384641
281140847754485761
281140523836788736
281090810408230912
281074552103133184
281008357727432706
280739369516666880
280730143411015680
280718081259626497
280696428454625280
280674168045985792
280422058930884609
280408714471686144
280407050259931136
280402377528446976
280398169546821634
280392768029863938
280392570834649088
280391618996084736
280390837937008641
280387689268801536
280236841863626752
280094220100988928
280088879191711744
280012267267952641
279858476589666304
279658756281864193
279637922691575808
279631516429070336
279630753023803392
279605442445991938
279298271229390849
279215436569145344
279123886065467392
278968395255398400
278904562851672064
278904255715373056
278873996081131520
278873277080952833
278859381439868928
278559327311245312
278549119662952449
278516907043348481
278510244676640768
278507750340845568
278435438501449729
278434841471639552
278434128364453888
278383460391989248
278383202203213824
278381493481504768
278381225222234112
278281802722975744
278281010863546368
278280808157048832
278280022110904320
278278882153611265
278278047419990017
278261287018954752
278259754609025024
278133492905308162
278091705020997633
278056359327567873
277749614336159744
277748391306481664
277747512436203520
277722663655456768
277114335069888512
277109522881998848
277106631014240257
277101979925348352
277030398058430464
276827740819308544
276826582620979202
276795941900673024
276763181215514626
276760639240818688
276489481232728064
276460630586839042
276458731255001090
276399071273570305
276317101420064769
276314279874007040
276314160382480384
276313436772790272
276313046329212929
276312823938838528
276312490135142400
276312231686320128
276311519636107266
276311301666525185
276310532779307008
276308404610412544
276307678932905984
276307502264623105
276307204183830528
276307046092136448
276306723000688640
276306540640743424
276306254765363200
276305357318524928
276305037960028161
276304524887592961
276304271568429057
276300522728865792
276296463590502400
276073318107475971
276041916930469888
276022095996133376
276018223839858688
276015621332926465
276015120692412417
275713754954616832
275711947691917312
275711629713342464
275597250808385536
275557734202626048
275175072107479040
275163140570882048
274906651360899072
274879922957336576
274878046748684288
274836344176513025
274446441806708736
274153095263555584
274152017797189632
274151805364080640
274151152042516481
274147476758462464
273909433745174528
273908894751944704
273899831217512448
273899601239629824
273842501792702464
273749003026440193
273549197800771584
273534385159041024
273434528876466176
273434350790512641
273416966922981377
273403685537730560
273393485887975424
273393202134937602
273381151232622592
273372388907945984
273367836662063104
273367062947188736
273363559730257920
273361741331718144
273328240909754368
273205540040081409
273188465993207811
273188115261308928
273141025734803456
273139261270790144
273105909151055872
273084590531416065
273075792915873792
273063755242405888
272937025093660672
272079717476229120
272077897135689728
271761037123006465
271612845899264000
271606825244319744
271593744942374912
271588056824442880
271587451561189376
271390518750093312
271384092350742528
271381108657094656
271318383134400513
271317350899396608
271316973630144513
271040686999097345
270998811005038593
270972215091163137
270971913310969856
270951388362727424
270933687154122753
270885451487932416
270881740485181440
270867187491823616
270652024515862528
270595963230515202
270555438184013824
270448535189721088
270233231826243584
270207561062547456
269540791519678464
269154165517869056
269072975221882880
268981438509117441
268966988565581824
268946927943561217
268946404163072000
268924562304020480
268914194823401472
268907809901539328
268903009709355008
268857131300691968
268806210214567936
268677273941598209
268586526424854529
268541890436157440
268518881931436033
268517137600090112
268474766195843073
268470944002084864
268470492262969344
268455718301073408
268189201831440384
268028594117283840
267923148140339200
267899872030625792
267410842730000384
267410616984150016
267384616137138177
266963072952983553
266669751588249600
266661580421357570
266654016161845248
266638463628087296
266269342763737088
266269309985239040
266267631466729472
266149879896743936
266111876553924608
266097749785726976
266059049903202304
266058584155123712
266040141020270593
266036898491940864
265958233578037248
265901850119790594
265572549201653760
265572090873278464
265515070216347649
265483292856422400
265482101204324352
265449028202946560
265448281658781696
265438366395416577
265436441444765696
265229723637006336
265056255402450944
265035657414586369
265016897366532096
264996179455115265
264794686672220160
264791135111741440
264772763158462464
264677010767499265
264665524057804802
264503065208573952
264472022183211008
264453423133491200
264453186620903427
264429917322752000
264360831821701121
264281778523615232
264149878609956866
264149727262695424
264083233749209088
264082647754608640
264078629770768384
263796454513061888
263795787434164224
263794527528173568
263794312398139392
263793404100612097
263793076877803520
263792818277982208
263792172342583296
263766906044047360
263758393473376256
263746484464398337
263726621251497984
263725381683666945
263724988438310912
263723191984336896
263721289980710912
263625943078289410
263601496749383680
263600198985605120
263577204062052352
263574704982482944
263557853162397696
263392944696987648
263392899205574656
263381888893345793
263331446754791424
263266087129460738
263264641726173184
262176885558091776
262124090708590592
262102774068690944
261938348506112000
261927870367158273
261844483983953920
261817177563336704
261777857624305664
261629389819764736
261585472105635840
261585304039849984
261584733434159104
261568691936833536
261530862603096066
261458885305589760
261195237433675778
261153170284216320
261085218755182593
261040241002037248
260864027595505664
260854580412297218
260519235908931584
260484909699837952
260273756587569152
260135491423309826
260129478926282752
260107196623376384
260095014368055297
259619440876986368
259603574470893568
259596922053087232
259591123050307584
259590806225170432
259351114078621696
259350292615811072
259066461610459136
259049217903976448
259016842797002752
258963455841816576
258960233118969856
258912444049657858
258897681487912961
258885915139772417
258881018814164992
258872707561697281
258800106684420096
258710189874741248
258699332021264384
258699118925475840
258697670619693056
258697529129058304
258696809055129601
258695472011673600
258694235631529984
258693115077091329
258688350301605889
258688081161515008
258686978386690049
258686534126039041
258685876450770945
258685082431262720
258681563712196609
258681338914299905
258646909751812096
258638391938281472
258632406347702273
258613526833274880
258606112436273152
258427270958563329
258332727567347712
258331396232327169
258330876591632385
258330405432877056
258329582988587009
258329447894224896
258328730987024384
258328542855712768
258327819719962624
258327663419199488
258327462159732737
258326706409054208
258326483410493442
258326221736275969
258325659322023936
258325022060453889
258242525029076992
258193909849665538
258191173607358464
258184311637958656
258128698241327104
258114648136617984
258113861926940672
258113825117728768
257959401967738880
257950017002823680
257798219172560897
257786167376891904
257761733697998848
257460751512526848
257429802196283392
257381460670050304
257226762457591808
257081833953579008
256862351360409601
256862211606192128
256860831881506816
256860634447245313
256805108015329281
256760218434822144
256752029916078080
256738909323673601
256500147549265922
256500023393652736
256490436854702080
256386883024723969
256383004912529408
256372621283819521
256372318882906113
256372262213648384
256372050262884354
256360079408906240
256358574140305408
256358541898694656
256357353220366337
256151878444933120
256021021080043521
255966284410392576
255794293824974848
255789643767894017
255789220227059712
255788708727500801
255786141071052801
255786081025404928
255784334420758529
255773963765039104
255773866864046080
255773396258942976
255686423645130752
255663020112498688
255580545294139392
255559119283576832
255557427565559808
255538195079524352
255537844116918272
255536426567995392
255526144051384321
255440273977532416
255439698061832193
255432820355395584
255432424773783552
255432259845365761
255429953359867904
255400574042923008
255390977710231552
255390700017946624
255386357432729600
255386005710987264
255384757590958080
255358183877509120
255358010065580032
255198362175946752
255197586355527680
255065446720614400
255050164920803328
255049401930772481
255049275879325697
255048482224738304
255047955210452992
254602107854942209
254567020119601153
254565470114549760
254564734463008769
254376004515155969
254344317668306944
254344209040023552
254343096488300545
254323751209009152
254322275313127425
254258113794949121
254182371107160065
254181835549065216
254122223521128448
254113119733960704
253979165961887746
253953701797060609
253936483508043776
253914418100989952
253848475618385921
253758734348738560
253743126093635584
253623151978762240
253427991512743936
253414767983742977
253371327778525186
253220486333485056
253174754247335936
253173676835495937
253172900801155072
253151285715533824
253145518883098624
253142552117665792
253141298700238848
253139542788435969
253117401707716610
253006046979837952
252811873811066883
252806582524604416
252801801009643520
252758269691588608
252488433145106432
252376924016492544
252374981143584768
252125253210361856
252120498627031040
252115958997602305
252114472020344833
252113526418702336
252109892826062848
252108025823907840
252058205050507264
251994400194957312
251819688831635456
251818965339365376
251818647344001024
251818040998645761
251817773699837952
251817159959920640
251816913032843264
251805093203152897
251627706905665536
251435771834277890
251413092423049217
251412889573933057
251372003305586688
251349912011276288
251220165428121600
251097432769843201
251084940337356800
251077356838608897
251040502386917376
251040070428160000
251016195803865088
250974603294420993
250692631351414784
250656459078111232
250647933756788737
250643248236883970
250579367292456961
250323799998877697
250169648920809474
249627204827373568
249586554908057601
248686054385803264
248679072073404416
248558510823051265
248544877657354241
248521547885727746
248521209610919936
248520234724626432
248517957402128384
248496972196085760
248375686211964929
248374308454400000
248367311650689024
248009618859646977
248008104510373889
247971895314640896
247682160469889024
247630078429782017
247627558038929408
247580765871800320
247457280105254912
247457173708357632
247456866253291520
247453137202450432
247373049857445890
247372711742025728
247268540837670912
247035404262453248
247034427262259200
246911545865539585
246686022467997697
246667546097487872
246615512266711040
246614918651056128
246553273648181248
246553153019977728
246547113536786433
246541627181641728
246528048038559745
246369836362510336
246318181298352128
246302937129820160
246302335314317312
246302086545960960
246301421631307776
246290020288299008
246256920615350273
246199633976627200
246197430285119489
246195711073468417
246009806668836864
246009453365833728
245982471269781504
245918317959860224
245918089202520064
245908959398072320
245881449302085632
