398187832151265280
398143763442589696
398143387737804800
398125243442536448
398119889795182592
398119169943941121
398118462255403008
398117908993146880
398108221258211328
398103368301674497
398100954991435777
398089038282096640
398088681271361536
398088388344954880
398087797048750080
398087362304950273
398083132890423296
398082904167047169
398074048493518848
398073262048948224
398070889595822081
398070463664226304
398069585230200832
398069090189066240
398065838747824128
398065446169374720
398065019507998721
398063417741049856
398062892010176512
398062032932843520
398061253631164416
398060439936172032
398058682510225408
398057767459897344
398057254018379776
398056547294511104
398056195916718080
398053333002231808
398052972577710081
398052047297458177
398037240146042880
398036894824820736
398020623680962560
398015026470346752
398014961219153920
398013523579523072
398013106023981056
397771427501580288
397766871157866496
397758806832480256
397758084195811328
397757754485784576
397756666412023808
397755806567108608
397746576442937344
397743645819813888
397743205598261249
397742911653048320
397741132349571072
397740843752103936
397740532392148992
397740295745331200
397739654172000256
397738961944076292
397738287764213760
397737253465645057
397734021993484289
397704910743273472
397704463290740736
397704148273364993
397702810680459264
397701394381438976
397700616602263552
397699663345618944
397698636026347520
397697978011357184
397696119947272192
397695139847487489
397693860388036609
397693640119570432
397693094620983296
397692234214014977
397691711323144192
397691635766923264
397690504235610112
397689489692557312
397689256312729601
397689073499766784
397688339328798721
397672882396221440
397668382440689665
397668249762271232
397668045256400896
397667102842056704
397650782599655424
397648799277260800
397383125426126848
397382221763321856
397379162232459264
397378034610630656
397373281163956224
397373096794927104
397372339614003200
397355935464574976
397318744873373696
397305518688976897
397303951445737472
397303166313988096
396714575527018497
396688657177784320
396687292107993089
396686337035608064
396600503573835777
396594609175818240
396593762194821122
394764826540802048
394763936353902592
394763174991257600
394760699735711744
394760512052817920
394757866688884737
394751931672825856
394751063883935744
394749536473989120
394749286589554688
394748309773897729
394747311969927168
394745604649148417
394744640416407552
394445015340310528
394087415184642048
394021770677600256
394017172693221376
394017074592616448
394006633237331968
393735871381643264
393725797069889537
393697199852224512
393681620089065472
393678787704922112
393678324968742912
393676573234458624
393676445123620865
393657858795241472
393642059984158720
393495767702188034
393490367523192834
393490179870035969
393488434540474368
393487286970892288
393487004815880192
393485925613060096
393484745910530048
393431715190149120
393431665529614337
393429645527629824
393426179245342721
393425368004063233
393393155124756480
393367505571299328
393366162823593984
393362181011419136
393361051162804226
393357009976053761
393341515499835392
393332360835387392
393330348697743360
393323582438129664
393323308109680640
393322615231619072
393322216764354560
393321930809286656
393321521953140736
393316649543405568
393309178397069312
393295511257899008
393293276683714560
393292448044441600
393292397935091712
393291988961095680
393280835773677568
393260341674508289
393259699300073472
393109118388826113
393067390474268673
393052562683101186
393052555888324608
393051250511839232
393050671634972672
393050398636142593
393018242819575808
393013047830532096
393009082358960128
393008725327220736
393007899250667521
392994543689531392
392994514950176769
392993421759356928
392988575010017280
392987831406047234
392987103065157632
392986438309920768
392986135015591936
392985656500035584
392985205381664768
392984612256751616
392984051738374144
392983718186348544
392983192464277504
392982405071769601
392977258081947648
392976651455590400
392976212043501568
392975680960729088
392974915793866752
392973241931022336
392972822710337536
392972517927051264
392971950571937792
392971610518720512
392970884027535360
392970714107887616
392969715758678016
392969381044838400
392968702607773696
392967168662335488
392967033869975552
392964864345251841
392950223414513664
392950019747483648
392932956878430209
392932899089301504
392932597627506688
392925946371514369
392924496379650048
392920860471734272
392878419974705152
392730270455332865
392730223151964160
392727124517588992
392664912419250177
392661823364689921
392656499442331648
392656248782721024
392654562957352963
392653236957499392
392650072670085120
392649492627226624
392648348333002752
392648070699442176
392647464563769344
392647287203041280
392646402813083648
392645322742452224
392644295939067904
392643469988364288
392643104991641600
392642107976200192
392641874873565185
392641326694801408
392641038403534848
392640589633974272
392639835800109056
392639585211404288
392639018741288960
392638665878290432
392638316719652864
392631259978948608
392630752397250560
392630358270672898
392621388588003328
392618922274717696
392618651536609280
392615037371965440
392614493211348992
392614183873052672
392613869216358400
392613539200126976
392599848974704640
392595974948159488
392595427503001600
392575246756089856
392326579474665473
392326156097028096
392326014875222016
392323802245234689
392323773631700993
392323113070772226
392301983303864321
392296604864376832
392283653889200129
392282355681214464
392282339356999682
392281448670957569
392280034427146241
392272854076510208
392270938479149056
392250118084104192
392245892146667520
392244509012402176
392241785025466368
392240100366491649
392238497152897024
392238264629088256
392238237588398080
392223515879157760
392222824016121856
392221812601667584
392218619327049728
392194783914909696
392191741689753600
392006203343007744
391984883678994433
391979355296915457
391976030799269888
391862900043677696
391861155645239297
391860640324673537
391858767525978113
391858214901272576
391857532245118976
391857396043108353
391856817539526656
391855778673336320
391855344206774272
391855285473525762
391854967012593665
391854190806310912
391853808147378177
391853593353273344
391853537979674624
391853234983145473
391852927918149632
391851166323068929
391850866430324736
391850454789152768
391267841775009792
391263806804230144
391263786725679104
391261166887911424
391257082453700608
391256784452587521
391242713309646848
391204439518105600
391203016181039104
391182626914316288
391180664785350656
391179310180368384
391178299898359809
391175582832406528
391174877967052800
391171884051476480
391170480217931776
391169190502993920
391168630550847488
391168233429925888
391167881888542720
391163915347841024
391160719577972736
391160492921610240
391159185737777152
391156708505944064
391155905267372032
391153355286118400
391152847212924928
391149839138160640
391149295325286400
391149186777108480
391116472388304896
391112785695760384
391110991586402304
391108309232517121
391107585429864448
391106629451517952
390945916368465920
390912275977994240
390911426392367105
390871039674441728
390863305394237440
390860980193730560
390855180855812096
390818278257725440
390771806698631168
390758564936966144
390757409209069568
390756496859869184
390754848376766464
390753975311400960
390748350762323969
390747372994965504
390745516121665536
390744723746344960
390734525908914176
390721253339701248
390516043162341376
390502359878893569
390502269663588352
390501778820579328
390444799599583232
390444351991844864
390444061183582208
390443098251476992
390442435861827584
390441654995279872
390441053611782144
390440543576010752
390439944574881793
390439133966901248
390438653480009729
390438009545310208
390437899302211584
390436232385548288
390435743476092928
390434736679559168
390433614808088576
390429676658626560
390407420486242304
390403499319513088
390402536722558977
390401823846039552
390385342806642688
390384802953572352
390384549135282176
390384059903262721
390382704874643457
390381910859325440
390189886981943296
390188555282436097
390188294958772224
390143859562655744
390141152370098176
390121798169559040
390116800056156160
390115937426227201
390115702436134913
390113872134148097
390113275339223041
390113072234250242
390112309999198209
390112069690728448
390111613635670016
390111398560149504
390111052907565056
390110460785078272
390081918022451200
390081829996613632
390076219896500224
390068824093245440
390036687486603265
390022171008835584
389772658910298112
389769455976214528
389768599767760897
389767122500726784
389763337069674496
389762783098576896
389762402545176576
389758349647945728
389758076200296448
389757736650436609
389756776507117569
389751195205505024
389749053593903106
389748418395914240
389744940147683329
389743098755969024
389742603597398016
389741941987897344
389739495983022081
389739156529639424
389724394576433152
389703119874961408
389702049085935616
389696425497346048
389691455377137664
389683764814966784
389661715115171840
389660835045322752
389656815442481152
389325832428474368
389324237066211328
389323777324384257
389321938335969280
389321519463432192
389320839646445568
389320508766179328
389320149645660160
389318339618942976
389316720739237889
389314900105134080
389314131167555585
389311661200666624
389079370465177600
388711924894269440
388683419359916032
388683379736346624
388672816234897408
388659690080849920
388579525027987456
388574413362176000
388572825306398720
388571568273510400
388569034016317440
388568465130258432
388568238558162945
388567777214099456
388305811044564992
388293466780090368
388287312053805056
388286127238807552
388285262851092480
388284439974793217
388281728411787264
388279651899944961
388278612886958081
388278373408972800
388277349378035712
388276061425115136
388256509035298816
388256269335003136
388254334561296384
388254235663814656
388253340796485632
388252552997138432
388251897381265408
388251603113099264
388250884125511680
388250528398192640
388250027636035584
388249047485935617
388247755606736896
388246782570135552
388245031662157824
388244533332688896
388244319687413760
388243391387287553
388242839005855744
388242292550926336
388241728958107648
388241369682415616
388240994841690112
388239947209383936
388239563015327744
388238908611637248
388238585109159936
388237839785529344
388237656368627712
388236769550155776
388236507259351041
388236117658841088
388235817619304449
388234960324542464
388234760851816449
388234695429095424
388223425128701952
388222676239912960
388206276666081280
388035771115913218
388020908247375872
388020326967169025
388019956983410688
388017560668471296
387964920005799937
387964217011490816
387963661068693504
387962130529415168
387960761110122496
387958830690082816
387958672829468672
387958539505111041
387958504302333952
387951790718603264
387948731040923648
387946434135212032
387940142444314624
387930937347960832
387930033278296064
387928851528941569
387927458126626816
387914277983498240
387912346842058752
387911846549651456
387911333905068032
387904609714704385
387903738624868352
387902418165714944
387900100594663424
387899690475618304
387899243555745792
387897992344522753
387897662567378944
387896259501359104
387894991403491328
387893895863889920
387891208380370944
387889090302992384
387886027438030848
387885376586940417
387883993829761024
387875340166893569
387854352662024192
387854050177216512
387852337366056960
387637746740629504
387585021756047360
387582829695369217
387546761608572928
387546727164956672
387529945708105728
387527836182913024
387509953843314688
387506079510196224
387505502974144512
387481962253795328
387321539864977409
387314830119813120
387313571748519936
387312147136409601
387310917593354240
387309878978830336
387270287576039424
387263392819322880
387263059082747905
387258258815074304
387255505476808704
387248015750078464
387246235653918721
387244386741800960
387243498333671424
387242697049653248
387242399371501568
387234000852746240
387228790210195456
387228427587452928
387228132656545792
387227813830737920
387218041953468416
387217091549331457
387216029618671616
387215776786022400
387215351361978368
387214139128442880
387212776646537218
387212428217294848
387212010095517696
387211363681980416
387210810994327553
387210546023374848
387209553009328128
387209237450854400
387208668392857601
387208328805249024
387207975208628224
387207577257259009
387206050266361856
387205867407286273
387204731296178176
387204492900323328
387203558270984193
387200692504387584
387199688106967040
387199401497591809
387199040690999296
387197708978511872
387196681671811072
387196461219184640
387196293581271040
387194864816779264
387194780347682816
387193709680263168
387193216203620352
387192329943015424
387184020758331392
387182924811882499
387182422778847232
387181928593367040
387181575449747456
387181274223222784
387180963882491904
387180761012387840
387179826416611328
387179353580113920
387179107303186432
387178544775716864
387178395835969536
387177778149208065
387177027050033152
387176250235580416
387175155484487680
387173681010462720
387172555208921089
387169519422029824
387169036766687232
387168680011780096
387167551991459840
387167401931845632
387166850691235841
387165753192882176
387165455904821248
387163483805995008
387162020342034432
387161146047737856
387160120267771905
387158938241617920
387158670519189504
387158291974856704
387157276668071936
387157060808228864
387155804337360896
387155140790079488
387153025413816320
387152306048733184
387151930155212801
387151790283567105
387151001116889088
387147712862248960
387147364797927425
387144402369388544
387143341218873344
387143160113020928
387139483407106050
387130539502616576
387129597721968640
387129367844749312
387128201211686912
387126016290062336
386810159072178176
386806168795881472
386795546809077760
386794585784987651
386790543709044736
386786622059986945
386786023654436865
386785055638433793
386784463461441536
386783413039951872
386783134013865985
386783046088667136
386782917092855809
386782562464460800
386781138460475392
386780068552269824
386779157113237504
386778229907804162
386777754290487297
386777238600835073
386777071868854274
386776884534444032
386776504157216769
386775989130252289
386775554583588864
386774909055016960
386771099997847552
386770762608025600
386770306754297857
386769806080237568
386769352768229376
386766745723080704
386135301149962240
386122059668934657
386121801803132930
386118679382867968
386118417700245505
386118340109819904
386117279148032000
386116770110525440
386116168492146688
386114858128650242
386114432704593921
386113867350171648
386113671866241024
386108240301268992
386106768670986240
386102161387450368
386090632734707712
386089166343139328
386088611273113600
386067184297848832
386067112256491521
386059801773363201
386054051047030784
386053045634625536
386051010700906496
386050514837725184
386049307947696128
386048082359492608
386047742725726208
386045693485256704
385803776311185410
385797114309382144
385791332520058880
385749569616633856
385747010281672704
385745750878978048
385743865342214144
385743770781638656
385742058654138368
385741306057601024
385740175508135936
385739261216972801
385718165369782272
385717839484944384
385685064194871296
385682239251423232
385478134168305664
385425148045950976
385423209237323776
385414002500571136
385391343058427904
385384302764380161
385383338254823424
385382710833053696
385374919988506624
385374218268839936
385373268225433600
385371814299320320
385369826824179712
385369189860401153
385368913552224257
385368215561322496
385366845953277952
385366455702659072
385364307577278464
385364176454942720
385359910370045952
385359160541716480
385358483593654272
385358106320191488
385356940664397824
385356510337171456
385355833246490624
385355075398672384
385354761413066752
385354283321131008
385353326491336704
385353162754105344
385351279041859584
385348268710199296
385346574781804544
385340480357412864
385330670890782720
385329989299605504
385329238473060352
385320035012444160
385319929227907072
385318212562190336
385152377726070784
385151299127214080
385149218794389504
385109263674511360
385103316503375872
385099015895150592
385074051359596546
385071901518733312
385070727273005057
385069604290056193
385068512105873409
385052203482107904
385051920207192064
385046798512820226
385044754494287872
385040274990198786
385040155473485825
385034329262280704
385029820645507073
385029782414442496
385020187839180800
385019613215342594
385015908374040577
385014019506974721
384997864780222464
384994338096173056
384993909094367233
384992946757435392
384992376583753729
384984018925916160
384983219957137408
384981970012622848
384980717278883840
384979546568945664
384978994602721280
384978293394776064
384977703776288768
384976165834072064
384974927683936256
384968297327783936
384965382714298368
384943280971988992
384785250142130176
384772551731195904
384772508299165698
384744638881349633
384744221850087424
384744000768335872
384739791012524032
384739449906536448
384738864624959488
384737864501575680
384711506962575361
384710961388466176
384708864819470336
384704392038850561
384698583200436224
384697013733847040
384696107223093248
384695222052982784
384694110205919232
384692326091612161
384687254829948928
384685836987412481
384681493882085376
384680953949343744
384677634929864704
384676461598474240
384671994685313025
384671351874654208
384671327358951425
384670785454870528
384640979317555200
384640489968128000
384640388637949952
384638755258519552
384638403318661120
384638207352389632
384635772735070208
384633686073024512
384633398675124224
384628537895833600
384627379890429952
384620682853642240
384619996392849408
384617417638305792
384617144484261888
384616475505340416
384615635289792512
384614559639547904
384604944533184513
384599453060980736
384594940526723072
384372397937152000
384364646448132096
384358768433049600
384356565995626496
384287642780569601
384275367654989824
384272452412387328
384269516080820224
384264957711220736
384264244633419776
384264159224795137
384261052319281152
384260463048941568
384259952358862848
384257647785947136
384256452191211520
384253810513674240
384253117388189697
384252694514245632
384252389370241024
384251079581384704
384250718359535616
384249223266328576
384248128003526656
384246811415683072
384245913490698240
384244977061986304
384241580208427010
384241135725445120
384240535868674049
384240322714144768
384240091608010752
384239417251995648
384238854456111104
384238617809276930
384238324107325440
384237575344381952
384237029862539265
384236133078409216
384235358356918272
384235044492963840
384234624416636928
384234435551301632
384233708552605696
384233001090969601
384231255383867392
384229005362081792
384227974502830080
384085330112294912
384065671812087808
384005716169588736
383987859726028800
383981763804278785
383974850710491136
383974755227148288
383920703084699648
383910522682613760
383895393735819264
383894133204873216
383888095625904128
383697111105019904
383693839451426817
383692983469490176
383639120402083841
383636643908825088
383636001228218368
383635501552381952
383625871770148864
383624700233908224
383615536912809984
383597177030713345
383594802802999296
383593228894613504
383593202197868544
383592722428207104
383589096586616833
383575937163341824
383568538113302528
383512730444918784
383511372522192896
383510722652536832
383507739474788352
383506097035685888
383504614475063297
383503920238043136
383502119723999232
383500359403982848
383499590713892865
383498668650672128
383301946754756609
383273044652720128
383269220433145856
383268498220126209
383266129046953984
383242396147798016
383236063767953408
383231966335614976
383226523638964224
383176931950485504
383164234416148480
383154374630862850
383152944536764417
383151397715206144
383150678517882881
383150547496226816
383149207302848512
382941039780433920
382928315021262849
382928262961561600
382926912303407104
382895878677487616
382891450436177920
382889116691865600
382888059165233152
382885106220011521
382882005522071552
382873073042849792
382871678529069056
382871121701654528
382870769669525504
382869594907901952
382869102601461760
382868621485428738
382866421119979521
382866303062904832
382865519726297088
382849862015799297
382846266603876353
382845603761254400
382841590483410944
382840777312727040
382840502904582144
382839701217878017
382818204458184704
382817879693209600
382809058400419840
382796922831917056
382796878087077888
382795515043143681
382794597589463042
382793378024259584
382792512059895808
382786233232920576
382783153556836352
382754014779027456
382739623379607552
382739344143814657
382735149302960129
382635969343520768
382635257591123968
382631160569790464
382626411543937024
382625226002931712
382624034342465536
382607642549432321
382590535615000576
382583516438867968
382582099661684736
382579146473607169
382554104406736896
382550299753586688
382548634795261952
382547860254101504
382544094620565504
382542139500290048
382537249763508225
382535787406848001
382535090305126400
382534448635342848
382528328952856576
382527563970519041
382527058007441408
382525534917238784
382525036633923584
382524296477700096
382523467460902913
382522600108199936
382522264605847552
382520904862822400
382519698425786369
382519186724909056
382518333213392897
382518294613213185
382518052945793024
382516963332722688
382516593055391744
382515244590841856
382514901400293376
382514824774557696
382514696261103616
382512756760805376
382511197666697216
382510592747372545
382509977807888384
382508233849835520
382507020118925312
382506031156572160
382505558777294848
382504461266325504
382503955374559232
382502409299578880
382501858755248128
382501295346946048
382501154774876160
382499835179724800
382498802948898816
382496038713823233
382494902732722176
382492141010055169
382487653746098176
382486834736934912
382460456012488706
382459395113623552
382457868659593216
382456368374222848
382449084663336960
382448817867862016
382447670646018048
382443330363068416
382439150869159936
382431921482903552
382430929018310657
382430058469527552
382428341480873984
382403961463926784
382264142419066880
382263465584254976
382263352954601472
382263142979350528
382262648756121600
382262308904263680
382261954007425024
382260964910829568
382260337140957184
382260034094108672
382259896864870400
382259067432890368
382258633490178048
382258188428394496
382257011947470848
382248912754868224
382245538240147456
382228955786252288
382219991535198208
382201282767114240
382200539481919488
382199673509122048
382197960857358336
382197859564941312
382194940996251648
382194578411233281
382193818785026048
382193111365353472
382192458119254016
382191328412856320
382188328885690368
382173507750068224
382167659778830337
382157949788889089
382149272210112512
382144893985898496
382109973552967680
382109150777323520
382108469555245056
382106021310648321
382104865930878976
382104825556508672
382103681417486337
382103299320602625
382102496367214592
382091355435970561
382090875024601089
382087850285490176
382064837339013120
382064486519037952
382061670094221312
382061114034372608
382006819033317377
381870024937717760
381869906452836352
381846220316352512
381844530376753152
381844026334674944
381843543922597888
381843044469067777
381841931531464704
381841620569948160
381841151084740608
381840418742493185
381835456151027712
381834417188372482
381834050576846848
381833476158529536
381831787280105473
381831348845293569
381789481395032065
381789000299986945
381782897700917248
381782220283084800
381780411120386049
381737245616533504
381736551341776896
381735817325973505
381735234070261760
381734314485882880
381728359337582594
381725699460980736
381722435684278273
381721446474465280
381720250581921792
381720052694671360
381718655018348545
381715429846036480
381714649328005120
381711291972190209
381710929190076416
381709786909130752
381709003761266688
381708860878110721
381708393041231873
381707853871845376
381704177488916481
381703812425064448
381703777905938432
381703012298661888
381702493618442240
381701845493637120
381701471365910529
381701045753098240
381700210860126208
381699607547215872
381699448222388224
381699075550085120
381698420341092353
381698036000243712
381696449173409793
381694923134607360
381689415782785024
381688878672785408
381687571991912448
381470893501067264
381096812666699776
381063222692184064
381037080974860288
381023603048710145
381017104037597185
381016884415442945
381016527245291520
381013196556881920
381011824855904256
381011202941284352
381011013442629634
381010389300834305
381009699107115009
381009541871054848
381007774575906818
381007438943485954
380999990887608320
380993801374154752
380990625979461632
380972615801663489
380970065002131456
380810798014406656
380805885104500736
380804027409526784
380803239538872321
380757256335540224
380729305535246337
380728759185190912
380728292283674624
380728191872028672
380727859620237312
380688179608559616
380649444602961920
380646763985530880
380636557994360832
380625418895622144
380617588562083840
380609931738492928
380605493791563776
380604920002400256
380604075378622465
380355954833108992
380354413548044288
380353756380274688
380350907839291392
380347993146134528
380344184017674241
380343905427783680
380295589491003392
380290523619024896
380290178507485184
380289039917531136
380253612212903936
380252107313385472
380245673603383296
380244803822182401
380244237003943936
380243570600337408
380242628354121728
380052164561092608
380051940346191872
380051659990528000
380051178178248704
380049645059461120
380048821730177024
380048255725625344
380047980151463936
380047660977508352
380043197374038016
380042760814092288
380041817141825536
380041532939993088
380039495837843456
380037748486598657
380037116883128320
380036363170906113
380035802807664640
380024285265289216
380022109663428608
380020588456054784
380012748802760704
380007600198131712
380006796217176064
380006321522614272
380004350023569408
380003055757840384
380002781978849282
380001836779843584
380000734353174528
380000521169285121
379999688276967425
379999360311767040
379998881141899268
379993632138199040
379993170563440640
379930468713377792
379889076398477312
379884497635799040
379883563094523905
379879977459523584
379879758542024704
379686720578396160
379680110393057281
379679588093161472
379666348550684672
379662557700960256
379662081370624000
379661482780528640
379661304916901889
379660863667712000
379660434871451648
379660059065982976
379659622225047552
379659196620611584
379657616487485441
379657389823123456
379656940277624832
379656578032357377
379656181729333248
379655703503187968
379654345827966977
379654170904502272
379654004638097408
379653416030449665
379652956531855360
379651779970883585
379645930422546432
379645607809261568
379645158452510720
379642760656977920
379641450561933312
379641073208807424
379640119533137920
379638178228867072
379637487477350400
379626481841750017
379624783081525249
379622971360292864
379621534077169665
379618551708934144
379617520606404608
379616756928499713
379612352221437952
379609903871979520
379609534689329152
379608532363923457
379607345052925952
379605556027068416
379604857272803329
379604728360873984
379604109717827584
379603787473629186
379588032883482624
379585792365977600
379585319072329728
379583309619032064
379579061816664064
379578786393505792
379578457492963328
379578029866905600
379577999340732417
379576321216507904
379575137718505472
379572706456653824
379572573178462208
379571788352851968
379571582504804352
379571021877358592
379570640015360000
379570138649219072
379568694252539904
379565671098494976
379564211602341889
379559212793098240
379558563422556164
379557322605219840
379556340584448000
379556055917002752
379555203026264064
379553720776028160
379553704422432768
379549789106352128
379548642366865408
379546884613763072
379545956762390528
379545554872594432
379540110062006272
379524679322447872
379519020354920448
379512732006883329
379508252909645824
379507683822276608
379494476567150592
379326733880926208
379314245990494209
379313948744355840
379313669269499904
379313193069195264
379312817964191744
379312257160589313
379311732914520064
379303659315933184
379302512379326464
379302288311205888
379301101306392576
379300051304333312
379299525346988032
379297904906993665
379295601604976640
379295466460286976
379295412110503936
379294934849060865
379294718594928641
379294269120720897
379287666157957120
379287495793725440
379269547296948224
379226903883694080
379225160944873472
379223053080621056
379222749459120128
379222395917053952
379221844613533696
379174896812974081
379157999211646979
379155133772206080
379154967874912256
379154758088400897
379030720452509696
378922967008161792
378905274372734977
378905205560983552
378903960771239937
378903510483357696
378898243112804353
378896844761210880
378896107129950210
378891292429668353
378634701071585280
378546999630364672
378541030754107393
378500794493857792
378497077400969218
378491363756486656
378456325488771072
378455334420889600
378453108151418880
378450642424975360
378450168619614209
378449401477214208
378425447010152448
378422517297213440
378257493744680960
378236557544546304
378234752949428224
378234076030717952
378233379461689344
378227594715340801
378227236492439552
378226529072730112
378136001459142656
378128305628516352
378121356711190528
378119298503282688
378118787951644672
378114769753890816
378111043332886528
378109663385886720
378101849628626944
378101480018153472
378101215462436864
378100376463216640
378099962388942848
378083621212782592
378083575889133568
378071868697108480
378068356458225664
378065483859128321
377761758858854400
377758441273430016
377758019179655168
377757797208715264
377757262095204352
377756440397504512
377756351419518976
377755585459929088
377755389766299648
377754758901006336
377754539534712832
377754049031839744
377753302022107136
377752878485475328
377752309180035072
377752012760174592
377751707146416128
377751459091058688
377751106366885888
377750809045245952
377750726803329024
377750017898864640
377749660397350912
377749352573177856
377748959491407872
377748344535134208
377711111597862912
377709834587471872
377435867486236673
377435749525618688
377412057030594562
377411604553273344
377410410296537088
377409747042852864
377409318322049025
377393452255690752
377393267119112192
377391502093078528
377390709768065024
377390491026747393
377389974691135488
377389562906939392
377386249759121408
377384729562984448
377384205660848128
377382472788353024
377381724767801344
377359952433930240
377351627327668224
377145875941687296
377142746114318336
377141159023226881
377104445827334144
377104394380009472
377104017295290368
377099407293833218
377098817184595968
377098700410978305
377098565387968512
377097773205569537
377097369533153280
377096952166379520
377096709936926721
377096585420611584
377095861483761664
377094654014918656
377093599889854464
377092315233284096
377091011165425665
377090264591900672
377089232080089088
377086094405160960
377085512994926592
377084881643126784
377084195874422785
377080828947611649
377080455591649280
377078031707561984
377077750424952832
377076668235382785
377076455181524992
377076059507671040
377075494786592768
377075384157618176
377074353969430529
377073897968914432
377062087068905472
377061550336380929
377058828463788032
377041249586262016
377041107701354497
376640513019224064
376639247870353408
376638516257890304
376637766450544640
376635427828281344
376635030824841217
376634285824180224
376633519361236992
376629884896182272
376628432400318464
376627662565171200
376626484481622016
376625787484770304
376621610352246785
376445519775555584
376032790585679872
376031497901195264
376030573786959873
376021988566790144
376016517516627969
376016236288557056
376012615413018625
375952074476777474
375950607569260545
375950224931311617
375949348384673792
375948283048235008
375948022888136704
375947690544099328
375947486445056001
375945600833159168
375944830607953920
375943878698094592
375916763923644416
375915909036392448
375912573855870976
375906799083208704
375906224174145537
375901093793771520
375901001259036673
375900616511340544
375900323442737152
375899200682074112
375723374527664128
375713489664225280
375711237901803521
375710772497629184
375704964191899648
375580998697623552
375580939851550721
375535923976761344
375530526402023425
375376575513911297
375374714803216384
375363799572029440
375320246510309376
375298599950639104
375250002374705152
375249595950833664
375248855660367872
375245703985233920
375229328625106945
375229113201471489
375228195575853057
375227257478189056
375226684699860992
375219574582808576
375219134617104384
375217875008884736
375217250963578880
375217225260867584
375216181575450624
375215077651415040
375213851979296768
375212813238951936
375212304276918272
375212099234177024
375206164797358080
375205870751473664
375205239106056192
375197745444696066
375193105730777088
375180922804391937
375170063659044864
374918731597504513
374899686886232064
374898970331344897
374896289516769280
374890572260990976
374866369503715328
374865989722054656
374865587467325440
374863876849803264
374863655168245760
374863190649081856
374862329923391490
374861320698335232
374860739720122368
374860504319008768
374860365659533312
374858752849354752
374857832375783424
374847871784218624
374847400919052288
374846181337092096
374845865103331329
374845466396991488
374844420677312512
374844360094806016
374843970607513600
374843556541644800
374843117490282496
374842540408569856
374839853554221056
374827983384879104
374826932602683393
374825987013623808
374810886776442880
374810556076539904
374575646552240128
374563814550695937
374476713318572032
374474356740472832
374474313761423361
374474194018258944
374223604625313792
374120692989431808
374119814744133632
374115562881703936
374112604207083520
374112351890313216
374112109962862592
374111732899119104
374111255889321985
374110931069833216
374103461844885504
374101948070260737
374101084446269441
374099136267575297
374098548289052672
374097902445944832
374097637684695040
374096620003926017
374093231329267713
374092521216815104
374091889231667200
374091415954796544
374090986340642817
374090757310648321
374090544483274752
373898717721395200
373784847291912192
373784259472789504
373781811052023808
367552405204131840
365807007304916994
365806958617440256
365769215535349762
365767934179680257
365767712116457473
365467747024515072
365456233269960705
365454810792738816
365453289317339136
365445177575354369
365444952278310914
365434204370120704
365433911318294530
365431266209828864
365428811581505536
365427576497373187
365427520021069824
365426967002091520
365426830079041536
365423956959825921
365423525105897472
365423239855472641
365421661291421696
365421047593447424
365420237455245312
365418887547850753
365417632263979008
365414310740103170
365411879885078528
365410475476918272
365387222305873920
365386032000151552
365381027633442816
365380422579924992
365379972761784320
365378544991354880
365374855459254272
365373839019999233
365371938954158080
365371565069701120
365371269069279232
365371045865197568
365370603965915137
365369832704708609
365161630272729089
365160464293961728
365159452392964097
365158583672901633
365157924030517249
365157065670397952
365142695171198980
365129986258124800
365129442726653954
365121542109151232
365112882150637569
365106634487369728
365099670873194497
365099603525251072
365048817722200064
365041674180771840
364821364504809472
364788307139776512
364728663654154241
364698566100398082
364696620207570945
364696087786831872
364660072154005508
364658658816180225
364640362087714816
364437800524845056
364437324404232192
364426708554108928
364415413884436482
364364264800141312
364363934402224129
364363420776136704
364363200893947905
364362789864742917
364361901691502592
364361550519205888
364361057365524480
364360039458287616
364341808039346179
364117100463685632
363326081819873281
363310740070875137
363259204003307520
363256354061815808
363252190644670464
363249386135883776
363238121947025408
363228739062083584
363227458805694464
363218886726275072
363218720090767360
363218632446603264
363218538758434816
363211428620017664
363207620699910144
362954931608621059
362939728577822721
362906718222565377
362906143921676288
362905852182675456
362886892439605248
362886231962562561
362883034816593922
362880680629243905
362880508373368832
362879915370086400
362878881730011140
362876755595366400
362876174017363968
362875160228921345
362856935923933184
362856549661687808
362855923552763905
362676208913235968
362675472468946945
362672850307526656
362672128807546882
362651477266792449
362650946620243970
362616656297607169
362615521084055552
362592888154103808
362572916115783680
362569131339427841
362563169488601088
362541799618789377
362540174053359616
362540160119877632
362494826048012289
362486812205260800
362222610513281024
362221622637244418
362216007969935361
362214806964547585
362187153016496130
362186354454577152
362185837439500290
362182672912617474
362181982119133185
362151299183165441
362151198406623232
362150736785702912
362149244032909314
362148775235563522
362124126766370816
362123434395836416
362123219051872257
362123124491288577
361903469201850368
361900460988305408
361899802612609024
361888542336618497
361882338227011587
361881891755925504
361880267733995522
361875895847366657
361870308170416128
361870266487422976
361867455615873025
361829155362439170
361828837341921282
361827015441133568
361825113424928769
361807000499269632
361806964742815745
361799315754196992
361799090138386434
361799044047187970
361799018260611073
361541122163605504
361409172467757056
361408526498795520
361408067029573632
361407744416296960
361061247380226048
361059544182439936
360865006386020354
360795182381273089
360763402752233474
360747205193244675
360746943233802240
360745255139684352
360744760840949762
360743782288859138
360742244459872256
360719472027377664
360692225304305664
360690396046688256
360661107746156544
360660438419124224
360659611826659330
360656846022918145
360655535936241664
360514479903096834
360411117165621248
360411097653719041
360402483366998016
360330049624358912
360308778245177344
360308185850052608
360307934149885952
360307592263761920
360307510026043393
360010564530999297
359980605804515328
359976304063414272
359965320057856000
359957351756857344
359956133504499712
359940272064430081
359939282091245568
359934784794935297
359933410216652800
359932638821220352
359931112245559296
359775688967983105
359713447610548225
359711531132403712
359706190550286338
359698460653531137
359696702770393088
359695313990201344
359694877698699264
359694059251572739
359693482941616130
359693047325401089
359692765480759296
359692316967051265
359691301794496512
359686169803493377
359683099531026432
359680662602661890
359679793467367424
359678517878853633
359678224495673345
359675127941709824
359666850327568384
359666397393068032
359665096949116929
359661685600043010
359658646772269056
359655952380735488
359652116232544256
359649146216529920
359641984538902528
359612848760041472
359610787255418880
359596466597142528
359595379714560001
359594232173953024
359593988963049475
359593535076446208
359593276795396097
359592384335581185
359591920206495744
359591502676103168
359587941401628672
359586564503908353
359586032448061441
359586013011644416
359577386175574016
359574046419062787
359572518127927296
359570105748819968
359421731376996352
359403896168382464
359277684615950338
359277477392162816
359275458099023872
359275401702416385
359270480995299328
359269059000401920
359266804239056896
359263943430115328
359263230528454657
359262084351008768
359261581638508544
359261083996921856
359261040250339329
359224896087269376
359224247299751936
359221848568889344
359218823536189442
359214426244661248
359212921991081986
359033740246671360
359033716255232000
358918344193220608
358877962394796032
358877126629404673
358875548061155330
358874697628254208
358872983508492288
358872225492901888
358871322442883072
358870813702766594
358870353088483328
358869625871667202
358869164909281280
358632159973617664
358306890024890368
358303008959889408
358300729607737344
358299388797788160
358280294115594241
358280206798159873
358263206436802561
358244720817872897
358243655636631552
358207487322763265
358201359004217345
358198938383298560
358198741091622913
358198703355473920
358194805337108481
358194474708508673
358193805561831424
358162718588948480
358149622125957120
358148570945294336
358148378275758080
358146994755207168
358146054924935168
358145812674519041
358144703117529088
358143444373352449
358140989006807041
358137351563780098
358136249028055043
358136147823697922
358135257062588416
358135163663826944
358134857777430528
358134308910809089
358133716427603970
357919520922406912
357917867116740609
357910672354451457
357906639233777664
357906625354801152
357904386858971136
357866728774045697
357848916160544769
357848614699151361
357847424275988481
357845816343400448
357845000119267328
357843347446054913
357842640647098368
357832407958814720
357811656639778816
357800620578713601
357799856280059905
357798781934247937
357798224779677699
357796535242719232
357796141934452737
357795830826147840
357787045734776832
357785641846706176
357780336467386368
357779967351865344
357777082702508032
357776636676026368
357774183394062338
357773752156684288
357773082376671234
357562726182567936
357544701492076544
357521619134054400
357519060533116928
357511913527197698
357506737978355712
357506261958406145
357506114176299008
357500083723440129
357497975158738945
357497585163968513
357496314608619520
357492444079726592
357491411257540610
357491128284610561
357489176616255488
357488849460527106
357486433369468928
357485637923905537
357484963471441922
357477604703485953
357476900769251331
357473236272943105
357472492534767616
357471693201080320
357470877845172224
357462065834766336
357461520139034624
357461336151691264
357460914825474048
357460331066441729
357459774218047488
357458261491982337
357457669788934146
357457160910807043
357457001376260097
357455992671313920
357455468051963904
357455069303672832
357453986044968960
357453300444045314
357450210097631232
357425581991800832
357423643585806339
357420633983946752
357418384318676995
357417791713837057
357417203630489600
357416890764759043
357416292229185538
357416027602165760
357415420438921216
357165488079511552
357165474779381760
357165032666169344
357164946854920192
357164697591615489
357159827660734464
357156780456939521
357155808313749504
357155005377155073
357154680188575745
357133383492567042
357132435059785728
357130185184788482
357130144370012162
357129908981473282
357129545318535169
357129225364451329
357126853103861761
357125898274742272
357125354051219458
357124707809624066
357123346250481666
357121330950316034
357120050936819712
357119084015525888
357118556846034945
357118052833300483
357117592269373440
357117116836626432
357116551578656768
357116539431944192
357114836582273024
357114198406344704
357113610125836290
357113404760133633
357113019626553344
357102326563078144
357096810021527552
357073417356320769
357059645472382976
357056948807532544
357056329153642496
357055043192631296
357054581739499520
357053063082676224
357050718370279425
356832932968673280
356825528621219840
356824926411431936
356823504651436033
356823379803766785
356785023518642178
356740259838562304
356731765869658114
356728347469946880
356725767054430208
356724989199790080
356720667208593408
356716190380457985
356706241046790144
356705822052593664
356704978150232065
356704744233906176
356703518167531520
356702378445111296
356685095832260608
356674340110086144
356649684493811714
356423985707233281
356420201841037313
356373792592904193
356370892621746176
356360755475529728
356357276124188672
356350999113383936
356346171721125888
356345477723201537
356344282447228928
356341865538256899
356337732760502272
356337087676551169
356336244835352576
356335934922432512
356335040071860225
356334577301721088
356333263394058240
356331862270033920
356331744917594115
356101101042401281
355975791156277249
355771435576336385
355769049910755328
355751179260674048
355738710702178304
355737745517326337
355735262103478272
355733879920934913
355711871531225090
355710412064440321
355686634815102977
355686454086737921
355686236842762240
355634878718541824
355634143037636608
355633530996404224
355633404403916801
355631804901888000
355613266979991553
355609901977972736
355609161972723712
355604326384795648
355598912855355392
355598454824779777
355597177977978880
355593928625500160
355592728895168514
355570555795161088
355564414587502592
355561461776527361
355441770621972482
355428798696660992
355425368712294401
355419602311839746
355407084289933314
355379640539430913
355378931043549184
355376876786692098
355375878919819264
355352077393870848
355326077213736962
355320943125602304
355320523464507393
355319930742255618
355319688084987905
355319167446028290
355317865613766656
355316390300893184
355314331598069760
355313283282124801
355309760700088320
355307673668947969
355299078155943937
355298557412118530
355292890727067648
355291912304988160
355290524426571776
355287825962369025
355287179636908032
355286846319771648
355284705962246144
355278789422481409
355277410339528704
355276149024243713
355275095293440003
355274494027374592
355273784619565056
355273079984881667
355272607836286976
355266282255421440
355265899734900737
355259826219122689
355259622027833344
355258180131368960
355257931388178432
355256368267145217
355253838296518657
355253627763425280
355253328080408577
355253260812169216
355252121601441792
355246116205363200
355245086751207424
355242871332421632
355241192063115265
355238445012107266
355237199526100993
355234951274307585
355233788973957122
355232988038053888
355074530189910016
355074230834053120
355074091826421760
355045000863686659
355039462557892610
355036513383362560
355034641243176961
354997987191160834
354997935307620352
354995958087548928
354991642253590528
354982859238408193
354977056859234304
354962010468913153
354960194406588416
354958324917223425
354956526101864448
354952538832908289
354944243250372608
354938567102971905
354936103356219392
354935589453299712
354935504074047488
354935133817683968
354932724466851842
354932028585680896
354930281586757634
354928252818698241
354925678627524608
354925327836917760
354924853360476161
354923760144494595
354922196692500481
354921812045463553
354921257415876608
354920878733144065
354920468278550528
354920248333447169
354919555233095681
354919174872629248
354877917370650625
354875998698868736
354875097015787520
354706785841577986
354674377264078848
354646107495735296
354641699617775617
354640802632302592
354583510083837952
354577024033112065
354575927356833792
354569180609130497
354567804076310528
354566922836254720
354562240290099200
354561859367600129
354561498288373760
354561003113037824
354560752511758336
354560116948869120
354559096504074241
354558725899554816
354557544297021440
354556404872384512
354555371475578880
354553446843686912
354545044184768512
354515840881795073
354515169755402240
354365315586605056
354325415533359105
354320015941570562
354318478649458688
354296187169411073
354295237100847104
354293573597937664
354292863741345793
354292285342617600
354290917764628481
354258543861432320
354250459885735936
354248120332337152
354247987385483264
354200989043146752
354198565721083906
354195647404060673
354148328100999168
354134429385506816
353967995602735106
353913732818149376
353873334137667588
353836971564605440
353807254119653376
353799114787532800
353204273988902912
353200970349559809
353199241587470336
353173169324040192
353147178019078144
353146856190128128
353146149588307968
353145590399508482
353137954731982851
353132791082385411
353132092374269952
353130044106866688
353129480384036864
353109969308094464
353092666298347521
353082711692427264
353077894412648448
353077319130292224
353075058454962176
353071731021320192
353069575937597440
353063776901267456
353060563695312896
353055145602457600
353036926254723072
352849809515872256
352846021925154817
352843746137751552
352843309846233089
352842350000738304
352841552084733955
352839072399634432
352836394135191552
352835534558740480
352834763024900097
352832933704368129
352832428538204160
352830560726564864
352829504814727169
352802587294171140
352798634594672640
352797608982487040
352795061806833664
352793733240066048
352793025669382145
352792569316524032
352792062552322048
352791837355950083
352786492646633473
352773284884000768
352759268350504960
352754173932077057
352753737309233152
352743864676777984
352741817835458560
352741676655181824
352721051668578305
352720165571538944
352715023707156480
352701933817040898
352697518313832448
352505064264433664
352493701001523200
352492623832952833
352491937636433921
352491389763854336
352483627726159872
352482660465127426
352482498002956289
352482297225818117
352482275138613248
352467286373842945
352445598034698242
352423715348287488
352420625287098368
352404880637444096
352401234726092800
352399004413345793
352398755833708544
352398246561329152
352397913286127616
352393450966102017
352389805893619712
352389244553150465
352388896098762752
352388729312251904
352388035842801664
352385055852736513
352383412864155648
352382998148161538
352382514591043585
352382010037248000
352380756749844480
352380620355276802
352380063246843904
352379063807131648
352376112061493250
352374710518022146
352374621670088705
352374010513866752
352373134063714304
352372027878932480
352371982756614145
352371954105327617
352371870382817280
352348195277389824
352347944130842624
352347924497317889
352339447485964289
352336567051894784
352138874945941504
352114186358226944
352096514224558080
352071937889013761
352068444952346625
352058046635192321
352050421818335233
352047830677991425
352045016589418496
352036033703059456
352031848131604480
352031544333959169
352030680907128833
352019163922960385
351993134042988544
351992988114759680
351980407840976896
351979997877116928
351979443637583872
351979008835067904
351786329266323456
351780507731755008
351778412047773696
351777383134674944
351769297955196929
351768310062391298
351764817993940992
351764003502034944
351753697799323648
351729797149372416
351728210112819200
351715603758845959
351713327090638848
351711950209695745
351699339632050176
351697855909605376
351693132192161793
351668226607947776
351664960151109632
351664787270275072
351664333664681984
351663400478187522
351658197402132480
351654281205657602
351653895212244992
351651815135248384
351650998802059265
351650391924031490
351649953594089473
351649615705161728
351648020191911936
351646695941083137
351646221489803264
351645708945858560
351645398798041088
351645054533763073
351643943680749568
351612103003619328
351607864432930816
351605847488598016
351452446087843840
351395093388853248
351288047721132033
351266151860420608
351265632450383872
351265111396192257
351264489032794114
351264062627250177
351049662901403649
351048754125742082
351038250011467776
350909120116834304
350897833592893440
350638096318070785
350635253150384129
350633287540146176
350633193197674496
350608300636770304
350605686264184832
350603455599099906
350593651891650560
350593154094874624
350591841017671680
350587526492327938
350586015758553089
350550863279951872
350550274064125952
350549813105922048
350539949734494208
350534260043685888
350532533852708864
350528144639393793
350518179270897665
350517428633088000
350514905780207616
350482519805792256
350344742250352641
350340983919091712
350338528128925696
350337315211714562
350334815565905922
350302832383107072
350301439844810753
350300488018821120
350299301756403712
350299047631925248
350294348266610688
350278133225766914
350277626193133568
350275009366859777
350171494908829699
350168154103750657
350167471757598720
350163488125108224
350163474812387328
350152650744016896
350149531544977409
350148524706512897
350144519955685377
350137582799159296
350137331157708800
349957376935346177
349956935128317952
349942687417384961
349928753369059330
349915864755224576
349915708395761664
349903703681142784
349901658773401601
349900351824072708
349892026457792513
349888846680432641
349882877183393793
349879676585517058
349878628357648384
349878150416707584
349877258573459456
349875502145740800
349872110161756160
349871181438009345
349870286906208258
349868238697529344
349865367830675456
349864982235717634
349864625191403520
349864252208721921
349863653387927552
349863277943197697
349862897620500480
349862536008577025
349862259549413377
349862129240776706
349861789791559680
349861034670047232
349860656410931201
349860389644812288
349860183004020736
349859571726172160
349859316532117505
349859110302392320
349858594830827521
349858352316170240
349858076888797184
349857845396779011
349857404281831424
349857197066432512
349856833650950147
349856409304825857
349856020878733312
349855292244234242
349855001398620160
349854848184881152
349854413873102848
349854266116157440
349854110234849280
349853731866681344
349853439737593858
349853262880587776
349852318327504897
349849465391296514
349847561349251073
349846285207076864
349845906008440833
349845679797051394
349845458417487872
349843395885277184
349824609958379520
349796938222272513
349776044728926209
349617025439645699
349575481819009025
349574589296295936
349571386601246720
349554716772012033
349542293696561154
349540305432875008
349539758621466626
349538368239042562
349533576343199746
349524079725903874
349518100376453121
349517343099076608
349516716696551424
349515878964019202
349498402834358272
349488677568790530
349487259856273408
349486475949252609
349482020914728960
349481570828156929
349480059578494977
349479879059832832
349479318667268099
349477914397511680
349429565317332993
349244889357234176
349224272553705474
349220070062428160
349213643788910593
349213548796317700
349191905696968704
349190076615507968
349189407795994625
349187413106622464
349186483963449344
349075596585865217
348474771173961728
348472115953037312
348471506877161473
348132300854280192
348107063378984961
348047722865115136
348029817637175297
348029050029211649
348028982123442176
348020241198100480
348019009570086913
347995642745978880
347995389296779264
347993570466213888
347988580452413441
347987830406008834
347800792457154560
347800114892525568
347798517483446274
347796992329650177
347795963441729536
347737490578358272
347735215105536000
347734502984011776
347712848677449728
347703422792908802
347703034572320768
347699886717816833
347696626900537345
347685437185335297
347683995980558336
347683456056188928
347681648810291200
347681276179918849
347681049221943297
347679709921964032
347672569626890240
347671744095596544
347664420853395456
347658847806164992
347657915710205952
347655936095174657
347655849877045248
347653245168132097
347650312212987904
347641068092801024
347636630053588993
347633619067629569
347631451665203201
347630570043502592
347630184192700416
347628718740615169
347627137269899265
347626256470265856
347468833205936128
347467930725908480
347467737016201217
347433407636193281
347405926598332417
347344594272403457
347336038517182464
347325719971500032
347325270237270016
347325075374080000
347323405193846784
347321481618935809
347321194283933697
347320912107929600
347319862072328192
347318760014761984
347318373937455106
347318294316986368
347317913973317632
347316595674210304
347315959922565121
347315191870021632
347314591803527168
347313186174795776
347312515585282048
347310215777112064
347310085766258688
347310015675240448
347309320913969153
347309261208031232
347308379225604096
347292087793876993
347291966372986880
347291543515832320
347288926567948288
347287128494968832
347286932641939456
347286746112860160
347267740605763584
347267098269081600
347060030782193664
347054428152532993
347041392771612672
347040938335539201
347009380564209664
347008545948049408
347007571200200704
347007239367839744
347006883074281474
347006482048503810
347005281705807872
347004937261154305
347004542501670912
347004102938615811
347003202098585601
347002928965484544
347002810673537024
347002381088739328
347002195721461760
347001763343245312
347001082360233984
346982518421078017
346959009691099136
346956450192560128
346956415857991680
346955139233480704
346916309528879104
346904865500459008
346754018711846912
346720095977996288
346719459634982913
346644749295423490
346643493810225156
346642049182867456
346638432711368704
346637502834159617
346636116499251201
346610927002599424
346608240840294402
346606378724495360
346591126809088000
346582399976607744
346534294258327553
346533834516471808
346533164195385345
346369618333536256
346347117167644674
346245387394355200
346208253153275904
346206042155261952
346205112617807872
346203798018088962
346203233674461184
346203027759308800
346202716680359936
346202502041071616
346201834903441408
346201487581523968
346201078628495360
346200487147753472
346200134964617217
346196932340903936
346195739929616384
346195059424784384
346194570608013313
346193906012131328
346193609663602688
346193358244425730
346192735541272577
346192259018018816
346192051177664513
346191797179002880
346191003457302529
346190366640320512
346188760519680000
346181633839341569
345623258244190210
345598617287028736
345554020624105473
345553890353233921
345553858262597632
345506441181933568
345497995464286208
345497857626894336
345496716381933568
345496302748057600
345492690462466048
345483146873147392
345478118447931392
345465768504332288
345455649389432833
345447621650948096
345446890407596032
345444594156195840
345443992902709248
345443652497195008
345443100887506944
345290686926561280
345282475976691712
345281116254662656
345280957491843073
345268677400203264
345256821176541184
345178554344013825
345178531120164865
345155536842539008
345153499622948865
345151824279515137
345133624422694912
345130280018919425
345123120232923136
345121982729293824
345119189486411777
345112156678799360
345110096478629888
345109824410877952
345109091787624448
345107620048277504
345097146523070465
345096587011309568
345095760255254528
345094571493031936
345094232731688960
345093320424452096
345092981419814912
345092091132657664
345091654455275520
345091030242181120
345060647735791616
345053340549390336
345045000524009473
344911992907255810
344903246906798081
344902486932467712
344895428162101248
344893696694689793
344893106237358081
344886998143741952
344885873508225024
344884732087136257
344884293186748417
344884264610955264
344883922036994049
344883692285603840
344834187230076929
344832284580536321
344831836549173249
344814144073109505
344813861372829696
344812787610030080
344793833797742592
344792817312362496
344784728152481795
344783823931863041
344782171002793984
344781577676541953
344781071289823232
344779835450724352
344779370507956224
344778875668152320
344777912056164352
344776945751429123
344776665127325696
344776341947817986
344775945753870336
344775336149532672
344774502321901568
344774114738847744
344773246123659264
344772761538932738
344772237393534976
344771144135626752
344726937769476098
344722507586236416
344721653135192064
344719550262153217
344718476616818689
344717571339194368
344716577427562496
344509925080317952
344508457694666752
344501486744653824
344500495513186304
344488738556100608
344483874132328448
344481070047170560
344451315209994240
344450526294966273
344445183745724417
344435940925775873
344434354816184321
344433375039336448
344386933197258752
344386807007424512
344380430709035008
344380127611867136
344378116577312768
344373254640766976
344367860438671361
344367527591284736
344342873711443968
344121260256665600
344120741693898752
344120613889253376
344120543731134465
344120445823488001
344117491833921537
344116372105728000
344115582955843585
344115049708781569
344114450988683264
344111899190906880
344111493719130112
344110272656601090
344108537821134850
344107705163718656
344107049480773632
344102523470221312
344102353567375360
344102069638152192
344101731942137856
344101395399589890
344101161051242498
344100907308425216
344100537031094272
344091883095588865
344089437132689409
344088674050396160
344087935416672256
344087628473303040
344057802957930497
344042102893719552
343842257293676545
343841843236204544
343818022118645762
343811330383441920
343740133037703168
343657962851672064
343657619371720704
343657002272174080
343656490080550912
343656345725181952
343656010298322945
343655374680911875
343653806376095744
343653446467072001
343652112716136448
343651865348685824
343651246026149888
343650838146863104
343650490824929280
343645213157359618
343644260312174592
343643010258575360
343059164035158017
343057267886800897
343054240203292672
343021806543839232
343003071846170625
343002269912027137
343001317293293568
343000103524655104
342986243619033088
342969648830091264
342969093634285568
342968223941144576
342957482655744000
342956887379148800
342954475427856384
342954144589545472
342953484154437632
342951695845834753
342926169458491392
342921542172278787
342917645177331712
342914761261981696
342912411361218560
342912197996986369
342910921913561088
342877645400309760
342765627339055106
342762926328934400
342762610569134081
342761605043453954
342759055154094080
342753962748944387
342753270286127104
342752289188093953
342751269607325696
342746958227722240
342746440214384640
342745976487956483
342744040246231040
342734047182721025
342733837396242433
342711138007543809
342705625639305217
342695416908877825
342674272583548928
342672701472776192
342671065417400321
342666425661521921
342665015343599616
342594675091320832
342593667271380993
342592084064235522
342590457332789248
342589953332637697
