397818792933605376
397817714829717506
397519205110927360
397518821218848768
397008178933944320
396718358605078528
396690984089944065
396629085134544896
396624893951102976
396623786705190912
396622958112018432
396621843940913152
396615494461304832
396593596176289792
396590507054604288
396589171672109056
396586757531369472
396586028020273153
396584893964353536
396581441687261184
396580641971924992
396580564037533696
396580120573784064
396579346829545472
396578829214679040
396577390115422208
396576564697374720
396511299552952320
396415791836712961
396318665697918976
396313552614481920
396295697315536896
396290198637920257
396289988725600256
396276504058806273
396248740287500288
396248658665943042
396248030950981632
395841500124557312
395839407892484096
395838552501932032
395838381508554752
395835536360747008
395833907750649856
395833545874104320
395832952744980480
395832157660540928
395832042966904832
395831959102173184
395831246137204736
395830526772518913
395830089448828928
395829600850169856
395829099811184641
395236045421543425
395129571412279296
395116715279142912
394887108915388416
394785566702989312
394067483872997376
394060812991479808
393856914133901312
393767368922378240
393659444997160961
393659313551847424
393659158098354176
393658954838192128
393513328011919360
393484516301737985
393445358271229952
393416485890453504
393413324219879424
393401007251939328
393400939928748032
393400594284961793
393391299963150336
393391084757594112
393389728482869248
393388962644910080
393383965328801792
393363618550808577
393360464518062080
393353387309555712
393348299987902464
393344880036306945
393153271705382912
393008319293837312
393005178217328640
393002359640834048
392972722218991616
392972370417577984
392954741208391680
392938288535076864
392938151855263744
392937021674913792
392936845707063296
392936772306731008
392933863938596865
392904716159832064
392683693325967360
392653866673926144
392642725964959744
392642659183230976
392642467725844480
392375230469271552
392375194071076864
392354676819394560
392354183464386560
392342356655374336
392342004082180096
392302794717536256
392302560327254016
392302507474841600
392301148822323200
392301126437314560
392301099216281600
392300424524345344
392282689296154624
392282605481381888
392282420118323200
392278170151706624
392278106511532032
392275736473919488
392275622502096896
392262973353623553
392262924125085696
392262866516312065
392262833653944321
392262789575622656
392257874967011329
392257068364599298
392253840864849920
392253777807298560
392253192479965184
392233568371740672
392233135146278912
392233072676306944
392232965885157376
392232631171293184
392232398983004160
392223017461624832
392219109418483712
392216054493376512
392215502279680000
392215338466963456
392215143830282240
392215047872987136
392214535001493505
392209758494543872
392209089625067520
392209024801710081
392208415260688384
392208261497114624
392207935847161857
392207559097995264
392207255099043840
392206719360581632
392206190496591872
392205996212236288
392205739692797952
392205353963618305
391990372127494144
391984977468207104
391984584256393216
391702087773741056
391701555839504385
391685469752532993
391560572980187136
391560407447785473
391554051856285698
391553791163527169
391553497230897152
391551805320343553
391550058937593857
391549180369321984
391547954693423104
391547895389777921
391546415832645632
391479776856530945
391213741100269570
391213643918241792
391212805983969280
391171207070240768
391149421712650240
391149185963405312
390853899675901952
390742253259735040
390547199287107584
390544660604923904
390467131693084672
390466991170932736
390440631304478720
390440391486369792
390042523349303296
390038259319185408
390019291858612225
389897276912844800
389889389444079617
389886739755454464
389881718804455426
389880407480864768
389880328849858561
389879368765300736
389878524393164800
389804851766788096
389804666264903680
389803171968585729
389763742289780736
389501531948855296
388401174178975744
388362145609838594
388297082257571840
388292221273112576
388291930834354176
388291854674190336
388291781504548865
388278939241951232
388278723818299392
388278288424402944
388278208506114048
388052368153395200
388052321344954368
387956589140791296
387956411206238208
387881807758516225
387880249830432768
387878659845279744
387877998172856320
387877859827924992
387877629858418688
387877219701624832
387845299416203264
387710259399495680
387709092439289857
387708940680560640
387708661868396544
387707982131122176
387707568627273728
387706986013286400
387706089166217217
387705466488229888
387705001386053632
387704556701769728
387703996921556992
387703076758360064
387702180221698048
387592708300099587
387153205374640128
387136394050543616
387134907559837696
387134881299324928
387129610120331265
386280896178814976
386236005533364226
385898657687429120
385896914773749761
385789930888130560
385789847606009856
385726517080100865
385726499514380288
385699548561031168
385682562632253440
385681961777242115
385680864127897600
385680539711066112
385679959974363136
385542313419624448
385477125186142210
385476401039552514
385464617230548992
385362798957428737
385360408497758208
385358639638147072
385356664158691328
385356137932939264
385355596666380289
385325439167627264
385325318178734080
385130396092223489
385125255003791361
385118175412903936
385118099479199744
385118031523119104
385118003161227264
385095885103058945
385094243322429440
385093386510041088
385092765492981760
385091417825378304
385088009953353728
385087825131339776
385061724333670400
385061652015509505
385061326013218816
385061165262307329
385061097910173696
385061066725539842
385060942922264576
385060865906466817
385016223224045568
385016179523600384
385016168157036544
385012799271084032
385011578539876352
385011554703671296
385010933976010752
385010679033626624
385008127302979585
385003544908427265
384980751143297024
384979581230268416
384979499537817601
384979376661487616
384979332789043201
384979219966468096
384978007217016832
384977851461558272
384977816153882624
384778360473546753
384778238507368448
384759753273929728
384759586210603008
384759503758979073
384759469529239552
384747591428501504
384732467066064896
384731611222515713
384731550598062080
384730851378225152
384730830918385664
384730759908831232
384728836354871296
384725721585029120
384724768190398464
384724066227462144
384722294083698688
384722284520685569
384706910119014401
384706339664322561
384702702590373888
384702578854223872
384702427314028544
384695440903778304
384662620185559040
384662423476928512
384662393194045440
384660358222577664
384660210155266048
384659875667910656
384658480340422656
384657036707110912
384656999725953024
384656842552791040
384656772969267200
384653707109208064
384653497578577920
384652904512364544
384651480609071104
384650400252833792
384649771807674368
384649624419844096
384649556430176256
384648850231001088
384645075311296512
384644649589415936
384642734507950080
384642637091045376
384634010422353920
384633714321281024
384633663968641025
384633552639250433
384632075577327616
384631981696241664
384631662350331904
384631467994644480
384630035451109376
384629662497783808
384628667449483264
384628137289461760
384627865783775232
384627306121023488
384626875437297664
384616130423558144
384615755264032768
384615706803052544
384615676255932417
384615603749007360
384429544532619264
384429169633165312
384428026563661825
384390671815430144
384390545956962304
384390079529385985
384389707721105408
384389301334978560
384389180543209472
384378576923271168
384362360057905152
384362028825333760
384338421730131968
384336852351582208
384336289668923393
384307093240426496
384307036315328512
384306912960868352
384200985351970816
384196706273087488
384195345364049920
383999290408198145
383998735837306880
383998556438548480
383998249583271936
383998112832176128
383998044301438976
383997946179891200
383997911203586049
383983973141344256
383968745536122880
383968496000196608
383967955631222784
383910118154194945
383910066585223169
383909668101169152
383909573913874433
383893560195440640
383892226553565184
383892137252622336
383891941584171008
383891621781061632
383891376003227648
383891096494800896
383888531388518400
383887342630498305
383884433008230400
383884087867363330
383883717644546048
383883001341296640
383882681018089473
383882294680752129
383882035808321536
383881731910012929
383881616461795328
383881527177646081
383880129975287809
383879589476306945
383879382927826944
383878942467162112
383878721519628288
383878612782284800
383878180567662592
383878066792984576
383877796910489600
383877084210135040
383876636526919680
383876253939273728
383875785032884224
383875326939394048
383875037280743425
383874620098478081
383874330301456384
383874251641470976
383873691911606274
383873155397214208
383872739712307200
383666573338107904
383622746132860929
383622454456762370
383622245597204482
383622158867386368
383582121815588864
383524413959708672
383498740562026496
383214411738931200
383214397746737152
383213736296607744
383207893832454144
383207732058128384
383203469131137024
383203320560508928
383202525869916160
383194621687242752
383194571468832769
383194509233770497
383191818889748480
383146843216949248
383126018363371520
383125739156930560
383125302391488513
383125251409727488
383125120702623744
383124958219472896
383124848106434560
383009645180108800
382932903396532224
382887779018887168
382887187219361792
382887106059579392
382886091725873154
382886074973814785
382814693938585600
382814274071965696
382503741221376002
382501825586278400
382500466677932032
382500164499283968
382500001508646912
382499517678895104
382498465810362368
382498425050107905
382498338412560384
382498076868358145
382453422760284160
382453240211574784
382440313584775168
382440263508955136
382440205526917121
382429833931681792
382429798041022465
382429649478758400
382412497463959552
382411777905922048
382411547558940672
382411356630032384
382410900428177408
382410885286752256
382410852126576640
382408691397312512
382408521662210048
382408209060728832
382407879048712192
382407480753418240
382407305410535425
382406773165916160
382406010482085888
382405157012529152
382403966975229952
382403517450706944
382119639934717952
382117982907793408
382117834177789952
382116554004889600
382116458391539712
382114055118282752
382113371006312448
382112976360050689
382111847958065152
382110945666813952
382109947569258496
382109671701508096
382109460946092032
382108851744419840
382108599775789056
382108249622728704
382107501870583808
382107329996394496
382105849205768193
382093148609978368
382090833983332352
382090743260528640
382090661031202817
382087925368102912
382087455262117888
381875764247150592
381873353717334016
381826647970033664
381826535642370048
381826473331806208
381826273494171648
381825723159564288
381818347798929408
381817450159161344
381816484462596096
381110467562708992
380811280636182528
380714611361599488
380714367127257088
380714282863702017
380714201167056896
380711445526114304
380711075785629696
380709172754407425
380708977815732224
380708640606269440
380600879516098561
380595571704086528
380595262227378178
380594656259502080
380593591027892225
380593550351536128
380593454700449792
380315966946566144
380315950551015424
380190544540205056
380189218703941632
380173290658340864
380052388440059904
380023175217971201
380022821126438913
379956980548661248
379929365997309952
379867092981268480
379859519536640000
379523297018642432
379490742743207936
379488819738734592
379273556984864768
379272577631682560
379272022238711808
379271741522337792
379269258859278336
379268642963464192
379266706344255488
379265815415382016
379262994011926528
379262554411134976
379261598516654080
379260029263953920
379257103967592448
379256496527511553
379256134366142464
379255623973875712
379255465999601664
379255224957169664
379254321831223296
379253363281756161
379252513855512576
379251988607025152
379250728780726272
379249658494992384
379240088867459072
379217417249247232
379217347250487297
379203626482163712
379202824082432000
379201990074462208
379201874726899712
379201838299373568
379201653376684033
379201203881521152
379200911492382720
379200527113789440
379200060296134656
379199215546548225
379198162537172993
379197940369076224
379197597321134081
379197321075892224
379182452448968704
379182285989638144
379182124160790528
379181563172618240
379181373514612736
379177577271005185
379175041554202624
379172523998732288
378936649444384768
378863888261218304
378862733871296512
378862276536963072
378861877222473728
378846166655311872
378838339102584832
378838044272386048
378836335517523968
378835550251524096
378826667407339520
378812785548722176
378811243357675520
378810968026796032
378810935453814784
378807371855720448
378806720518049792
378805702581444608
378804673781563392
378804135266492416
378803324331384832
378551957205446656
378547458973765632
378547251284439040
378547202131382272
378547080257486848
378492814927343616
378488215315173376
378488069961580544
378488019265024001
378487751043469312
378417871472189441
378417775405854720
378157156991651840
378143309002076160
377801245123031040
377799140475809792
377797612465704960
377746717057486848
377746652951773184
377746456452796416
377725770073784320
377619498464841728
377493510603030528
377492922221879297
377492812947660800
377492784971653120
377492178852782081
377489349526310913
377489264906215424
377459627551883264
377453838363799553
377452441329229824
377450679662817280
377448344937046017
377447207689256961
377445186751975424
377444090352525312
377443478114152448
377442690864267266
377442284088098817
377442192446738432
377442124876492800
377439379121528833
377433026407710720
377362483398209536
377350450942451713
377350371187752960
377350340695166976
377348630320906240
377348534527209474
377330726565187584
377061895335059456
376974699374211072
376966766091444224
376962427549544448
376962291649871872
376743222191468544
376739210150944769
376735598179909632
376725326321053696
376724870433751040
376724781157994496
376722752377331712
376718845571907585
376705715890827264
376704755068071936
376703695641378816
376469118792531968
376468988559388672
376467696118136832
376330208472993792
376330072653066240
376290493195620352
376289642154586112
376289517113966593
376289392136318976
376273264676724736
376259432227041280
376102630126526465
376102591736061952
375965393992814592
375964817926156288
375878368203272192
375878343360397313
375868838480334849
375578813519781888
375576959385751553
375566546841518082
375557852397858816
375340405853671424
375137975295692800
374914719489855491
374914079741050880
374910361024987136
374905738260250626
374823749214044160
374821734333292544
374816691181850625
374811884408819712
374811174757756928
374811132550455297
374810974181928960
374804892680196097
374566424112422912
374566072499703808
374559397025808384
374559253861638144
374559212094771200
374496753480790016
374496584978821120
374496513914720256
374496431542771712
374495902284517376
374495660990398464
374494532672303105
374401466284257280
374401413561860096
374238352121147392
374176822943940608
374176690378768384
374174946487857152
374170708735045632
374160252238708737
374160233762811904
374160008700649473
374158585321623552
374157851263893504
374150520325156864
374149055909097472
374146353682599936
374139850321977345
374100380973404160
374083098549297152
374082779664748544
374063789324267520
374063423073431552
374062972009590784
374062029104873472
374052463550029824
374051719857975297
374051695057068032
373706886744264704
373521967875227649
373519993616355329
373518918263906304
372614892093587456
372340507629735936
372340034512236544
372339878404435969
372339828920025090
372339522308026368
372329050003345408
372329014557278209
372328636503691264
372328188803698690
372327620433559552
372327299674157056
372292553124507648
372283155958362113
372282554683912192
372281192524955648
371939467898011648
371939436184883200
371939172392501249
371938597609279488
371938538205372416
371938393266978816
371902142551822336
371888395724656640
371887969788887040
371887142953177088
371709180924919808
371703386841698304
371694089609043968
371685759641600000
371685420620189696
371685118462533632
371682239802667009
371681888907194368
371662718551351297
371662092043956224
371661889572311040
371658494136442880
371657735701409792
371656326629167104
371591299264413696
371590937799303168
371590746488705024
371326838930292736
371326639570812929
371326444615376896
371326197201784832
371325907719311360
371325437739159552
371325033693470720
371324769649438720
371321959021158400
371321765219147776
371320117478453248
371317431136157696
371314767941890048
371314408649396224
371295478178406400
371286649365217281
371285986589679616
371285115466285056
371257340785618944
371256970122375168
371256737640513536
371251544081326080
371250445408555008
371250158664953856
371249946806480896
371249387877715968
371248715589484544
371248213728448512
371247754099830784
371247167207641088
371245774803582976
371230096935649280
371229761651363840
371229620416544768
371225669508030464
371200026183467008
371187668279132160
371183106113699840
371180649513631744
370520770415296512
370516829342425089
370184983110885377
370184963745804289
370184772657487873
370139279877341185
370109149339607042
370108473444298752
369493432315547648
369492801962000384
369492432997474306
369463553293844480
369463415179587584
369463273978339328
369463083049418752
369444529218527232
369444457365917696
369437909348143105
369403125070712832
369402780613505024
369402444368736257
369402198167285761
369402069091758080
369392491411169282
369392323110526976
369390673922781185
369390593044008960
369390388231933952
369373839001518081
369373399052595201
369373358686601216
369370769676967937
369369990589214720
369369932623933441
369369879750516738
369369775211692033
368807070071799808
368806044673134592
368393155378311168
368275452894277632
368265464071200768
368265217525829632
368265149586489344
368265114517901312
368265036768096257
368255160163651584
368255044925157376
368254559161827328
367928501334052865
367928488231063552
367918251105193985
367917996754227200
367908371111763968
367908278455398400
367908121135423488
367907337542963201
367888275362435075
367888211583832065
367879220560543744
367673015279955969
367669590865633281
367661674901143552
367661473788469248
367660712203517953
367660683325751296
367660132026429440
367658786028150785
367656633351958529
367648614983536640
367641829899898880
366622485770276864
366622048182734848
366621475639263234
366621072486965248
366620323409428482
366612555747164162
366485537185464320
366138372550426624
365830387672416258
365830047879266305
365795113139572736
365731903480922112
365437559968497667
365429849206173697
365204366002626561
365067646661693441
364676221923102720
364671933800914944
362900230791905280
362900196247605248
362654038145236993
362598131281563648
362516657308041216
362498742085091328
362478823612235778
361970511674216449
361968011608985601
361967535198973953
361873670739734528
361833531288199168
361830066298167297
361829747350700034
361793371309740032
361771475600019456
361771288789909504
361770964322762752
361770432539537409
361759795398709248
361173090962644993
361070679950495744
361070572777652225
360779333318615041
360723532130430976
360419898041696256
360208656551251970
359976491506860032
359970124142346240
359964023040643072
359961960378400768
359960213337554945
359884542330408962
359873113128845312
359410841466060800
359280917635801089
359278743094702080
359254392668557312
359254200384884736
359248799941668864
359248747798081536
359248377512329216
359248064399155202
359234427739578368
359234199015784448
359233941703630848
359219705493454848
359217836297699329
359217171747971072
359216814745595907
359192875034095616
359192446795653120
358935054115811328
358895741973958657
358842371754049536
358841957985955841
358841401737363456
358644926407380992
358644516779065344
358644397283348481
358628713803427840
358628228686028800
358596388642639872
358596241376022530
358568693821087744
358568447925424128
358567874962919424
358567743442128896
358567447722749952
358559558790164481
358553666199879680
358553355884314624
358551319587459072
358551118294425601
358551033028423680
358548016950554624
358547904996196352
358547607678750721
358547483497992192
358547351998177283
358547200323751936
358546517415575553
358545057260896256
358544766939566081
358544394862870528
358544310741901312
358544231079477249
358544130277773312
358544073247830017
358543252393172992
358543186005737472
358543139365076992
358542997312380928
358542629358678017
358541861155123201
358541568094904320
358541108852170752
358540575860998144
358540192996528129
358540067666542592
358539956932718592
358539920593272832
358539883083612160
358539802464882688
358539529143074817
358539450256588801
358539307683823616
358538516432564225
358538463974400000
358537979096076288
358537639529414656
358537223748059136
358536944453550080
358536834688630785
358536625199915009
358536126966931456
358535984012472322
358535648518483969
358535021180624897
358534180168151040
358533033109893120
358532900720869376
358532492661239808
358532464861388800
358532031837253632
358531771031224320
358531500469268481
358462486120366082
358448587203547136
358188724334497792
357910996679401472
357783481147203584
357783294341304320
357783112757280768
357782723114856448
357782006790627328
357758061085077504
357757733811916800
357753796908163073
357599252760903680
357469647496425473
357438867491651584
357435911786598400
357431612759224321
357430245420314624
357427043006291969
357427020721958912
357187706423480320
357167655888752645
357166152536965120
357165900488638466
357164472500101121
357163314528260096
357163088966979584
357162725027225600
357161726468304896
357161380928954369
357160780333985792
357153156834144256
357153116963094529
357151645345390593
357149427665862656
357148675115458561
357147821637505028
357147032651182081
357147003693703168
357145984830152706
357145143897370627
357144835402104832
357144418874175489
357143706295468033
357143300580450305
357107357299380224
357107152697040896
357107008459116545
357106697069793281
357103364959506433
357102330748993538
357101806008016897
357099708243648512
357099580774551552
357090139463356416
357089668686299136
357089378817949696
357088320293048321
357087874329481216
357087800765583361
357087422728765440
357087023112257536
357086694215925761
357086299410284545
357084230137806850
357084141520551936
357083991322537985
357083717728083969
357082891747999744
357082127877152768
357081837958467584
357081618428608512
357081398798065665
357081160700014594
357080848266313729
357080508322160640
357080472116932608
357074103154384896
357071533048471552
357071251052838912
357071135722049536
357070843261620224
357070680153530368
357070578101915648
357070269862518785
357069914625941505
357069456872177664
357069217092214784
357068940528197632
357068621824012288
357068566018801666
357068458254548992
357068422259027968
357068387022667776
357068356039352320
357068292013301760
357054371298684929
356758434609242113
356698572206510084
356684734597840897
356526066870910976
356516651623129088
356516259652837376
356516129079967744
356405755022286850
356379539519184896
356346213643198464
356334914918039552
356327371432923139
356327267875565568
356327236527337474
356176984159698944
356176566524448768
356043252933214208
356007578645446657
356002303305715712
356002285547032577
355972978086903808
355972662452961280
355939481498562560
355939226136752128
355920905702096899
355720048033275905
355718182570426368
355619977073655810
355619633832787968
355346156395560962
355345965332439041
355345833203474434
355345634980659200
355300268298088450
355297513072365569
355023916688871426
355023418640433152
355022189545799684
355022053633556480
355020666950533120
355020609610190850
355020563829370884
355020419264290816
355020308303970305
355020282588700675
355020208970285057
355020053097349120
355019813707464704
355019708057141249
355019648258932737
355019624900866049
355019407824658432
355019390862893057
355013422678675456
355013333184806913
355012452536164352
355012362484457474
355011850318000129
355011805858373632
355011792038559744
354999617550684161
354986473952514049
354985870325063680
354985454094913537
354908584255033344
354908378327285760
354908253907460097
354904760773644289
354898489081212929
354898365512810497
354864113979109376
354857445174149121
354854677474582528
354851496820613121
354851403031777281
354821070706057216
354765435775889408
354742116192231424
354739817210314752
354709558188453888
354709472347832320
354660162998509568
354508984629202946
354489853909536769
354162128107737088
353447049179566081
353446642499862528
353445344333406208
353155336439468032
353104315348557824
353077984451772416
353071139259555843
353062395322712066
353059381153251328
353058877891280898
353058768952631296
353058479897976832
353057527807754242
353055972358488064
353055472087072769
353051535007170560
353051312897798144
353050340070920194
352805445276151809
352803701833998336
352752589147881472
352716719699144705
351357953909063683
351243483618619392
351049208515670016
351043150208438273
351031079089610755
350895078077763585
350689505885425664
350683241302327297
350676757160017920
350674752127504384
350674559856418816
350674523378561024
350674503124262912
350673268262445058
350672966280953858
350672868100669441
350671822502625281
350643178988240897
350580121691889665
350544227043786754
350544061050003458
350543968204886016
350540567077322753
350513717034745856
350334715821170688
350182135879053312
350182006891610112
350020945961959424
349992662201401344
349991380703129602
349864498036871169
349797734800310272
349797695881355264
349645933123870722
349298314677719043
349297723608014850
349255791259299841
349076453830307841
349076098543394816
348908791770787841
348887134100402179
348886345944535041
348886010018541572
348885637182656512
348884629031354368
348884426433900546
348884333165162496
348884191410270208
348884001106305024
348852836190257152
348815147239870466
348814983506825218
348806547054403584
348749183521529856
348747261519478785
348460181631401985
348400511772393472
348379099502354432
348290903556890625
348199023368355840
348025470392078336
347990338700443648
347660062946361345
347608340915961856
347590440326946816
347256591315243009
347124333895888897
347124277843214336
347122682120245249
347121938117820416
347112359984234497
347020274673270784
346986376916508674
346978584231022592
346959862103683072
346940654628265984
346939028832133120
346938551386128385
346938272922083330
346901513051979776
346898554171834369
346704986572484608
346704106490060800
346690804305256449
346690400150515713
346657896827875329
346657321335783424
346604877847359489
346604249704169472
346602741994491906
346602616941322240
346576781630898177
346357348698300417
346300128501575680
346299491307094016
346170532888199168
346062628084396033
346033060749402112
345942306886664192
345895942467227648
345892896320417792
345879279810256896
345839039536054273
345812857927110657
345805205251698688
345800908036259841
345794072868421632
345793459896061953
345793172464599041
345525235602292737
345500493377839104
345500364444930048
345500306970394624
345500261722226689
345500206068019201
345484929053892609
345484783243104256
345466296135200769
345465307252547584
345442162021904385
345389489763528704
345243396551622656
345242624204095489
345242045058781186
345170602627325952
345170117845463041
345155968914563072
345155774793781250
345155389177880576
345155199322689538
345155151427936257
345154908321882112
345154542360485889
345154150901891073
345149485325893633
345149189312876544
345148438285000705
345148171992838144
345146233507155968
345144628103757827
345143279131709440
345142853019774976
345142586157182976
345142550794997761
345141705894424576
345141429833723904
345140973262745600
345140466540482561
345139926817439745
345124957187108864
345123685771907073
345120764548247552
345120560675688448
345085898163109888
345085837425389568
345085756282372096
345085318476730369
345085247790149632
345084313534087169
345079201168252928
344846311545241602
344844670737715200
344844545810378752
344840231402479617
344837620628615169
344837403585957888
344837019614187522
344836765636493313
344836144149708802
344835764275785728
344835543852527616
344835163949236224
344834858968821762
344834654110638082
344829623739236352
344828761784598529
344826681913118722
344825498414751744
344825058973335552
344825042477129728
344824994141966337
344824965792673793
344824913934303234
344791216493301763
344785938108522496
344785527272259584
344785498230890498
344773551515115521
344762778826993664
344758711706853376
344757948922343424
344757137454555136
344756572678922241
344756525560119296
344756432488497152
344753725908320256
344752696923930625
344752430250070016
344745203556556801
344744866133200896
344740828306108416
344738594935681024
344738140579323907
344735658537000960
344734120049532931
344733634164568064
344733297332584448
344731671687479296
344731605648162817
344731560605528064
344731471019393024
344728449866407936
344728108320059392
344727912576061440
344727895865954304
344726644696682496
344726515042361344
344725985113022464
344722990895857664
344720043612971009
344719933587996672
344719312659021825
344716234849390593
344715756304474113
344714768130662400
344714380644085761
344714160300503040
344713943417229313
344713397264343040
344712906551726080
344712794781917184
344712640137920512
344712278832193536
344712157151260672
344711910702333952
344711808386486272
344711027285426177
344710968523239424
344710812155379712
344710689962725376
344710569267453953
344710332167618560
344709908383555584
344709561640439809
344709133225828353
344709080096591872
344708729251442688
344708679620235264
344708488800378881
344707974704558080
344707392895856640
344706756645093376
344705791414136832
344704568514461697
344703455044182016
344702449497542656
344702025956749312
344701485747142656
344700881276657665
344700216513032192
344699816846180353
344681759272730627
344656078354657281
344655979142594560
344655556725850113
344655282846187522
344655072875147265
344560353277009920
344559473836302336
344559232286355457
344545668104347648
344545493826801664
344544637127643137
344544065829883905
344542873414410240
344513781931593728
344505220912525313
344504966536384513
344504717776392192
344504603527757824
344482709105680384
344440413190500352
344402224073539584
344402190984679425
344402170231263232
344391760270725121
344390662688489472
344389258674581505
344389211354447872
344386438319726593
344354215889604608
344338340591579136
344332373959249921
344319788241272832
344319294190010368
344177710614069249
344134441473560576
344121951767367680
344044636064587777
344034234983387136
343989670675365889
343980272901033985
343977223189037056
343965758973431808
343964046841753600
343963483584491520
343962543234117632
343939631240327168
343939387068911617
343938993215389697
343938753598992384
343938332641861632
343938293454471170
343824032732413953
343785932807368705
343658825976532993
343657862637170690
343657601277493248
343656814111506433
343648404674584576
343647676216262656
343647070235795456
343635783422459904
343453237116026881
343332187107627009
343326774962290688
343326687645286400
343326676509396992
343271535320125440
343271226514489344
343255537678417921
343084426982469632
342985448043458560
342971885027471360
342965711288803328
342965680854941698
342956698048282624
342898086508638208
342898058322919424
342773512227926016
342772576709394433
342771989649424384
342771876231254016
342770925147652097
342761126733414401
342761014078619649
342499663959703552
342499646817583105
342287637169721344
342272049521233920
342269214918332416
342269036366807040
342251560014843904
342192525093789697
341899652909641728
341899593149198336
341899447975940097
341848845237497856
341847513831206912
341845777099919361
341844917062103040
341843779822698496
341843183795322881
341838985129234432
341809737278562304
341809611478802432
341809535712903168
341798433801240577
341798105739563008
341797943633920000
341796814497914881
341796739226939393
341796567809929216
341796442584776704
341760715746578432
341750224617877505
341734005068140545
341733580709441537
341733510446448640
341733364375629825
341733077141311489
341731907123421184
341692187030986752
341677067697537024
341663280307245057
341644987378831360
341639658909868032
340840508815458306
340836895921668096
340831910970404865
340830625097465857
340582836321001473
340571529400156160
340546301890535425
340542107758505985
340531086490742786
340310230334324736
340309606280605697
340192534196281344
340188218450403329
339809155286175744
339807255228710913
339806386991013888
339806325825482753
339759076877664257
339743228502867968
339743184831778816
339742862658908162
339705400293212160
339693807954165760
339462171513729024
339451956982591488
339451805933113344
339450882737455105
339450343609995264
339449773193043968
339373366706315265
339353836688912385
339321883747037185
339321814201270273
339321750171041793
339321443491921920
339321301997068288
339321178864881664
339318660730593281
339315333011738624
339315292381523969
339315260257345536
339311398272245760
339140696768405504
339140432665645056
339140119460200448
339138446142615552
339130312766390272
339101964937867264
339041629463781377
338911109576802304
338775910981447681
338665784903614466
338655179949867008
338652838198640641
338648522373070848
338648327295995904
338647761526341632
338645740102483968
338645413106171906
338617540391604226
338616663459106816
338594507929030656
338590287414833153
338552916862451712
338551694143135744
338551460012900353
338550464985567232
338548905652416513
338548582728749056
338548242285473792
338546868466368514
338545428528242688
338544882996084736
338543899230498816
338543476004229120
338542737366339584
338542701593100288
338533514553204736
338531361973473281
338413340802035713
338372363714433026
338365745840926720
338264914395271168
338059650169716736
337957848069844993
337906545776013312
337906258558464000
337905856186302464
337635844611510272
337614124601188352
337611817654296577
337598837063561216
337598561908834304
337598171876319232
337596332753690625
337586056285261824
337580559880552448
337562770306379776
337551710329372672
337541227425722369
337522985827172352
337510748194480128
337498307821707264
337479135834292224
337478128677040128
337477984963411968
337473862755295233
337473619053645825
337473568155774977
337472121053802498
337470982518370304
337470597212807168
337470065664479233
337469819324596225
337469627137413120
337469409167818752
337466241532952576
337465754129682433
337456993130389504
337351062317039618
337349986201239553
337349400487665666
337349248456744961
337348948253622272
337348649312989185
337348320911556608
337347726016643072
337346858227757056
337346381129867264
337346030582501376
337345668676993024
337345282977169409
337345044161916928
337344687037898752
337344521912336385
337344042079776770
337343422044188672
337342877728403458
337342335585234946
337342166701572096
337341939882008577
337341540663951360
337341284631068672
337340985333932032
337340855503437825
337340490506719232
337339932496523264
337339174401228800
337334279140958209
337333886633779200
337333496420896768
337329716207972352
337329345242738690
337329023896129536
337328478041022464
337328348294414336
337328116198416384
337327713188712449
337326986827542528
337326649244786689
337325209663176704
337324804023660544
337324288518545409
337323907642183680
337323710136590336
337321472341209088
337318500269969409
337318032907059200
337316838914523136
337316307995353088
337315055978827777
337314839254937600
337314388212080641
337313572537384960
337313076250570752
337311742461870080
337311450433470465
337311321471205376
337310893320855552
337310436204609541
337310392621608961
337309382620631040
337308451246063616
337298760289894401
337294555617566720
337284837310332929
337284549149085697
337282807590174720
337282119166464000
337281514331066368
337281250475794432
337280352114573312
337280033548820480
337279398304694272
337279200769765376
337278440430505984
337278287065780226
337278149354201088
337278006311653377
337277416336666625
337276971753033728
337276432092889088
337275845255233539
337256518065987584
337256225760768000
337253566953693185
337253416621457408
337253036986613760
337252874239213568
337252604566437890
337251638093950976
337251599384719360
337237946975518721
337227865592586241
337213452516995072
337205683269287936
337205331811786753
337199581978820608
337198995770322945
337198538490519552
337198299373252608
337195748087173120
337183568570748929
337183485758410753
337178240131158016
337177704556269569
337177628953939968
337177286585487361
337177245678452737
337177147514970112
337176552179638273
337175810421166080
337175602639552512
337175250078937088
337174752529616896
337174206972313600
337167500200509441
337165584179527680
337165485340770304
337165429011251202
337165280654540801
337164551877439488
337164319856922624
337164236105064448
337164147286482944
337163606028320768
337163195783458817
337163137524580352
337162974622003200
337162914492477440
337162762822221824
337162261124751361
337161782634364928
337154271021764608
337154205917777920
337153774923681793
337153624725651456
337153405732667392
337152778642259968
337152482654420993
337150647495426049
337149123990011905
337147097805639680
337146095207583745
337145878999609345
337144997503717376
337144403980333056
337142467273056256
337142367960309760
337141961272201217
337141151146586113
337140888604127233
337140819431657472
337140405122519041
337139945758134272
337139870277435392
337139305715728384
337138558706020353
337136675329302528
337135307419955200
337135065236635649
337134303030951936
337133144752926720
337133038800613378
337129038302806017
337117581410447360
337115876128092160
337115338539925505
337114775446224896
337114699252498432
337111971117801472
337111850426703872
337111512307077121
337099219460562944
337097016805040128
337094576135352320
337074915998040064
337066167816564737
337065659982811136
336950138432008193
336950011860496384
336924258246737920
336923912686403586
336923590207348736
336923354831392768
336914739907133441
336850685331120128
336812269117775872
336800323190538241
336800294858002432
336788071293001728
336788049415520256
336772052939837441
336740670050025472
336740455490396160
336740287927951360
336579544683249664
336578844909764609
336547218146344960
336545067235962880
336519939076788224
336488045375266816
336450478697222145
336388787213058048
336380810238255104
336380460794003456
336240157244133376
336234742057930753
336196523417276416
336058483298410496
336058191756533760
335863197242384384
335862627651706880
335861920118755328
335861216717205504
335860779385495552
335860577509449729
335860183085494274
335859633128370176
335858829038346240
335858469167067137
335858119441801216
335857610974711808
335857355151527938
335857162033176578
335856992868528128
335856735032061952
335856400783781888
335856309842894848
335855753577512961
335855321480327170
335854922396471296
335854833204621314
335853470378770433
335853057550188545
335852013613105152
335851593956216832
335840069015457792
335839448208113664
335839033089486849
335837406328659970
335836698174959616
335836245743783937
335835931670085632
335835556267311105
335835111041937408
335834855239716864
335833885973815297
335833579856744448
335833078738063361
335832432488116225
335830488549818368
335830009765822464
335829527517356033
335701836839407616
335701517917106177
335699256574869505
335655941838102528
335655503571066882
335639693112778755
335639335544168448
335515366073696256
335466007151915008
335465679643897856
335410395240075264
335395183636123648
335275089073410048
335274129693503488
335152862885711873
335054083029340161
335053782406807552
335052590758899713
335040591136161793
335040253616332801
335039874262511616
334962015800004610
334960516269223936
334959891393425409
334959198288871425
334958318449729536
334957757537083392
334941886311710720
334941029859999745
334935477629091840
334935438752100352
334935081938468865
334760289939628032
334737773275791360
334736551063990272
334730097321984001
334723805492678656
334694476360589312
334682581062795265
334682362002669568
334682060079894528
334629488535162880
334628916897656832
334567719859007488
334561996332740608
334546631896752128
334546369090035712
334545835817836544
334545213152444416
334544920943673344
334544459385671680
334540834689126400
334540154150715393
334538867069833216
334538198380318720
334537951931416577
334537212064587776
334536370603302913
334536143020371968
334535856180305921
334535154691342336
334411311419101184
334409802727948289
334307803722305536
334307172223680513
334305814942740480
334300218323509249
334299939255496706
334295692044537856
334252869823913985
334251938361270272
334249042018197504
334248769270980608
334241925102178305
334236219389128704
334235597394804736
334235576343592960
334228986764865536
334228775371948032
334228718476210176
334227759381499905
334227133213839361
334227096694030336
334224095510138880
334223443157450752
334198428181594116
334193146093244416
334187150927077376
334171887083065345
334168123487952896
334167912887754752
334013198699216897
334004066722127874
333998888098861059
333996824723603456
333996429876015104
333996292638392320
333996090443567106
333952671822262272
333951877928603648
333950212538249217
333916346414936067
333915700190134272
333902203112800256
333857493325316096
333849464676687872
333845963842129920
333845393995599872
333845201091166208
333844828708278273
333632931736207360
333620283011366914
333608493267443712
333578088845811712
333561003323310080
333560732278988802
333541908263612417
333541631108186112
333541555644272640
333541287024263168
333541017087254528
333540423790387200
333539862563131392
333539626935541761
333539142157873152
333539100248379392
333538233902321664
333537948756766720
333537453199728640
333536317394788352
333536290735808512
333535726442536960
333530137813454848
333334297211711488
333295756700172288
333293720550137856
333293112929705984
333292171711090688
333291314378575873
333289555325231104
333288416731070464
333288037960261632
333287588070842372
333286386348220416
333283044523913216
333282961875140608
333282233949507584
333266525588946946
333265778990268417
333257941975171073
333256954224971777
333254362950406144
333247866002878465
333193732025372672
333157040488849411
333149848222183424
333149551064137728
333142337880469504
332890529769598976
332858423647559681
332829216183812096
332828127044718592
332620719651422209
332502099990548481
332457748837048321
332457723226636288
332457699663028224
332448257106124800
332140236568133634
332054138282192896
332053418971639808
331785359308488707
331785005204385792
331784820038447105
331707564561661952
331707452028497920
331701842243358722
331701217245929476
331675918340857858
331662755868315648
331660031923732481
331513111066574850
331512292267143171
331473743845146624
331378637297291264
331354162585546752
331353907953553409
331347843061268481
331088191648047105
331022646340894720
331022585145991168
331012078200565760
330987487923150848
330986782655123456
330971054854008832
330835139343040512
330832334519672832
330830707041632256
330815335160741888
330814909334028288
330813097415675904
330813029925142530
330807104938057728
330806776213676033
330774323050721280
330774183623655424
330774010621198337
330772315216412672
330772185394327554
330772008541487106
330766056387903491
330668606125920256
330665560964730880
330662719172788227
330650635869491200
330643160223059968
330428711545479170
330427760830976000
330426333341556737
330422350505975810
330417122721284096
330406675104280576
330400664972832768
330397305092059136
330394885251268610
330394163910688768
330393305256951808
330393276656009217
330392962796249088
330392554422009857
330391883190792192
330390048291823616
330389402314477569
330389203500294144
330372571948257281
330363668963401728
330363378906320896
330362478687051780
330345183080243200
330344507746942976
330332790900006912
330313645093437440
330306219392770048
330223505402626048
330218890854535168
330215309015392257
330214617529868289
330214208467771393
330211311831089152
330210395627352064
330210099454963712
330209681018613760
330208281056391168
330201741712826369
329853479906586624
329853368380035073
329853270048772096
329853065786175488
329709383116267520
329594276969328640
329583394205863939
329550558472060928
329540449649958913
329520778913648640
329345520487247874
329331969106264064
329331592210300928
329259005170028544
328960509640585217
328901679862919168
328853240659718145
328851495380459522
328851455836569600
328808779430895616
328774926154735616
328644539625652224
328584649968320512
328561804282298368
328485365340045312
328476275981303808
328437150561476609
328211005744234497
328209093607165952
328197555882168320
328156307309862912
328057872695042048
327925461642510336
327875977562689537
327874663667597312
327874301963407360
327869731640061954
327730847702712320
327674086048276480
327590216737099776
327451754235039744
327451540493324288
327451298167398401
327103255555489794
327075725863694336
327057110867271680
326654586762977280
326620153435521024
326618447414960128
326617436688351232
326611684636639232
326594153762930689
326437212877099009
326436300750192640
326415626623127553
326407935070728192
326393151772303360
326303774576615425
326016352357851137
326015851625070592
326015539313000448
326015513455108098
326014445413339136
326014256778723328
326013883741507585
326013730162868225
326013474205478912
326013286971748353
326013053575499776
326013049087602690
326012430008324098
326011700186849280
326011664778539009
326011360540508160
326010648368652288
326010431921594368
326010055122096128
326009775626256385
326007331097821185
326002280665083905
325982977731485700
325977281451413506
325976242245496833
325975948207988737
325975296606105601
325974449964851202
325973998569652224
325973505332084737
325972865780428800
325972430097117184
325971548802527232
325970329996517377
325970195690692608
325970080242491393
325968833376563201
325934628370259970
325934599165317120
325934267429421056
325934218280570880
325913398007177216
325899473408626688
325899362943254528
325898723345457152
325873512147464193
325779515102068736
325713850714423296
325713707218907136
325650110228865027
325629025500413952
325608498647937025
325283477731815424
325171439026184193
325169434572505088
325168551826698241
325168435875160065
324994258790670338
324912537244147714
324911625008193536
324866744915202048
324866676439007232
324866609367896064
324866551121604608
324830638932914176
324830300737773568
324254827804774403
324254722829713409
324253203078197248
324122128221876225
324121628642533376
324121467270885377
324121147530690560
324120592922071040
324118789329395712
324051904822927360
324045849346859008
324045475089088512
324042843586973696
323727456320237569
323700823899136000
323695823080796160
323550638371909632
323533684131110913
323513206767239168
323501494299156480
323471512172634112
323419528300220417
323416111649533952
323411601585754113
323410399972188161
323408509884579840
323406761321172992
323405377288953857
323404336208158720
323402763608420352
323388344526585856
323388108324368384
323385416961105920
323385384383942656
323385342017277953
323385248576581632
323376150745321472
323375149216837632
323370096565313537
323366322174042112
323366256407347200
323366211876450304
323359749494165504
323359652261789696
323355758223847424
323353729996845056
323348555974705153
323348407127269376
323347904846766080
323347695089635328
323187686452121600
323181082897948672
323180822750453762
323176615347646464
323152247997493248
323152160437202944
323142462895951872
323141885986234368
323141825353371648
323133165013176320
323131447546363904
323131180734115842
323127823671902209
323125459040731136
323123181781147649
323105624571383809
322947986374139904
322947692017881088
322452893619855360
322326957079539713
322294904682332160
322294859513864192
322289299531919361
322277307215650816
322277139414134784
322276947277254656
322276489288622080
322275471289090048
322275266120544256
322270296595910659
322265180874604545
322251185144877056
322237999586897922
322231531739430912
322230463303393280
322229642977243136
322229548970295296
322229361820442624
322064478013358080
322044789845544960
322003539616464896
322003474101460992
322003257453064193
321992895303389185
321946586970206208
321946499984535552
321945569666932736
321945170469859328
321942194237894657
321942006790238209
321941011041497088
321940324584931330
321939464312209408
321939249823899648
321938924584984578
321938732779462656
321938073095131137
321937472651161600
321936955690594307
321936900560670720
321935966610784257
321934958463705088
321934122572464128
321928785194799104
321927303061987328
321927108760838145
321924720553496576
321924616064995328
321924355141558272
321923999808499714
321922976566108161
321904696090574849
321901399698968576
321672898626600960
321672776555565056
321666884862869504
321635584735055873
321635454938148864
321604801060282368
321572221019619328
321565149691531264
321564633850851328
321561453947662336
321560372110843904
321560153906352128
321559601550069760
321557981940568064
321556843228979202
321556458728718337
321555845211123712
321519559825838080
321519304224931840
321391155927470080
321386366791467008
321382063011942400
321381869155414016
321381762372599808
321315259669430275
321315228186992642
321310067662135296
321309781161807872
321306419922083841
321306379216379904
321305840210563072
321305745310232576
321305334574637056
321304925722263552
321304838245867520
321304739293831171
321304528693653505
321304448548880385
321304428026155008
321304302889091072
321303724419076097
321303477454270464
321303386072961024
321303202106601473
321302904239689729
321302470406045698
321302366219554816
321302281788215296
321301572862742528
321301220721557506
321301035127828481
321300841850097664
321300110929694720
321300001441595393
321299857073651714
321299361105596416
321299345498595328
321298260201443328
321296766353936384
321296562535952385
321296525181452289
321296433087119360
321296076969758721
321295707753553920
321293028977410048
321275178959114240
321252426231451649
321250156613885952
321250048644096001
321222988580126720
321222626594922496
321220974953504769
321175207849099265
321175110448992256
321157204277346304
321037023349706752
321032790395195392
321032418582745089
321032237665640448
321029892869337088
321024837894164480
321024013918949376
321020854995673088
321013392733241344
320991204806369281
320942269098250240
320875191540535297
320872540631355393
320871899779448832
320871652982419457
320685375809003520
320683939058569216
320493445741420545
320493315554418688
320493048620539904
320186995831881728
320182824453959682
320182409385619457
320181943553646592
320164573304983552
320146996159729665
320104894130450433
320103069197148161
319909745785987072
319846550060797952
319846474718535681
319830306146369538
319750259989417984
319727520587067392
319695216984604673
319694852436664320
319694678142377986
319585779754086400
319577740837810176
319529070436175872
319529000550678528
319468200502890496
319445925267402752
319445525214683136
319416674954649601
319369573986082816
319338620668481536
319334047098736640
319300608026886144
319227919396380672
319216603323576320
319216041647554560
319216003638755330
319215912144207873
319198636900761600
319191942011437056
319185970006196224
319184552385982464
319182027830206464
319181596051787777
319181403050881026
319181077887459329
319180654107561984
319180557084946432
319180252913999872
319179978740744192
319179429509210112
319179358482878465
319179132502151168
319178546306236417
319178476135530498
319178339636084736
319177783018414080
319177191139201024
319176964789387264
319176887886823427
319176609154355200
319176497225146368
319176138159181824
319175663338782720
319173753110147072
319169246951251969
319152203103338496
319151929785720833
319151824009580544
319151762382659585
319081337225101312
319021903668994048
318996765355438080
318996318490083329
318963182611877888
318951423444385792
318951166404861952
318950623120859136
318950283751346176
318755994727493633
318746963254312960
318600786357661696
318437319231303680
318437251447156737
318417807010328576
318357508181864448
318357211132854275
318312716999741440
318311944169852929
318310855420817408
318310224173867008
318309760434835456
318309266102575104
318124489261064192
318123957402337280
318123797318356992
318104132294701056
318103422408724480
318102130533756928
318101487978958848
318100660837052416
318041863921758208
318041296054915072
318040956119166976
318040269461270528
317998236537348097
317619220429017088
317618401986113537
317613656433127424
317607877890174976
317532693921406976
317524178100174849
317401898669985792
317263186032205824
317262580471181312
317262261028794368
317261226398846976
317260237872717824
317259475406962688
317258870143733761
317256628346949632
317232186988322817
317230907901739008
317229796490878976
317228999493419008
317228939548434432
317204213933416448
317051048118333440
317014889149378560
317014601919242242
316973980420554752
316973755949805571
316962619246395392
316927942972289025
316912269202178048
316911531512176640
316869500563779584
316835987831537664
316833532108484608
316830317086375937
316828053923844096
316827620950024192
316683084277886977
316597539447136256
316597471453261824
316596873278410752
316596481052258305
316578436544098304
316567549506625536
316567398541041664
316567186372190209
316553890311065600
316553405151727616
316552815671652353
316552149398081537
316551789103177728
316551304661069824
316546622232354818
316546173387284482
316542095944974336
316541751181594625
316541701151932416
316541338449481729
316540996689227776
316540912580820994
316540645365932032
316540592828059649
316533111519318016
316520668302819328
316511408495919104
316474987634647041
316198586268385281
316198097095098368
316197471648882689
316139956307361792
316126625760681984
316126617544032257
316115488902115328
315929778148495360
315929687610257410
315929486703075331
315776945780580352
315776868529885185
315769823864967168
315581190449016832
315576267409879040
315550250821632001
315550105853898754
315550022471151616
315470338853048320
315466663015350272
315466187301597186
315465440291860480
315464569193635842
315464225462030336
315463027052916739
315462915404746753
315462880910782464
315462662010056704
315462323701690368
315461762935844866
315460302827311108
315458882703089664
315453475687391234
315453137316085760
315451027858026498
315450717404016640
315450601800601601
315449708770381824
315449207832076288
315449022565474304
315448907071094784
315448462055460864
315447809379803136
315447255047995392
315446460315467776
315446045196836864
315444701618642945
315444568860553216
315413147496378368
315385729008160768
315362927723024384
315360225362329601
315359896608595968
315215238708477952
315212886760890370
315137754096873472
315137400416395264
315012098491052032
314996650319958016
314654667927863298
314618541691265024
314317848002584578
314317589524398080
314310810098884608
314309864086188035
314309572330393600
314265154143531008
314263004264943617
314055438779965440
313958255065960448
313570857916198912
313570441698623488
312553510870847488
312540562018418689
312526662715715584
312526322457001985
312526272322490368
312526184795734018
312476012401270785
312469688158400512
312288205019959296
312288067048337408
312287632270958592
312165746958536704
312164110609559553
312093169384833024
312093101600694272
311971055315087360
311929138434949121
311928708388777984
311928117109329921
311926217144139776
311925655136788483
311922029773336576
311921849627975682
311914192980545536
311913663919435776
311913057876058114
311912324619456512
311911787874353152
311868237493178368
311861747533357057
311861663731179520
311858934950539265
311855193446834176
311853616229142528
311852588389769216
311852166165954560
311850568786268160
311849610605903872
311849458981814272
311849357186039809
311848851143270400
311846930055565314
311842727803379712
311842368829669376
311841851109945344
311830646848892929
311826710595260416
311826621512437761
311826543762612224
311826504155791360
311826459318689792
311826393245814784
311826369254408192
311826280834289664
311826233459609603
311826187515219968
311826165415424000
311825928554704896
311825793057689601
311825644243787776
311566017744748544
311566001038819328
311565988619493376
311565978087591936
311565971770978306
311542950272311297
311502671112699904
311465638243737600
311457003711102976
311456957628301312
311456872668491776
311456623551983616
311436267374141440
311422743155470336
311416236762353664
311415414016049152
311408207388098560
311403387709186048
311402836091105281
311401749745369088
311401660649963520
311401306281607168
311400708693975040
311400623331495936
311399903345643520
311392808063881216
311392057396695040
311391581938786304
311391035458715648
311390459912126465
311373123524100096
311083309352484864
311070710724435968
310846901719285760
310830736091521025
310830086846832640
310829689843372032
310792668915585025
310790901733675009
310786675494248450
310753665864572928
310752651153391616
310751790192787456
310751640808484864
310746447438020608
310746189916164096
310744510424576000
310743628366618625
310742481920720896
310742142068858881
310742043574022144
310740868514582529
310740583691993089
310740474036097025
310740135245406209
310739821561794561
310739362432294912
310735185580785665
310735020870492160
310734328558678019
310719933489221632
310689199336603648
310686365396385793
310685376488550400
310684548897853440
310682223231791105
310671973095206913
310664265499553793
310662619650461696
310662533306535936
310660530614460416
310660330323865600
310660201965568001
310660021501440000
310452588652933122
310444399823826944
310442804834865152
310442650501263360
310440604620423168
310440078482755584
310439599115747328
310439524775895040
310438871211057153
310438148016586752
310437185599967232
310436620845326336
310435962419281920
310435643446677504
310435060744593408
310434429241802753
310433717208358912
310431331123335168
310423992785838080
310422461143478272
310416856081129472
310407232502247424
310406514005393411
310402616100265984
310402540598603776
310402135776980992
310402002842689536
310401937063411712
310351695072858112
310351440046612481
310350103200296961
310349486859902976
310346059601829889
310344841726926848
310341867730513921
310338714712809472
310104354004811776
310024526362730496
310020802621890560
309951550124613632
309758930958045184
309758642259886080
309758405768278016
309667158483423232
309666865851015168
309635308515889152
309611910800756736
309611745952034817
309586736072228864
309445726260305921
309445306037182464
309430927522684928
309426929159782400
309426836968964096
309392286310076416
309391822915006465
309384332416532480
309384022071603201
309374230879948801
309374072142323713
309373401024327681
309369835333226496
309360567955623938
309358018032701440
309357659784638464
309356895016214528
309356432220909568
309355484463386624
309355065418842113
309354834354655232
309351517318676481
309347703421284353
309346702886842368
309344224791375872
309343470961713153
309340851358818304
309314726763061249
309314207969591296
309270328750772224
309255999812956160
309054069044031488
309053761299554304
308994414099972096
308990879861981184
308990596146675712
308990470447591424
308949220424040449
308949057521471489
308918178384314368
308916986258259968
308916707144110080
308843979494027264
308674866184339457
308666055285411841
308626116816564224
308626011136860160
308625899509661697
308625858766176256
308624064791064577
308623841008181248
308620872015568896
308620774330204160
308620701466771456
308619463979327488
308618535528189953
308616324337262592
308613263585853442
308613205247275008
308613157394448385
308612917358649345
308610790372569088
308610482162503680
308610426483130368
308610075642171392
308583198667984897
308582972779556864
308582842626097152
308582595552219136
308581112815423488
308580933517324288
308579497152749568
308578415991214082
308578318133899265
308578060817543169
