398150973795098624
398030505888579584
398029746769887232
398024962646110208
398023212736323585
398021735670235137
397856415190360064
397796018819190785
397692460908175360
397621137225814016
397499831406841856
397497850852306944
397496325950156800
397494865778720768
397493873523843072
397486591385800704
397485877485928448
397423731363942401
397423063832092673
397420517189091328
397412713854291968
397364411570339840
397363880139423744
397361230022975488
397360189793665024
397359033604407296
397358296258338816
397310301579653121
397306894752026624
397139336392478720
397121250482343936
397011920768991232
397009247709724672
396953990635986945
396941868782862336
396934161598251008
396929835219845120
396925380923518976
396923510091943936
396921356811792384
396919158329597952
396911620058017792
396911424934801408
396658658211540992
396658011890286592
396590322811424768
396583447441186817
396580923703324672
396578350883692544
396334307079651328
396300281631473664
396255654807343105
396254137756966912
396252455765151746
396251921788731392
396246738966564865
396246277689593857
396235984570163202
396197810774634496
396196279992455168
396195335531663360
396194138242449408
396034714869325824
396016577918685184
395850097516617728
395648851383971840
395498398276521984
395472684244795392
395460080348696576
395306734581215233
395305977043775488
395304593841979394
395303306794647552
395296804994301952
395292414707257345
394976922712965120
394938974781067265
394884634669883392
394874267168280576
394871531152482304
394870794394021888
394858439471427585
394858178971566080
394806349936488448
394804817107111936
394801792040849409
394771858496561152
394589935640260609
394589158033076224
394586926805569536
394584122607157248
394564793186529280
394518109853581312
394365328777805824
394235654223446016
394229886681743361
394216772443709441
394205578009927681
394122319494262784
394004580922851328
394001927295737856
393992424231804928
393864680138997760
393861925097852928
393859586962120704
393842907025014784
393816008580165633
393747901887021056
393655493774036992
393124346354761729
393122416240914432
393117898262474752
392964889074888704
392907607071277056
392901768390393856
392899350533521408
392779260970409984
392765094868033536
392694701822050305
392694257280385024
392693899778875392
392693478154858496
392693200219287552
392177234897018880
392175566553890816
392031623409336320
392030193768222720
392029786539057152
392028290472751104
391852580122664961
391804297950003200
391675949760405504
391650947367460864
391645121642762240
391644453553057792
391638525873233920
391569692340789249
391500039576879104
391497618649788416
391497294333636608
391493065145610240
391491689225129984
391251867181002753
391251702911094784
391250956647956480
391177671755194369
391112601637511168
390935046259236865
390931728636055552
390931375517618176
390931036877905921
390929471991451648
390928501488234496
390927184493563904
390926286031712257
390925689475846144
390925143092256768
390923931810799617
390923118652690432
390921792787075072
390868330262704128
390860137168007168
390857436287873024
390845707881820161
390840529984163840
390838411076308992
390831852296347648
390830717552562177
390823674825408512
390822462449274880
390790704454463488
390790500309274624
390767750588530688
390766851493359616
390765800505610240
390765599153876992
390765515624296448
390758420208693248
390757754929180673
390755354017280000
390754399519531009
390686716287524864
390685729724325888
390445717090996224
390385654267654144
390383435153678336
390381804362166272
390381419505397761
390147001679368192
390144761002475520
390142745735860225
390142575929094144
390100174774992897
390082644286791681
390063192237694976
390056543309529088
390055644717658112
389980117713580032
389802483721441280
389787965859168260
389781909342937089
389775914428403712
389774673749102592
389773780689506304
389714914828619776
389714414192312320
389712543423692800
389712390486773760
389711828454227968
389710468753137664
389668596718530560
389631865260630016
389626417090420736
389625561787949056
389511964227284992
389508896408494081
389507128496771072
389504558952882176
389502429882236928
389472606463987712
389450038801629184
389436692882808832
389386201524101122
389380214117380096
389358309368922112
389269330879602688
388988951106551808
388981491754995712
388981250285137920
388980660678819840
388980526796648448
388979133591465984
388976474742468608
388973769382838272
388961856691658752
388960334184464384
388960025856983040
388942336530853888
388942069995413504
388938384284323840
388936126838628352
388930999075500032
388930471662739456
388820758451200000
388771204687212544
388696503222820865
388669782737682433
388565180600549376
388564791046197248
388283705258938368
388076621338791936
388076362940301312
388068635904077824
388056626244378624
388055492825989120
388053597566808064
387993032748187648
387919864792223744
387917867326242816
387904744792285184
387902170391388160
387873115994210304
387853952420937728
387853766319702016
387851736641458176
387851060716789760
387850956693860352
387850457500368896
387849696955596800
387848578045329408
387844576641572864
387842927021809665
387835882163929088
387827914542419968
387827039916814336
387661492554047488
387660779656601600
387644980501966848
387637644890742784
387637259228704768
387635859211972609
387635327474876416
387635285879947264
387564001733128192
387539780327976960
387533765381079040
387532221432610817
387530769549115392
387278355206529024
387275254013632512
387272552047198208
387272373898313728
387121706780729344
387119448655556608
387093251226079232
387081165397852161
387079351927570432
386997281377226753
386997027760267264
386970941823401984
386970363198181377
386969664053846016
386822621654183936
386766801587011585
386627742164615168
386556231105527809
386540207673073665
386453578916696064
386452079155240961
386442412953837568
386442073504632832
386437930559877120
386433134511673344
386432342488674304
386430513369477120
386392535633240064
386388650550120448
386386568858312704
386377062300520448
386130975836864512
386127903425331200
386100166455222272
386094798333313024
386047912934797312
386043235975434240
385964045633073152
385959905624330241
385895865816469504
385767685998379009
385725667259977728
385714892524638208
385706156850556928
385704320454250496
385703097118388224
385701014575144961
385700590874923008
385700441268305920
385671363610304513
385648281776562176
385644810692222976
385473542588211200
385436493743128576
385433150954164224
385403540681682944
385402666731327488
385388832494850048
385381730057981952
385381293149933569
385355995255304193
385335787770085376
385332838973054976
385292431140204544
385273276874117120
385272676115570688
385270106500386816
385085321022820352
384991229693276160
384989114061189122
384988029296709635
384980725961068544
384953374157721600
384934043889852416
384931010002956288
384929129201557504
384925072982437890
384601403123314688
384600073759629312
384597553435910144
384596158657871872
384425145592324096
384422211496312832
384415644688474112
384382468323028992
384381244609691648
384379285278314496
384376258991521792
384376152942731264
384375029901045760
384373774290010112
384366155357757440
384331555390652417
384185347288334337
384060132986212352
384019544639279104
384018122661167104
383945795063386112
383944304718131200
383941983242182656
383914864332115968
383914290782027778
383912571155124224
383912365822971904
383903311088218112
383899268299227136
383898437487304705
383893279470665728
383890012942512129
383877991987568640
383848841872953344
383845967336058881
383642896056209409
383564546842951681
383564359764414466
383562691396120576
383562614573248512
383552179199434754
383516777864773632
383510068857421824
383496515140202496
383495385001779200
383494811552325632
383490467788517376
383480074412249088
383479521447792640
383479060607041536
383307758856339456
383306568156319744
383304485252382720
383302054909050880
383284198687399937
383270914655522816
383270367424679936
383217470032470016
383217221465407489
383154626704330752
383153364420534272
383149325682876416
383146923495923712
383146050329931776
383144473149980672
383144120476131328
383141586961321984
383129697405501440
383129041848381440
383128405794750464
382832233629093888
382745035282079744
382742806655414272
382597155694710785
382596754840895488
382596557230452736
382594975105441792
382594010755264512
382593642398900224
382592918608830465
382592520175104000
382591138277756928
382499185838149632
382418774009593856
382403392150454272
382402597921226752
382398511737995264
382397793224364032
382396837006962688
382394511500275712
382393950633730048
382390813508251648
382379154920194048
382266222068654081
382265596630798336
382264775230881792
382264069434384384
382260471933698048
382087689107161088
382065970648342528
382065668306132992
382059872289705984
382058293977305088
381899795952332800
381884781220593664
381884314302308352
381688541173919746
381543841163390976
381375354767544320
381361090451369984
381360383048429569
381359956005380096
381359586713665536
381359327627341824
381358161824718849
381353567174819841
381343613080182784
381337839947902976
381161697656197120
381159883837808640
381159094440460288
381158253012725760
381138899487449088
381135091382386688
381134794241085441
381134286176673792
381133258849017856
381132677052510208
381000931648610304
381000413740154881
380998288662491138
380956391554686976
380955007379845120
380954036452982784
380951939439427584
380950986858434560
380946524358078464
380718118232158208
380717934764896257
380684272446627840
380667489858097152
380664341634514944
380589921574338560
380361256705982464
380343698392756224
380324316732461056
380261485454184449
380260188848009217
380255746450939905
380254136857403392
380228886342414336
380227656534724608
380227476267737088
380206102601674752
380204731726954497
380202921100472320
380198891892658176
380091492402221056
380079905905844224
379907291580862465
379904338241404929
379893430866153472
379872853241659392
379871803449307136
379869144143134720
379867819070201856
379866068451614720
379863934511382528
379863618579619840
379863370603970560
379862404785766400
379861475843915776
379717602115067904
379699284968742912
379646778788052993
379523078767640576
379522060986249216
379518872765726720
379488340657315840
379473872850280448
379338398546558976
379337655806599168
379334338187657216
379330282148880384
378816073048809472
378807992151736321
378793061209632768
378792706300207104
378791481495920640
378784056437391360
378775748166688769
378763391428743168
378762668003581952
378759711778410496
378634069950492672
378591020218195968
378516604654350337
378452952840560640
378452246679154688
378450557414805505
378409157445316608
378150073688784896
378149831933296640
378123306622550017
378104630338523136
378103025862078465
378053867709427712
378051309305606144
378050921793863680
377862304026877952
377790359146733568
377788650429243392
377788352180666368
377787058569228288
377786129916772353
377784921000923136
377782590985347072
377747735589699584
377746120983969792
377686023008178176
377678533486972928
377677625927680000
377675665728106496
377537694651650048
377535398874193920
377533150756630529
377519114845450240
377464381644488704
377439001398870017
377352053754195968
377337418967699456
377336337529335808
377335972037685248
377081593271439360
377075963668201472
377072656178511873
377068190674980864
377065514771959808
376994461114314752
376992873280835584
376989194155220992
376988301389209600
376986944477351936
376981749021954050
376611564562157568
376575028252667904
376366637886480384
376285799710339074
376284465703575552
376282982102736896
375917346428162048
375916833829687296
375916638165413888
375912557753540608
375911558762606593
375858793940525056
375699632757952513
375699253123112960
375698761764593664
375698307043299328
375696077863022592
375694699774115840
375694164903886848
375650657933721601
375558919373856768
375482544944590849
375375808501518336
375373718404354048
375370566447796224
375348742221594624
375337510857342977
375337069046165504
375268315507085312
375257302913122304
375151102570037248
375144413535948800
375144194995920896
375021492666642432
374967018816303104
374836421800263680
374832569839149056
374830447080902656
374829241344352258
374828420581953538
374820243488907265
374819412337254400
374818913827446784
374785177085812736
374575391954194432
374524364441788416
374523581080039424
374457027382484992
374430940673499136
374425145953099776
374422773256704000
374417992035364864
374262732247539712
374233809463803904
374204106212012033
374203196605886464
374199342820622337
374189108966354944
374188983850258432
374158722366713856
374136323793518592
373654166239195136
373369530325925888
373367038829690880
373363413663371265
373361863784157184
373352500952571904
373204806959394816
373188738186498048
373176644007362560
373097783378862080
373086108495937536
373085310491824128
373029060869627904
373028198332002304
373024845925457920
373022438302691328
373013227875348480
372997487046717440
372994592603639808
372939403842580480
372938833882804224
372822110957469696
372819302581555201
372815933641093120
372652594348691456
372650592017317888
372631884893007872
372628897281896449
372619397963460608
372618809922052096
372483823424266240
372397195930402816
372396710217383936
372262418472534016
372262061415616512
372104195752882176
372073882821603328
372073122302017536
372072413468844032
372072400646860800
372072280626843649
372051523007954945
371996603512401920
371994784270786560
371994224461242370
371978998512746496
371865335806578688
371691960249384960
371691229249277952
371678621158875136
371567352330338304
371563916654313472
371456621882667008
371450809164509184
371446206616317952
371373906340642816
371298943118094336
370876532560232448
370876057832144896
370873968376676353
370872598483464193
370872259638206464
370870766382104577
370870232426242048
370824068779745280
370821568265748480
370615923579052032
370582240239316992
370581727208804352
370481353105498112
370476153850458114
370466504816345089
370466282161709056
370463885951635456
370454777786007552
370453386417942528
370453320760320000
370450948424220672
370448815067000832
370440038016098304
370439730821103616
370436373972787200
370320439933165571
370319574543368192
370271433710383104
370270990032715776
370256690463375361
370211473081249792
370124093913186304
370123612058947584
370104930209894400
370095761083891712
370094449227235328
370090064451481600
370087759496876032
370080025863016448
370073372065292288
370070467723661312
369956558920503297
369919408376119296
369918086415384576
369882499062956033
369875507565035521
369819162589138944
369817745640026112
369808881834139649
369739085948395520
369737420159602688
369736369163485184
369735430646030336
369734374558019584
369731704682217472
369729988167487488
369729546704388096
369724488084361216
369604680462393344
369600869924634624
369483898427686912
369443765095632898
369417234684579840
369316863677063168
369308577468411904
369306862581080064
369304223692763138
369234370386595840
369230124333289472
369226941116579840
369224888633942016
369223555499569152
369220965273591808
369220341953859584
369189095311818752
369138540996599808
369134064466268160
369131655929159680
369127354611675136
369123254742421505
369029171265040384
369021374724968448
368946543174230016
368794327616454656
368794084996952064
368793814325932032
368793335063797760
368791779585191936
368790943685562368
368790831764733953
368714663057698816
368695051003506688
368673807961051137
368665523204407296
368663390467547136
368659021437218816
368657534862626816
368656816319627264
368642973338046464
368491439748943874
368491204817612800
368487544507207680
368443619839332352
368437083939303424
368387807309348865
368334785376452608
368221223408660480
368215185754161153
368139757156859905
368137350200958976
368103585718239232
368100065963147265
368054554749059072
368050640209317888
368049651502817280
368040993687625728
367930836601307136
367889822779977728
367888880705748992
367888144605380608
367764901307351040
367624168642473984
367621322027073536
367608116084342784
367607219283435521
367602630601605120
367601911337193472
367547234147368960
367542452833775616
367532980254035968
367523671470268416
367410618703552512
367318033955438594
367316294841798656
367314725698142208
367310919002357760
367203699481116672
367200932465238016
367200095802253312
367196894340317184
367194110165544960
367193184482656256
367192069414322176
367188973745364993
367187617110306816
367186169827950592
367180305062715392
367063794373365760
367062749383516160
367061656503078913
367060738726449153
367059531383451649
367055766630715392
366958801338904577
366915280611446785
366845084488052736
366611382700998656
366609572737200132
366608443563458562
366604945195147264
366596687218741248
366594918984060928
366594124192808961
366455083329798144
366133460219334657
366008680971370497
365751911330226176
365748683033149440
365563110897090561
365517474214588416
365513216308162562
365511784372772866
365511383451836416
365467752317722625
365466260059852800
365400599338033152
365400515066068993
365397759471259648
365365383030513664
365359434911858688
365240877372801026
365239189245140992
365162309754167296
365160536532451328
365076923845586944
365073967851507712
365020697447239680
365016773940084737
365004583414038528
364965759803342852
364960517137244160
364958018091229184
364952113920479232
364855359682252802
364843954786664448
364829599567323137
364686181738766336
364655553617739776
364655206388080640
364650598764785664
364648019011964928
364647871619928065
364645981230338048
364642998832738304
364423376439611392
364413464250298369
364387662674669568
364386690783125504
364384849181671425
364384339947028480
364382097932161025
364377591794249728
364368715984285696
364162857577242625
364162165466730496
364159034473345025
364150425635024896
364147353177317377
364071433632493568
363994198502277120
363993032120479745
363987659834003456
363986435260424193
363986230687432704
363985055611224064
363984585325289472
363916436395528192
363915391531503616
363800623176617984
363799351182622720
363798787233292288
363791528730173440
363729384441520128
363589467237388288
363567061785509888
363566660491689984
363559028687142912
363408784334790656
363357506405666817
363340252058251264
363338762643718145
363338141899296769
363335104476626944
363331281813528576
363326502739668992
363326243401629696
363242429438525440
363055883401445376
363054712347574274
363052715045158913
362947775542996993
362946357037760513
362903376628944897
362903039201394689
362893290225410049
362891724764356609
362891503732920320
362870747426856960
362868617089523712
362866919533064192
362858172156882944
362837412436643841
362828334687723521
362675533781278721
362660528977489921
362658971846316033
362652843527782401
362650270943027200
362649962024140801
362645723625431040
362619569107517441
362618493981560832
362614077949886464
362585962783576068
362582604391784449
362580257204744192
362579678353031168
362566010613661696
362565282444738560
362531118265806848
362530824756797440
362517861014573056
362517161203351552
362515877846982659
362511971762978816
362508472937492480
362358350484209665
362345821141868544
362344798662832130
362213886566469632
362207804850831360
362206293743775744
362194630441304065
362194182569345024
362188299252662272
362157091827351554
362106092781711360
362105964003995648
362097498040442883
362092309266964480
361995765855424512
361994210414559233
361937166101774336
361935356687417345
361934626379411456
361932118646980609
361718467625357312
361716626070061058
361629744166473730
361555899959087104
361535701654831104
361534580123119617
361461645026922496
361424896988942336
361422977067253760
361422012876464128
361418455750152192
361416226259472384
361250330131959810
361113278568611841
361103040897490944
361064846428618752
361053723188932610
360886521307475969
360842843914379264
360842668315648001
360842441911308288
360815042431692800
360812967916347392
360806192550920192
360788911573827585
360748796843532290
360743323092271104
360742740994170880
360726771949244417
360726573130858496
360723378543394817
360719219140214785
360718838519693312
360713900230053890
360713666984820736
360712429988102144
360675817036062723
360674133736046592
360669962521690112
360669115289067520
360537384095461376
360503725149798400
360470214598602752
360468934656397314
360309185461755905
360308325059018752
360302607455100928
360292327803207680
360284700037758977
360282466709291008
360274208590266368
360272600557039616
360169962687574018
360165730592899072
360162813567709184
360160188273131520
360151040345128960
360149979723071488
360113716953497600
360110724862840832
360110128986464256
360109859393384449
360109392517009410
360042422056665089
360040775691677697
360038674278268930
360026352247779329
360026170697322496
359998422176112641
359650888886915072
359577340830957570
359422118754136064
359352114700488704
359338316371472384
359301187293945856
359299984413302784
359298459729661952
359295625952641025
359246415492833281
359246159384035328
359241678353211393
359180545441267712
359176526773755904
358898591948996608
358867585376329728
358865720249040897
358584105488756736
358573831348170753
358571724503130112
358307807960895490
358306201076908032
358250137899909120
358249376524681219
358201065759449088
358137535316234242
358100374953394176
358099657655726082
357903280271130625
357883060538183681
357802956504461312
357799695839531008
357794513391063041
357750371944370176
357749095034667008
357743079035379712
357528152991481856
357427670750986240
357426588364713984
357422829874065408
357414505837363200
357281273607225344
357245285245796352
357241032192180226
357212228132409345
357210466528923648
357208121560662016
357164511800725507
357132730884042752
357132342554406912
357116921642090496
357059616582008833
357058664458223616
357057501235126272
356906384090083328
356891276181901316
356881676938383360
356880668485103616
356880181664808962
356878481881182208
356876607799042048
356874870916792320
356874495753068544
356872630311190529
356763436035747840
356761202619187201
356757238783819776
356712371986763776
356660488848941056
356657525212459008
356654825078923266
356543998447452160
356542970306101250
356542069612875777
356539087651479552
356514328591085571
356414719415967744
355942167585357824
355941990870958080
355564054229696514
355556221870284800
355543698831978497
355438771208060930
355437364203622401
355434318832742402
355433856414924800
355433332571516928
355423749367009282
355204541588848641
355203579461644288
355198656485396482
355194759930855425
355064211908468736
355063675557642240
354999851689328643
354998765180039168
354998127121555456
354993765171224576
354838613797765120
354824692831490049
354823706821931008
354823216486817794
354820779839463424
354818512918818816
354817132820836356
354814548169064448
354809124636205058
354805103154298881
354803942770745344
354802542108094464
354801308332597248
354629274214481920
354566256118075392
354566212916744192
354518237536464896
354517901526577154
354517417583587328
354490661094961152
354490173226094593
354484968237436928
354370392435064834
354307853961539585
354172611997081601
354171107156312065
354138703054118912
353775855710896128
353656991069122562
353654145519067136
353575889411391488
353550931993980929
353539416670744576
353448306057285632
353445144613236736
353443278336692224
353376030456692736
353374505189642241
353373759803105283
353368143915261952
353261643297325056
353260569379348481
353259628307550209
353258780307374080
353213851531100160
353202486720466944
353202189017161728
353097661257220096
353062151415537665
353029840993140737
353025587570413568
353024153667895296
353023206103330816
353022754053832704
353018465772244993
353012007777218560
353010473513402368
353010240373002240
353009855621111808
352851835020771328
352848677687148545
352841427526500353
352841067764260865
352837786799312897
352821092294995968
352819048230297601
352808262258786306
352802191389622272
352800643464966144
352535303451459587
352469066134466562
352468512427614208
352467046690336768
352466777869000705
352454988372520961
352380432442073088
352375212991455233
352331816004370434
352330914593914880
352329587646144512
352268411033747456
352265301267726336
352062080628695040
352058320670035971
351986185285013504
351970243310137344
351836824987119616
351836401458876418
351830185399681026
351829540609327105
351823671926599681
351771634304155649
351638294121037824
351636070745640960
351600641417822209
351474222792581121
351472519125016576
351466518221037568
351401523495976961
351283214473625600
351278757543297024
351276293217726464
351271408241881088
351270142409326592
351266533781151744
351262063827488768
351112859951960064
350902335083511809
350891982517841921
350891065894645760
350890708187619328
350889642092003331
350888384249606144
350883312228769792
350879804125478913
350879007803310081
350864690789888000
350861580616998914
350859961078788096
350858878205952000
350756949677187072
350559402996137985
350551321608327169
350550144250429440
350548500557205504
350547962289590272
350521720597258240
350476904832319489
350444521810702336
350378164192677889
350292246316326912
350291367521558530
350289116488937477
350286566343708672
350278061444440064
350228776703107074
350218702219776001
350216086156873728
350209206307143681
350196320788676608
350181152746774530
350170102282452992
350164283998486530
350158293890646016
350012674798653444
349919012852994048
349890831764815872
349855420849995777
349835527752646656
349828888051986432
349828604223434752
349826964665798656
349824125675646976
349818620978806785
349818536195137536
349816181995216896
349813336432578561
349811912441204738
349810988071124992
349760798320640001
349757968285319169
349753448683671552
349674588097089536
349668971181645825
349662417036378112
349658681459216385
349658080704856066
349656822484967425
349653700287016960
349476370331615234
349462688587460609
349428638774591488
349424990170529793
349415540307144704
349245644751372288
349245053341937664
349235547123888128
349206466080677888
349201703058419712
349193949694537728
349158421972541440
349128673280012289
349106608468533249
349105192509243392
349102447693795328
349069288512040962
349068652403888129
349067930891333632
349066402478583808
349065656706158592
349059465980555264
349059071409795072
349046819445174273
348933143262265344
348931353414356992
348931000451100672
348930206813261825
348926307536617474
348921639636971521
348919906252775424
348917565550129152
348917271051251712
348917111546056704
348915857595961344
348915107239194625
348914132843634688
348912536059535360
348885160902656001
348819767978778625
348811791104630786
348748508070821889
348318286234148864
348193384919339011
348134588104708096
348069853011271680
348066660772630528
348066239257657344
348028573505953792
348016174900068353
348012827241492480
348008960562974720
347856756082360320
347766408148549633
347726395079798785
347631739377688577
347577087059697665
347563787039145984
347552380793004033
347351845334814720
346988974977478656
346931062712201216
346930959645552640
346917113962848256
346915800743043072
346914942856855552
346899233414213633
346876520943476737
346876171151106048
346875816271040512
346875142032482304
346773370156756993
346772895739023361
346772573155115009
346770889230143488
346770477697622016
346768988522545152
346768733043302401
346768136558755840
346768018887544832
346767701278064640
346767362399293440
346767223764971520
346766897552965632
346766206444904448
346765951108255746
346765844124139523
346765732094291969
346764862338265088
346763763636129792
346763116656353281
346762601138634752
346761693168295936
346693204004974594
346677597784129536
346677134321930240
346676932198424577
346676487669309440
346657111322812416
346643685737377794
346519350464884736
346498870190170112
346495714215473152
346492615589523456
346327377653149696
346322206789349377
346248957065846784
346164332431802368
345996676575682560
345838728188665856
345738237928681472
345735541129625600
345658501625954304
345585089658359808
345326935196434433
345292549541466112
345283724818137088
345283530839969793
345282307416006656
345281747598073856
345123056106221569
345116447711830016
345109044467474432
345108032037990400
345104684903702528
345102720413356032
345100693755011072
345097678423748608
344946939911090176
344946467355648000
344905461100863488
344870437420937216
344799388440330243
344759141140668416
344752086996623360
344712272033243136
344499472102981632
344496034036191233
344474495874125824
344454022863921152
344452656502296576
344409246315712512
344401208800325632
344398036862115840
344395431914127360
344357253454905344
344149211723476992
344147568151908352
344145646623793152
344144806026543104
344142987393118209
344142640943616001
344140484337344512
344139785587265536
344138090929086464
344133481183453184
344084364117819392
344084003294437376
344077726103269378
344028309966946304
344027712920367104
344026950718853122
344026645373526016
344009516918116352
343988475948838913
343986534430691328
343985794450595840
343960495923015680
343959089602240513
343952426711269376
343832110425075712
343831309120057345
343829982365237248
343829170461237248
343828866609053697
343827027658428417
343813100375523329
343714775685013504
343709512798187524
343708064605691904
343704356425703424
343703069688737793
343701616010084353
343697100497879041
343695238117863425
343695151065071616
343693043586703360
343633088775073792
343514673339060224
343460284582727681
343439419170234368
343324427389378561
343320155578826752
343319613641224193
343319331565879296
343318603669581824
343317015953539073
343239160016039936
343056890877599744
343045073124093953
343043803873173504
343043456748363776
343038269656801281
343034493373906944
342916956736851969
342916581501845504
342914510937538560
342896777252458496
342847194593914880
342772582438825984
342692105203879936
342635668331171841
342558779956678656
342527458467254272
342524798359990272
342523145594482688
342522272466235392
342414044738777088
342409940348067841
342264365677948928
342260985249284096
342260406355640320
342218656064876544
342169460557361152
342029963358257152
342029340369899520
342025996578455552
342025575390662656
342024929023258625
342024649347043329
342024042171219968
342023829499019264
342023718953967616
341985820984606721
341954089611055104
341952016710516736
341950787452293121
341877529713459200
341877503125749760
341769262211407872
341763669450956801
341763301367218176
341640936721358849
341586488108122112
341543418058649600
341424687898841088
341423029903048705
341420051221581824
341308120984846337
341200722924294144
341191568440565763
341189785513254913
341181384603340800
341132333958709249
341127888566882304
341107804838440962
341101000536506369
341100142167986177
341096373262897152
341094017158770689
341092112198168577
341091321890623488
341086989543673856
341086262192648193
341084084547751936
340961741720649728
340955100975611904
340894298180571136
340888206461509633
340876860231647232
340871331845386241
340821957329162241
340816566985846786
340813448411766784
340754054097543170
340753573740695552
340753094910554112
340747980502102016
340741063025233922
340701935713779712
340696512663261185
340690934557708288
340451670863519744
340451578332975104
340413060667826176
340410554160148480
340367532814909441
340360223128690689
340359674262061056
340358518278332416
340351920646529024
340240459634982912
340239952904331265
340188887378968576
340184726792990720
340181381055410176
340179372533239808
340179087266041856
340178242432544768
340176326675804160
340173925826822146
340171757862395905
340169846165762048
340164545643429888
340164189521846272
340162811336474625
340142319737122816
340136924272537602
340132248739274752
340131284489740288
340027000771203072
340026220613877760
340025719566508032
340023234009366528
339984117099794432
339982667766439936
339977451016966144
339975850684452865
339746221889556483
339717069643857921
339502997891600384
339467102723403777
339414655715930112
339411719782817792
339410837620011008
339293589794340864
339291784473636864
339290023256010753
339289879907287040
339288671561854977
339287691357196288
339285714711740417
339284829608738816
339283359303876608
339281192358641664
339280772055830528
339276359396384769
339275582913257472
339273605416353792
339271923840200704
339270587493011457
339270193241014273
339146874357428224
339036923827978241
339011926812143618
338954128648708096
338952978776088576
338944218116534272
338903294661505024
338804229877665792
338789845709225985
338789104382771200
338558652707377152
338555594652909568
338551796953935872
338550054476468225
338549386797797377
338545637937262592
338544843729010689
338543676915585024
338541531965292545
338537206207610881
338536447307038721
338536140279799808
338210380167933952
338174004307300352
338168668183732224
338051500318273536
337950249966518273
337947540831997953
337947029756067840
337946894397485059
337905586878418944
337864229296148480
337862988046413825
337862765895110657
337860179062296577
337859015453335552
337858219240194048
337857838938464256
337855690825674752
337816440327503872
337816390264303617
337815597092061184
337807139462582272
337665010820067329
337661956653731841
337661320860147712
337544311212232704
337543408933535745
337541624227840000
337539286477975552
337537956841668608
337536317632151552
337535666592305152
337534951710916609
337522214075265025
337488463140106240
337315868411297792
337280024010977280
337136876181917696
337136227876753408
337127794997866496
337126176336257025
337115924370964480
337112915813478400
337112503039426560
337091729905819649
337091420219400193
337056437597515776
337046770741821443
337046132658163712
336786104797765633
336776010534105088
336740741638389760
336713942883782656
336713630466842624
336709736999301121
336704680736481280
336700763457847296
336696330296631296
336607271498956801
336559705096863745
336503615286042625
336498436645990400
336494962403319808
336470220187262977
336372105098711040
336360607949393921
336358734756454400
336256928399376384
336254755506622465
336253757950140419
336244623439695874
336068684508434433
336068500613369857
336065427576868864
336062810964492288
336062200164806659
336058763817676802
336056271092477953
336053267769475074
336051361852571648
336047643597864960
336047109088370688
336040359777939457
336009918769410048
336005960013328384
335993274391203840
335990135877427201
335822195269976064
335820898735124481
335737574607945728
335724789559877632
335602118486532098
335399609755131904
335398956861366275
335257107450449920
335255079114391552
335245802215710723
335244878583836674
335242288416571392
335240642072559616
335062203940077568
334879881336852482
334785233364873217
334748133177294848
334631920610717696
334631056433111040
334624854168977409
334624113161285632
334622197459070976
334341371622211586
334173764814266369
334168838801338368
334166469984256000
334018511351455744
333952906850074625
333952720664948737
333947961115541505
333940858023976960
333939456308572160
333935793246715905
333712848171724801
333711417414926336
333547043119325185
333540291669807104
333518515237699585
333517878739492865
333514283507916800
333513560468635648
333512928496066560
333509664098619392
333498120975564802
333253752574328834
333212999429009408
333197144917942272
333168442473586688
333167365770584064
333166097090084865
333163946825637888
333153724610519040
333144962365521921
333144326219636736
333126169404788736
333123291910922240
333078328338685952
333076381481193472
332904753984069632
332865123880419329
332864115083194368
332863250930749440
332862782187909120
332795800604266496
332793761249783808
332793563698049025
332793199926067200
332791873255133184
332791037699424257
332790730097582081
332790486580465665
332765638441435136
332764971597447169
332763772450123776
332762830073905152
332749263341776897
332532019613544449
332427091066904576
332422027350798336
332386318543892483
332105409575927808
332105039927713792
332066599257378817
332047512800223232
332045172256935936
332039161932566528
332038255593799681
332037418414907392
332031739205672960
332031528328646657
332031171498229762
332030751581274112
332018634962636801
332016079159320577
331893118301511680
331889855309168640
331712490792689664
331710834839535617
331709591534592000
331686460912717824
331636806498000896
331529843667787776
331526315578626050
331524686091526146
331522027074764801
331519523700228096
331518983373193216
331517620572545024
331516994983706625
331369052532523009
331365374622842882
331347739357102080
331344463668580352
331344043550326784
331343149286969344
331339137640701952
331338457903423491
331337839524585472
331335516651913216
331317984469590017
331305361233551360
331251836038283264
331226816578715648
331153631539769347
331062314021298177
331060006126514176
330932461959786496
330928839003873280
330912758788943872
330910241388650499
330908225660661760
330906631699312641
330905076224897025
330903226671046656
330900669299048448
330746821246849024
330745639304564736
330688191344562176
330666291373436928
330388742395277312
330381482415755266
330315419233685506
330195542909014016
329954918037327872
329950321654771714
329950157137391616
329949225179828224
329948733406072833
329947947271876610
329860918584418305
329827600094617601
329698400205430784
329636679033962498
329636208332374016
329538946340098048
329516982531665921
329509902726881280
329498471138734080
329498232793210880
329497716386320384
329302282858541056
329285840176046080
329283073067859968
329271193444167680
329194841558904833
329187331691122688
329186541631074304
329185700228501505
329166320664985600
329165265503940608
329162754537693184
329160843348541442
329154089810276353
329136905834881024
329131050401931265
329130536578715649
329130077898031104
329128508884406272
329127947220967424
328988894827790336
328939122930642944
328844906728665088
328841415369052160
328835296898727936
328591736471437315
328590824654905346
328589616422715394
328584408263180288
328528602947788800
328528522903683072
328354225488818176
328216782978551809
328132037355663360
328099165307564032
328079198877011969
328027963314556929
328023614689525761
328022452691169280
328019830395527168
328019075894747136
328018513723813888
328011428944556033
328008652944449536
328007881528074240
327847092552867841
327837462112116737
327836053052477440
327790109401419776
327718074528698368
327714745132150787
327698630536462336
327696331885928448
327694922255839233
327693971688153088
327642853750751234
327640692778213378
327468285551579138
327467957531840512
327451515419783169
327336066841448449
327333222067359745
327332448872562689
327332122148888576
327098037367341058
326974908330549249
326972830598184960
326971364047212546
326922151305289728
326920377756446720
326606964308180992
326603758731677696
326306838368878593
326243332072300545
326242742487351297
326241185444294656
326240910260183040
326092553600512000
326088770334126080
326086584791347201
326080722605596673
326010482433593344
325575502830116865
325573037242064896
325572093246861313
325567838481960961
325565577307496449
325565037148262401
325563423272345601
325562267137622016
325554947280228352
325554488452722689
325554250027520001
325519816574259200
325518432109989889
325517553365565440
325510465545461760
325500602807365633
325308404077834240
325251610815111168
325213546784899073
325213422876774401
325201454543536128
325183218615713792
325182656457347073
325145970386010112
325123355969716226
325120969930854400
325118461045010432
324959535934607361
324953033853251584
324919854622732289
324915331678208000
324906811650097152
324906285843746816
324810729804939265
324797234044600320
324796900790398976
324795044450140161
324633459563843585
324632982805692417
324631628850802688
324629931340464129
324628443092373505
324626877304152069
324545093753266177
324544092052791296
324478517268062209
324470614020722688
324268472110563330
324265835730440192
324265417411543042
324261726902157312
323908954700791809
323813343121006592
323811442132393984
323810051133419520
323809526484701185
323666643458863104
323665312924975105
323539249511161856
323539075892117505
323537284555218944
323527991986634752
323490986942660610
323486346121469952
323475553057390593
323472252173684737
323359547282567168
323358415575461888
323155530967298049
323154489936863232
323086030972534785
322978306674802688
322827201307357184
322825743354716161
322816718235893760
322803989378920448
322784952523583489
322782260032073731
322620637342494721
322584020179378176
322577982520688640
322460471552774144
322453643364286464
322229697838718977
322109352465027072
322064786319872001
322064092028350464
321948433793572865
321946749616918528
321936482883489793
321936325236387841
321935962932387840
321894001399709696
321867764090433537
321866611260809216
321860891622645760
321858172946116608
321534008964042752
321533141892333568
321120425906171905
321113060410544128
320779603369156608
320777900209102848
320740342120976384
320503745408561154
320495181654790144
320391283891916800
320389595592273921
320154863994564608
320152767798849536
320146199762071552
320146074268487680
320137565413965825
319757167748059136
319729197272678400
319714457104297984
319713608361709568
319712913436852224
319710118109409281
319702325520367616
319694932124254208
319689541340495872
319688980402667521
319482121691492353
319476705263755266
319429752022786048
319408898144620544
319404654104547328
319395021545693184
319394509744111618
319392778528378881
319371292321128448
319368170404192257
319365122554486785
319364464698851329
319364187992236032
319363200548237312
319359327293030400
319358440952717312
319354428589228032
318995401657180160
318989197052620800
318987721098027008
318962494737620992
318860289737117696
318852312078626817
318851679242043394
318771058687766528
318768439235850240
318715231129972737
318507255198797826
318506037034491904
318403013565878272
318376563341148160
318332549539692544
318331333367701505
318327976783650816
318319632211668992
318274375503728640
318273874624135168
318269735097757696
318111832965541888
318111587540013056
318111119636066304
317982468022091776
317978139282268160
317977076772765696
317975933346803712
317973735716032512
317971510184796161
317967694710337536
317966803605270528
317966026501398530
317965455417552896
317955095209840641
317931229607518208
317930308697735168
317929277779755008
317928157397278721
317910506864254976
317692478671167488
317656212697141248
317655263068954625
317652708624576513
317588915722801153
317586502219616256
317537983999913984
317421508551143424
317381249608073216
317379460376707074
317375898892517376
317300058322255873
317240495132774400
317239387299667968
317238803033124866
317206373941256193
316968002870472704
316852334384787457
316808332742643712
316800838335074304
316792173221773312
316500236484894720
316498897847586816
316498553595912192
316485781235589121
316478486359470080
316477131397922816
316447856225550336
316444635939606528
316441603608825856
316227009984462849
315757882165571584
315402496900218880
315400806369210368
315400202246823937
315399601265991680
315396500484145152
315396366681657344
315395760206270465
315395657512923136
315394825815998464
315394346725826561
315393827269640192
315393024362430464
315392902933123072
315392662981210112
315391373589217280
315390900576595970
315389780068282369
315388531327528961
315388347088515072
315385911049322497
315383056825458688
315376839415713793
315375469052702721
315170973416566784
315117367489335296
315064727778770945
315018926138478593
315017967387688961
315017882058764289
315017738588418049
315016472848134145
314799410477408256
314659024475926528
314521401094709249
314459988569489408
314456724801200129
314379473598418944
314306890844749824
314295562243551232
314136064359006209
314121611139743746
314121400648597504
314121271753461760
313910113985495040
313907057789124608
313903589644976128
313896497353744384
313891549530439681
313774883689607168
313774038965182466
313772469406277632
313769904543240192
313768269884575744
313710985942814720
313664613898129408
313664224691892227
313661177014136832
313648902148603906
313606997629091841
313598566687981568
313576712145346561
313573255975931904
313571945885089792
313569856031170561
313566841509392384
313561924036067328
313558333841870848
313431473615159297
313380728895332353
313330548577800192
313299878811951104
313297047023394816
313285570954674176
313157584360206336
313131386129248256
312993090774396928
312986365421813760
312942520940236802
312939784957984770
312918545371631616
312917399571685376
312917201046872064
312914566067675136
312913278995140608
312911666046185472
312911109927616512
312867951239892993
312791887318765568
312787657258303488
312786848449720320
312659329222336513
312492325467193344
312329751543046144
312326459274448897
312285243816148992
312124904893992960
312092877503201280
312008692771983360
311974801151500290
311973569129230336
311968899279228928
311967739772293120
311967280240136192
311965427456688129
311965169393745920
311853600693436416
311841070927454209
311839450898509827
311826695663538177
311777795632136192
311777169078644736
311776282604093440
311775331558252544
311774990255128576
311774057450328064
311773372147200000
311764115976777728
311763481353400320
311761559330361344
311760699045081089
311743308844105728
311740754018070528
311739159687622656
311726983908311041
311722867609968640
311718078700474368
311598807987146753
311478724019249152
311464473183522818
311450219516674048
311416953111732224
311400173484011520
311382843668430848
311234998760005634
311177190043709441
311176044868681729
311172645213335552
311155011621113857
311153225472561153
311129159894175744
311125652726231041
311123436216930305
311112219016433664
311088768323039232
311088430622855170
311087330901520385
311083037481922560
311082676155207681
311074723054370817
311074439288729600
311074094756007936
311072242534608896
311065606516527104
311012817539063808
311012407751360512
311004063179341824
310872789534003200
310512093608697857
310481627266564097
310420811892797440
310182244067192832
310182140027494400
310078619273789440
310078404294746112
309952334111338496
309837820145594369
309828525211402240
309827600350580736
309825579451043840
309641368735735808
309583070766436352
309582521912406017
309582476609736704
309578750163558400
309577627050586112
309557881043296256
309431257253699584
309428536014422016
309421791577784320
309421464766009344
309244135360036864
309235426772795392
309234624154972160
309232417170939905
309231053170675712
309228335752417281
309226018256863232
309216762946273280
309216187361935360
309143999443238913
309067743959846914
309039211133157377
309001130279587840
308939586938228736
308937661870112769
308937420873814016
308937074030030848
308935071958724609
308934594424606720
308930075628294144
308929776473751553
308904300023779328
308898440539164672
308894205487493121
308844796284383233
308837077502533632
308834039614300161
308738079441682432
308703415972810752
308701649877233665
308612568002482176
308527234128441344
308523795147264001
308523409552330753
308522956135477248
308522761251328000
308522659065524224
308521691003367424
308520625532719104
308519769265553408
308491800157507584
308489114427211777
308486809866874881
308485785487810560
308484939362488320
308478430691876864
308478251658006528
308471838349090816
308363236858802176
308335259798355970
308316149270081536
308310088576270336
308308154012299267
308303794624684032
308004671585402880
307952241388683264
307950520046329856
307906085220667392
307778227135475712
307774248552914944
307773664793853952
307773142410076160
307649859182268416
307642152895254528
307520697989742592
307492817490558976
307489335475855361
307483420131479553
307430803850272768
307421885984022528
307421091196981249
307417251269722112
307416740730650625
307220222144831489
307150852433518593
307146171686735872
307032223192866817
306806961566011392
306791797840035840
306791297316958210
306777705620316161
306765786431774720
306702876196098048
306702060613693440
306701791419064320
306697706464763904
306673128510222336
306672060019638272
306670004382863360
306669430228787200
306668255064494080
306667470654152704
306666012592443392
306642366230585344
306518941579235328
306461973313368064
306444063496880128
306384979628269568
306370331038347265
306360835771609088
306360244353785857
306348207519170562
306318604532584449
306310770365452288
306309396512768001
306023202684039169
306020999034437632
306020465695141888
306019846229987328
306019760322273280
306019262928150529
306019227180072960
306017171207761920
306016915246161920
305968657228496896
305968073075216384
305965253299171328
305796297473015808
305790215820308480
305789238639751169
305788903674232832
305787844591493120
305787020293337090
305786775903817728
305785898434449410
305785012815540224
305784509469691904
305783178466041858
305781040444760065
305772107726475264
305739826282496000
305673300145745921
305544886789234688
305542462284382208
305540823783718914
305355814611341312
305318705431191554
305317578031640576
305315872296300544
305314348266561538
305311824822276097
305311454704304128
305310883918270464
305307278284832769
305305708650450944
305304534660567040
305302835376050176
305290061556101120
305289171046645761
305230733398667265
305226677951283200
305080868702146561
305074618148978690
305033383300456448
305020137575153665
305014392641167360
305012422975049728
304934199226408962
304913392974585856
304912621189079040
304911723519954946
304911111755554817
304910352557162496
304906474113626112
304901285918949376
304856025096396800
304707187547189248
304674302895210496
304674150910394368
304664963186835456
304664832832057344
304664373211832321
304654493637808128
304651571864694784
304645617622323201
304645196581335040
304639272923836417
304629737249181696
304628854021050368
304627094388891649
304621968806776834
304576558285336577
304570892120367104
304563483129823233
304563463861182465
304562585146118146
304557749277184000
304547155786473472
304541344322441217
304529740402925568
304357911935713281
304357179266326528
304357117761048576
304355499682435072
304124247247302656
304120220270870529
303983747949268992
303973702473744384
303969574838218752
303808040644276224
303732341573038080
303730271830831104
303725115286360064
303627054967037952
303454743710289920
303450282677895168
303448702461292545
303447978826407936
303446961900617728
303446596153131008
303436568838934528
303434529392164864
303414636353552384
303411309347745792
303282725480181760
303244892430299137
303244712914083840
303152889113739266
303082378870538240
303071596313210880
303069045916303361
303068626355904512
303061850164195329
303060735569838080
303005880142680064
302751245293195264
302748109837041664
302746763490643970
302746397080444929
302743584673787904
302560921530814464
302558078753177600
302557669519130624
302556922014494720
302556722600493056
302555796334592002
302555037371072512
302554823251861504
302554651146989568
302553852647968768
302553591808401408
302552718667554817
302551800874156032
302550668680495104
302550499125776384
302550134120669184
302549730427285504
302549153031020545
302548099010805760
302547770651332608
302547128541143040
302546777696002049
302546498925768705
302512635209981952
302507720475545600
302493214559051777
302456714685448193
302447875831500800
302434367718969344
302433764263473153
302393183646654464
302392745731952640
302343849207021568
302332574859161600
302319089307770880
302313307367428096
302310165217173504
302100004389150721
302039800477777920
302035005553651715
302024981917876224
302023105050718208
302018587466534912
302015807888715776
302014771056742400
302014490734653441
301980724922286080
301960652841422848
301959609961299969
301958874934677504
301957702119211009
301945688202280960
301937754839846912
301936468484558849
301935939754815489
301931463325122560
301852229835583488
301849085537824768
301844024778694658
301841367901040643
301840926807056385
301839957453049856
301651403137495040
301631511860490242
301628467819200513
301626681364475904
301567365936730112
301379223275323393
301330987848175616
301272724112818176
301271607815581696
301265753406054400
301264621766057984
301262465927372801
301251768363388928
301250878726352896
301198931436646402
301103731246764032
301010020261310466
300964161087758336
300963915293151233
300958288575614976
300956290350460930
300954982398717952
300944413557940224
300943798836551680
300942162072326144
300939264353529856
300937770761875456
300921319854329858
300868175564787712
300863758568402944
300752593825710080
300752230225686528
300578359484772352
300575782072381440
300575756889767936
300572758679633921
300570786090074112
300570250129317889
300569553744842752
300568427821682691
300565453699424256
300564047479316480
300559417265508352
300279701400875009
300174978236702720
300173925839691776
300173532816629762
300170603653111809
300168420958302209
300165654990966784
300030753578840064
300026597606555649
300025137875525632
300022472965750784
300022162331402241
300019051424542720
300018312295882752
300015711026302978
299991601466466305
299845585517826048
299845000865411073
299843731891318784
299840798290219009
299838502546309120
299821276741124097
299820204446343168
299802901906333696
299648928108912641
299637393714212866
299616021654929408
299552916040200192
299462074810114048
299455665775206400
299455285477654528
299454142575960064
299453752174329856
299453242801283072
299452221580517378
299451311395598336
299448167852826625
299447831159271424
299445035945058304
299444649385418752
299444182131560448
299442153174745089
299441406714474496
299440867209531392
299440444662747136
299428814696636416
299427023716233216
298802228951662592
298783669437464576
298783445541351425
298709450565509120
298667098295631872
298661016508710913
298657291031429120
298570094550855680
298567142104760320
298531181656412161
298529734504116225
298477317691416577
298461894346428416
298378514636357632
298377901294907392
298334959557545985
298331504218624000
298330957025525761
298209525759098880
298208589611425792
298190551700865024
298190046685691904
298138466154340354
298090995545931776
298088726427467777
298062872762798080
298062029686730752
297851614381887488
297848850394251264
297847930168176640
297846962936508416
297846440179421184
297845755295694848
297844619633377280
297844157081350144
297731792658657280
297730940174733313
297710132526206978
297709960459087874
297686225467355138
297685810231246849
297685429602369536
297684611801169920
297675484647534593
297353519525154817
297349382041378817
297346828804960258
297338588348162049
297336730204397569
297331667662680064
297315504161435648
297309594697490432
297308799134494720
297303359801679873
297300994327461888
297291588294565889
297287832836386816
297257472371093504
297256623699795968
297253070813937664
297251685368205312
297250763615387649
297249375971856384
297248354738532353
297247345375059969
297244599917899777
297236491871064064
297234433747087360
297228151879258112
297112214740021248
297105132838068225
296985554480930816
296981371161829377
296980883238445056
296980174602371073
296938873030840320
296938213682081792
296919904299397121
296917010766516224
296746324622200832
296746269580328960
296664012882595840
296660745570111489
296659213768355840
296656908570480641
296653783830761473
296592715636932608
296591760937848832
296547826765266944
296412638479532033
296394849278636032
296394635289432064
296393999273574401
296393755215400960
296393215756603392
296392862327787520
296392253251932160
296391530841767936
296323183064256512
296321980767023104
296321265269088256
296319878560890880
296211164227055616
296210234752503809
296208881670045697
296208085087834112
296207903394770944
296205063624478720
296203961302675456
296203626999861248
296202966258573312
296202796661870592
296201598269534211
296200985443966976
296200674637651968
296197174709084160
296165409042882561
296010706233483265
296009677135810560
295922447738351616
295881995844734976
295862341164232705
295854322250547200
295805547603693568
295685351538823168
295685183615688704
295678876179378176
295676904864886784
295676752859127809
295676001764130816
295674114407014401
295673568325406720
295670675060957184
295670272999182336
295603932384858112
295601572770086912
295596396160094208
295595847914225666
295573441531232257
295548681111883776
295543396133642240
295479146128220160
295477307836076032
295255318651338752
295232228047351809
295207314598817792
295167189311434752
295165061507473411
295163681619210240
295156715274506240
295156177959014400
295155742711881728
295151070152388608
295146107904860160
295142205746720769
295140903566331905
295136646448427008
295133187678539778
295132631270559746
295099257558552576
295095315609042944
294830550714314752
294829341228007425
294802977884078080
294795443534168064
294776294376361985
294720974778167296
294720071127937024
294716325543170048
294714905976791040
294714603194171392
294684743067373568
294566811956047873
294564249827700736
294414086299582464
294411550545031169
294410712808292352
294381298611544064
294380269153165313
294373775481376769
294340757211459585
294147148285616128
294139034681356288
294124758667259905
294122360909488128
294122022894706690
294120427121418240
294120165216485376
294119871472607233
294119497500069888
294117741194002432
294092146531770370
294087827203960833
294077629852684288
294053246509670400
294053048081326081
294051926918692864
294051545136369664
294051232241291264
294050969648525312
294050476163469313
294046411878711296
294044714322235392
294037098581868544
294033273024294912
294031354910355457
294025969868627968
294017546707927040
294017486976872449
294015647778738176
294015545924255744
294001106688811008
293999267218067456
293953725528166400
293938483574226944
293921261611008000
293919837795790849
293888356331429888
293885818232262656
293885080659718145
293882171939233792
293881210302763008
293791363554746368
293790911098396673
293762747173326850
293761362784579584
293732238770704385
293635588828061696
293499827579404288
293497042276343808
293496591543857152
293468522108051456
293457898170875905
293357903719571456
293228833765748736
293003252818124801
293001333378781184
292963789932990465
292962690920505345
292953875596603392
292952050902396928
292951131611594752
292951078142627840
292895209489063936
292887424445599745
292879811561533442
292770988100300800
292728343894315008
292726422773043200
292724530550550528
292704666997882881
292701710151979008
292589779516813313
292322825254088704
292187249762762752
292186474558926848
292184706626240512
292182978895966208
292182234537025536
292176477322092545
292176093924974592
292175650125664258
292175018731905024
292174643568193536
292166909527474176
292165877682540544
292131547245596672
292130544538513408
292068934063116288
292068656307900416
291876663451586560
291876438200688640
291875685738356737
291874794805268480
291873857596440576
291872316428779520
291871346143670272
291661212465381376
291661114436116480
291589189412200448
291584443032940544
291527751280783360
291470827604566016
291466900150575104
291424177590771713
291416584398991361
291327404641746944
290975735294857216
290975151837818880
290974153077567488
290973747077328896
290968305332785152
290965727949758464
290940428075810816
290928301843836928
290922935340908546
290917641781129216
290731153449697280
290730157453492224
290709784242556928
290598005101457409
290597143784349696
290597011307257856
290593487269814272
290518955544674306
290516724254642178
290515472414306304
290473105753792512
290467003758702592
290389805571919872
290386781617152001
290344280055242753
290340862163050496
290338112930971650
290335941397196800
290335086707093504
290330659413696512
290107477708640256
290083717223960578
290049978716549122
290049778669203456
290048297287184385
290026628430561280
290022492037324800
289904683416432640
289904600469893120
289798163861225472
289792864236490753
289766586057891841
289766361759109121
289764083220230146
289761610346668032
289761358570999808
289759225691901952
289758826150903809
289756207374274560
289753397303865345
289467899788283904
289400853062889473
289299111914655745
289290768999383041
289265395628642304
289264783126048768
289262723215261696
289260737233297408
289259148099588097
289258693390905346
289242906198437888
288993290601246721
288992297868197888
288990688236953601
288960206111662080
288943829724315648
288941858804088832
288936055816740866
288929347157491712
288927815091486720
288922849496940544
288921999143739392
288920527668641793
288919994568413184
288918906746318848
288917425414606848
288899316322562049
288894634602659841
288889230183251968
288885854909366273
