398140660265414656
397761077208829952
397759566878093313
397105676969078784
397063235368538112
397063051829993472
396938452769726464
396936049781649408
396586545580609536
396583378583310336
396580948797423616
396354031368421376
396353114959118336
395864401028186112
395591561578561536
395590872122662912
395590801062756352
395590080007372800
395561002802348032
394561270277746688
394425194862764032
394424338830471168
394423740647227393
394423621474480128
394423489274212352
394423183882739712
393762732723302400
393373169785921536
393369948816293888
393369621668954114
393369456719560704
393368732572979200
393368545842577409
393368487973752832
393368157257072640
393367841329516544
393367445982818305
393366910357626881
393366383137808385
393365369441636352
393364748533633025
393364496590184448
393364147275960320
393104168506101760
393046814326525952
393046502178037761
392979885062651904
392943164450828288
392033074818854912
391972245742301185
391880205637144576
391879039226347520
391878931705380864
391242532254146560
391242273012580352
391241809042870272
390428657849995264
389762266414841856
389761866177593344
389761302723170305
389760811096215553
389760534939049984
389760384992681984
389757206821756929
389756800397893632
389755868691959808
389755775406469120
389755120373596160
389557823136600064
389495627316740096
389441807861690368
389360243852861440
389359551276797952
388780441983266816
388721439102091264
388720709351915520
388715810560045057
388715321571282944
387719034982379520
387718515475898368
386972871488466944
386969845570748416
386969552816721920
386959580481089536
386957327577776130
386957089215483904
386957009850871809
386925480659935232
386925232969482240
386923791919882240
386904963621724160
386904851956764672
386904146588098561
386903578901626880
386815891998248961
386814477829955584
386812884850049024
386081807457734656
386081573428154368
386081032551690240
384976659591757824
384283418374074368
384283373830541312
384283273829949440
384283062197956609
384269572750077952
384269359725563904
384267881141108736
384267773624328193
383928492254973952
383926225837621248
383750246401978369
383747856265252865
383747470288633856
383746662868348928
383600215078338560
383595253317386242
382103852033380352
382103301082202112
381752934469742592
381747503638384640
381746506480381953
381745642197884930
381743950542807041
381005928230694912
381005637435408385
381004830128345088
379221751772614657
379220753540870144
379220676399210496
379220554546302976
379220112001089536
379219933306970113
379219562404659200
379219322805055488
379218756766941185
379218478500040705
376658860922392576
375937698932199424
375937415036563457
374928741551849472
374336281096228864
374334948574236672
374334803413585920
373368475949236224
372399682359926785
372398970737545216
371906683620315136
371906476224565248
371906396281139200
370834230106144768
370595621750976512
370594129203695616
369859334714318850
369859222248243200
368166514505297920
368166020332408832
368164816080617472
368162374383308800
367331016119427072
366516114810867712
366137536386568192
366137373471408130
366137050539368449
364788657409900544
364786572861775872
364785222421712896
362884618346704896
362883953834725379
362883798079246336
362883556940328961
362883312903135232
362883245139955712
362883062519971840
362882540140376066
362248746572058624
362248431974088706
361997740416319489
361430810953396224
359714356625289216
358976601934934017
357908591996436480
357904113788403714
357903452929671169
357578840882683904
357578290766163968
357577822233034752
357182802086731776
357182517729705987
357177558858604545
356810276382838785
356809579088191488
356809229954326528
356333093264703488
354650118777090048
353823458708303873
353823043212161024
353822080275456000
353820373537652736
353820196730966016
353819472198512641
353819308008280064
353818703026061313
353816853161852928
352761158626848768
352099785899130881
352098717479862273
352097071689502720
352078535701172224
351282425151750145
351281601444970496
351278817865760769
351278590165389312
351278255338299392
351277608459177984
351277543925620739
351277137015226370
351276599716483072
351022216248430592
349569999125491712
349569793889808386
349569051875487744
349568922967752706
349567227256770561
348754816962527233
348031733792382976
347516948629835777
347148907341557760
347148863859204096
347148673823698944
347148469351378944
347148070980575232
347147733506871296
347147210267451392
347147086199943169
347146925029605376
347146715092119552
347027761854025728
346999356039233537
346226905638400000
345547914732503042
344889199603900416
344888461276364800
344887963861266432
344490466668060672
343685580170858496
343685372645105665
343685026988302336
343684829012979713
343684604068257792
342938198542020608
342938008812675072
342935249765924864
342306227298115584
342306008066043906
342300292840308736
342246115506274305
342245810722975745
342245078980513793
341949624757669888
341184857789050881
340461357617016833
340460415903465473
339766541191098368
339766236294569984
339765851660103681
339765654343274496
339419020275118081
338647976077557761
337973230843338753
337973031244820481
337972619498364928
337972481459621889
337972407673421825
337972364430168064
337931082257268736
337930695093649409
337889199887900672
337609983892013057
337609720082857987
337609528302510081
337568277263945728
337567729609478144
337567084814925825
337566473696456704
337225771733090305
337225724203253760
336546070660272128
336545653452853248
336545483889713152
336545112811249664
336544772032438275
336544665660690434
336544426220462080
336544147878060032
336542060901453825
336541871583150081
336541502710902784
336541409261789185
336541166424186880
336094104008155136
335447538649944065
333991505020723201
333990932393377792
333541267348811776
332812267043291136
332196861828030464
331363084276998144
331362345785913344
331361797607137280
331361576596684800
331325865118019584
331017120647356416
331016297460666368
331015630176264192
331014923591233536
331014547806752770
330472220935729153
330469664671019008
330469537646534657
330331388714823681
330330459152195585
329962798991962112
329962507747860482
329962409529847809
329962188079001600
329961937649684482
329961432361873408
329961335137923073
328902996580761601
328469844083216385
327100975368265729
327100273652805632
327100065082654720
326743644365271042
326743482351886336
324181702538833920
321584679964794880
321583844522352640
321583376589017090
321582834563301376
321582675112652800
321582142087909376
321581833894641664
321581270540881920
321581021999017984
321580860505739264
321580605563359234
321580506426773504
320840261171302400
320840127217807360
320839820790333440
320108850273464320
320108607989493760
320108404939051008
318822865757683712
318822219822276608
318821916351791105
318821850014691329
318821757886816256
318821563254329344
318820744182247424
315053085015826432
315043572242075649
311116591771308032
311094045063667712
310361962926190592
310356125079982080
310354298338951169
310353843009515520
310353643977179136
310350977217740801
310338486588813312
310335238331043840
310334674041974786
308305258872983552
308304878508310529
308001329647845376
307999276380848128
307999080720785409
307998835605635072
307998150050861056
306135547812929537
306134688337104896
306134487606099968
305771799407370240
305770934575448065
305765538162937856
305765152823865344
305765014948704258
305643088104280064
303959441697558529
303959336437297152
303657295676583937
303129181703782400
303128851536568320
303128517804191744
303127842546401282
303127065572556800
303126582753640448
303125971685478401
303125461062533120
303125310566715392
303125198566215682
303125142589026305
303124889341157376
303124611221053440
303124293204725760
303124035053703168
303123899015634944
303123779662528512
303123539458924546
302578104474415104
302577990678761473
302577769307590657
302577341757014016
301687521971167232
300644180252823552
299946435997220864
299946065153622016
299931692020412417
299931307683749890
299930036776095744
299929482377191426
299928996890689537
299928702035312640
299925651811622912
299924973559095297
299924310968107008
299922953490006017
299922471761608704
299922054961057794
299920670635208704
299920228253585408
298480293428477952
298034400791244801
296966567747534848
296966316676505601
296966116490752000
296965291848650752
296964943994052608
296958762592370688
296958603540180992
296958349071753217
296958264363585537
296958012474654720
296957877107691522
296957698820431872
296955883643097088
296955594068344832
296955379634548738
296342693771087873
295871342631337984
295870917819641856
295870692879126528
295869146565062657
295868557240180736
295868268227481600
295868064749219840
295866028649480194
295560749839966208
295538402210742274
294969221551620096
294969027439243264
294968876918251520
294966006382731265
294965800631169024
293350702963625986
291923405144473601
291923347560886272
291699322595209216
291206895186894848
290453139155480576
290452829817167872
288222118343221248
287916407910457344
287915374824022018
287914010307858433
287913280280866816
287912803770187778
287356737944707073
287356514048557056
287356047688073216
287355780536094722
287355472716115968
287355161377136640
287354379231711234
287354036393484289
287353906340712448
287353600429142016
287353251349807104
287353169627992064
286176470357905409
286174351798202368
285347691578408960
283295681718939649
283000083904098304
282999259844988929
282912372090347520
282910617839468544
282909631590850560
282875015500812288
282874762164834304
282874141479149568
282470558921265152
282470026601168897
282083838556000256
280304057187442688
280302741107113984
280302099412156416
280301821136875520
280301071497306113
280300623096864768
280300382343815168
280300249015279616
280299916121755648
280299204545499136
280298932809121792
279666583578767360
279666303604764672
279666005737893888
279665704058363904
277848666176372736
277847198924955648
277846500309098496
277845992274006016
277845765920006144
277757671870955522
277757379712544769
277757088590077952
277756608661028864
277755990873608192
277755681203945477
277755416287518721
277755150863564800
277123884090798080
277016565235474432
277016465511698433
277016396842557440
277016239178657792
277013685355048960
276846751212781568
276846119374430208
276845651621466115
276845536408113153
276845377129426944
276845084681580547
276844868632969217
276844758201147393
276844539011014657
276844489996369920
276844187490586624
276843951313526784
276843756647481345
276843674288152577
276843628649910272
275959452753092609
275957352954462208
275282343139352576
275281794021068801
275280489307324416
272651567327485953
270162138251796480
270161756012302336
268885775570046976
268885643013275650
268884875346591744
268883786614321152
268883693924384768
268883641948598272
268883413195452418
268883146492231681
268882963771555840
268882903696556033
268697245535330305
268526844238786561
268526559168692224
268525909756239872
268525842760597504
268525380091133953
268524634918490112
267734061735366657
267733741613510656
267733431599902722
267733061741981696
267732580651130881
267731644889309184
267731489796530179
267731341569847296
267731080507977729
267730919576723456
267730730833039360
267730584028200960
267649152010289152
266527177267347456
266525796825436161
266525642592509953
266523275121807360
266521568832790529
266521076287299585
266188531930652672
266188015636992001
266187753669144576
266187600346353664
266187425636835328
265804221675352064
265804090125209600
265803767071535104
265802784211861504
265257178812784640
265256241754951681
265255981892653056
265255583463116802
265255131862409216
265062732557066241
264374490199388160
264373594145030146
264373488293388288
264373081051643905
264369022664060928
264366364070928385
264366117152243712
264366032058191872
264365769985499136
264365615022751745
264365201728630784
264364092196790273
264359747531206657
264358839149805568
263990960634085377
263438558952583168
263438276340350976
263438077320638464
263437871048974336
263437645454143489
263437001645252608
263436743661981697
262948562831302656
262947185161818113
262946813710045184
262946557198995457
262943100719230980
262942962592407553
262942516800794625
262942085257244672
262941431981830144
262940909048586240
262918770509611008
262869954234310656
262869884990537728
262831195283394560
262830564808196096
262535844752154625
262531904203550721
262530409668173825
262488942048333825
262175509646041088
262175214593511426
262147130037243904
262146818371096576
262126741072515073
261998896312614912
261998418937913345
261997701082796032
261997221220851712
261996641874223105
261996354992238592
261996148166909953
261995922618212352
261476029057609728
261245684374704128
261242123775512576
261241618777112577
261241354452090880
261240936338685954
261240770114244608
261240687926837248
260717616690253825
260430262746361856
260429958315376640
260427793941274624
260427449656033281
260427205174251520
260426958956032000
260426268275785728
260426047428898817
260424196864233473
260335352223518721
260335265917317120
259965850646347777
259964933251416064
259963725765816320
259961976124485632
259961452910243840
259960915246583808
259960525763514369
259959958391631872
259957985974046720
259957605416452099
259953843390005248
259952825482739713
259951463395115008
259951125476818944
259951042760945665
259950903489077248
259950251492929536
259949288929513472
259943327896592386
259721109920952320
259614990649135104
259614719369957379
259614340834021377
259613525054480384
259612971133722624
259612320811081730
259611825996447744
259608986704293888
259608490677514240
259608155087052800
259607979307962368
259607640194293760
259607406005350400
259607306566782976
259601911345446912
259244412394160128
258885108176654336
258599921651970048
258581708339834881
258581444186755072
258581346442698752
258572087873118208
258146867920113665
258144049612066816
258143867621224448
258143595356364800
258143416012120064
258142931213508608
258142690074566656
258142398444630017
258142194240720897
258134686080045056
257876955523846144
257876657094938625
257876441599975424
257875708569862144
257874398038609921
257618750617042944
257618390171140097
257615634773471232
257615382741917696
257614665134252032
257614559047725057
257613712549097472
257612788627800064
257609593717395456
257608497007570946
257608360155820032
257608155037593600
257468873916444672
257468103498293248
256753602973028352
256345819240873984
256345616467255297
256342871911837696
256287136603586560
256286521450168320
256170754805215234
256170627310944257
256170081778814976
256169613975502849
256167591746342912
256167336640385024
256167247553368064
256167166599118849
256089444774445057
256088905760256001
256087246690729984
256087143024295936
255973062707642368
255961330517962752
255961296611180544
255734622787346433
255733268220088320
255733187957911552
255732350422507521
255732068682719232
255731891364298753
255618802191065088
255618654534782977
255617835664019456
255018640573857792
254941055135383552
254940386970185728
254939535547449344
254937582130057216
254937406745235456
254936893383385090
254936657374105600
254935405416304640
254933922683703296
254921815984586753
254231239492526081
254231148446744577
254230851242577920
254230425126457344
253899336625303553
253897644412391424
253896950594801665
253896866314465280
253896659858239488
253895437717753856
253826795869200384
253826692592852993
253825297340837889
253824382055632896
253824285439819778
253822515510665216
253822102673690624
253821917365157889
253821837761462272
253820578149048320
253813319264264192
253809847680782337
253809226693087232
253807881453989889
253807742291165186
253805354926878721
253803392063918080
253803305103396864
253803260861890560
253643320486658048
253643244527812608
253643080769601538
253642994182397953
253642842260512769
253090902631915521
253089911685644288
253086511694749696
253086107938476032
253085641343111168
253085571705102336
253085459889143808
253085323414880256
253085150781521920
253084513842913280
253084280719290368
253084149336911873
253084030348709888
253083809212403712
253083198265901056
253083077734199298
253082576758116352
253082365415530498
253082265297506304
253082088222375936
253081958547079168
253081737570160640
253081677373530112
253081455465467904
253080428628553729
253079433072742400
253079069292384256
252558254121562113
252558138711080960
252557910775828480
252556443570552832
252556326016806912
252556203585060864
252527648465637376
252527407771312128
252526759768121344
252385455125975041
252385323605188608
252383790431879168
251340228881694721
251134243869184000
251133389535580161
251133094923481088
251129688636919808
251127698884292609
251126869397745664
251126711717068801
251126265455706112
251125308940513280
251125225683578880
250213524591230977
250213267593629696
249139875222274048
246600935114174465
244499721262080001
244499682515111936
243987318522925056
241865255502884864
241864929018269697
241863919755485184
238956185368272896
237140111849037825
237139708507987968
236444319828017152
236435076852899841
235609297281761281
235608085232746496
235395098303676417
235394310810505216
235393380044115968
233893460267126786
233893083220160512
232095704909242369
231335986565611520
229518353599979521
229518062167142400
228848819901722625
228848422764036096
228847450125914113
228846697042804736
227085250591879168
226008547316604928
225271260014325760
224402111172059136
224401796565712896
224398680470458368
224397849318793216
224395847926947840
224395322481311744
224395014732648448
224394522187137024
222789064972189696
222788660926484480
222788227629723648
222787780554661890
222787561133850624
222787494163394561
222787341297790976
222787052457046016
222786846692884481
221884260188033024
220914735384764418
219413915979882496
219413347085459457
219413281062916096
219413210195951616
219412816371793920
219412356122411008
219412024667549696
219411830488047616
219411660333514754
219410599354957824
219410448452292608
219410237902426112
219409671910473729
219409451222970368
218692089939107840
218687393568530432
218662410758782976
218662079719149569
218661465597550593
218660793682640896
218659652974555136
217030492917202944
217027596628668416
217026835047907328
216851543658479616
216849618217078785
216849525376159744
216848995933356032
216154556202090497
216153863844147200
216149747919097857
216149551764082689
216149295391453185
216128737371099136
215590268940984320
215589692354207745
215587699879444481
214428277765443586
214427765074690048
214426564199317505
214424130634792962
214423569734696960
214333555231297536
213283027948810242
213054096226263040
213053313632059393
213052452319145984
213052196273664000
213050287471075328
211802449831403521
211802194918379520
211800800173883392
211800295754301441
211799930229108736
210327283687370752
210327107279142914
210326826214621184
210326620651790336
210326378317484033
210325107355303936
209255473977901056
209254937106989056
208504691078856704
207858452977037312
207812034274918400
207811185163243520
206709595702444032
206709274334863360
206709046856781825
206708124181204992
206706733253529600
206705128441524225
206703961330286593
206017657466658816
206017406521454593
206017123858919424
204157179593367552
204156303759769600
204155459790307328
204154693776191490
204154174903042048
203908468430737408
203907465643950080
203906898347573248
203906538170089472
203905800018739200
203486116416995328
203485902436184064
203458941135491074
201582621388574720
200894317819211776
200894194380845056
199607757752647680
199607521701404672
199606348692979713
199606210671026178
199164506646126593
199164191846842369
199163933930700800
199163723770892290
199163592392708096
199162780794888192
199160884113850369
199160198215110656
199159333827776512
199159240030552064
199158194839359490
199147825597124610
199102247387406336
198432144635330560
196954043090874369
196953804137172992
196553792886542337
196553439365443584
196552371235598337
196552006008188928
196529264202498048
195925729786081280
195925516031762433
195925053114826752
195924813657800704
195924448300380160
195924205672472576
195923698186854401
195922828963495937
195922482660769792
195922330902478848
195921818132037632
195921717401620480
195822883560357888
195822515501805571
195472061307695104
195471988591042560
195189156723441665
195188928653950977
194844564140466177
194824574100176898
194815586663014402
194467082686038016
194466816330969088
194016641498103808
194015676237746178
193378979254767616
193378307956424704
193377264208052224
191939086783746048
191864676320149505
191864335230963712
191864110307217408
191861553786658816
191494462852173824
191493291060105217
191490439583510528
191489806939865088
191489549258596355
190822576904351744
190822409035726848
190821715901812736
190820427684249600
190820257252917251
190253144775720960
190249177526190080
190154818734661633
189482284649426944
189325095368527873
189001618170187776
188605669614694401
188605196757254146
188604269077864449
188604197695012864
188330362202624002
188329146500399105
188210919678025729
188204091128823808
188203734436823041
188202124004433920
188041415241109504
188040885823475712
188038339583148033
188038187246039041
188037856860712961
188037538194268160
187695961399754753
186919788696707073
186919352870776832
186917975893348353
186494686461034497
186494548845920256
186494012084060161
186493846081900544
186407299546492928
185014887628554240
184327751141031936
184327450484932608
184230844934791168
184230609382686720
184228934886502401
184228767487631361
184227728864722944
184227268791508992
184226337924456448
184226009074241536
184225621415706626
184225527136129024
184225301692297216
183881882105163777
183881631432572928
183881137012228096
183879056985567232
182583568185294849
182152260313292801
181364901565042690
181363879958421504
179882231580471299
179881647792062464
179881485451538432
178819152117633025
178818980511891457
178817392552579072
178816725742125057
178815971694362624
178815797043535874
178135828290215936
177442985951236097
176257312766443520
175619976336642048
175619024510656512
175618886039896065
175602868219420672
175602227480756224
175601990120902656
174815553167425536
174222122284097536
174178797975908353
173755383607861248
173754739778002944
173754105796366337
173753442077122560
173753243078377472
173752891587297280
173752734112161792
173752007130218497
172262905729916928
172262628842942464
171679540832256000
171318824392597504
171318407558463488
171317967374663682
171199098773446656
171197348167430145
171197127261818880
171196985783762944
171196194905788416
170658796220317697
170656186255937537
170655952821944320
170654475038633986
170653437304897537
170557688038686720
170122935900704770
169959947692548097
169959439078670337
169959246493003776
169958838705991681
169957761365446656
169956532136587264
169834300752150529
169832755725729793
169832724947931137
167818450989879296
167817838252400640
167205710516596736
166707963107606529
166706704149520384
166706465472643075
166705989666603009
166705360277749762
166161492188729344
166161204514004993
166160764187590656
165442086890508288
164880965653643265
164880664699736066
164880107796832257
164878737232498688
164878555178741760
164878294519525376
164878182040875009
164877777181478912
164877565964713985
163984180953366529
163669355996004352
163666042072203264
162560399605104642
162558095967518722
162557648372367361
162556741115052032
162556389284261889
161782858510376960
161621752244482048
161621545398185984
161620577742884864
161614758112542720
161614230158704641
161613956669116417
161613185382748160
161612611455156224
161611958418804737
161611320603586560
161610649527525376
161508835364831233
159307970327490560
159278853653667842
158924444507713536
158685543436271616
158685244587917313
158684972599873536
158684695998119936
158539824960241664
158539030978494464
157962562493882369
157961654469017600
156743337439805441
156359422363435008
156148895259430912
156148294714789888
156148122253398016
156010140104003585
156008916734582785
153775476815568896
153455455132336128
153453508299980800
153452534269353985
152417079629332481
151724865169276929
151722826230022144
151722116419559425
151720939023892481
151720666297679874
151720494540931072
151720220728365057
151253980129931264
151252671658065920
150897141160751104
150896677497208832
150210796218101760
150210266955661312
150210131940999168
150208947796721664
149550338498764800
149550170978271234
149549787442724864
149549604856274944
149549239561764864
149548919272128512
149548394329812992
149548211420413955
149547799514591232
149547674188783616
149547494869704705
149547196260425728
149546838607933440
149546544339759104
149546199727353856
149417340709257216
148538191048220672
148399857973997568
148397389315702785
148395614927986690
148394949002543104
148394645632716800
148394332897026049
147689342238859264
147688306820382720
147005901734293504
147002320096473088
147002162457755648
147002011928367105
147001628703207425
146972635639717890
146396902462730241
146395042897076226
146394344864223232
146393695820845056
146393302214770688
146392469737705473
146392268746657792
146391596257120257
146391023122264064
146390758625255424
145858940561915904
145858076346560513
144930310587551744
144930006559244288
144928533838438401
144928384705769473
143294210446065664
143292693823500288
143292237743263745
142796908107272193
142795240997269504
142792309774352384
142790236408262657
142790156460638208
142789988097077248
142627827605442560
142625183428116480
142624833321181186
142265351290355712
142235298225598465
142234934470389760
142233754969194497
142233736887545856
142233280329162754
142232997561778177
142232876312829952
142232758599684096
142232631952674816
142232533852102656
142232291031261184
142231916672843777
142231838411341825
141217037249814528
140844818610921472
140768493833433088
140766036176809984
140420990952931328
140420832466972672
140420067413340162
140417524562006016
140416583041429504
140416249736867840
140138169352982528
140086147320774657
140075313941065728
140075177127051265
140074555283738624
140073730515804160
140072866396909568
140072666035011584
140072568748126208
140072481783414784
140072131416432640
139280448030384128
139279219518738432
139006354332450816
139006210723692544
139005814114484224
139004309202415616
139004043547783168
138252675304263680
138252444311355393
138251676028121088
138230083495276547
138229952528134144
138229874396639232
138227523220807681
138225529982689280
137516191777435648
137514797162958849
137514637485805568
137514154142601216
137513930548453376
137513347171102720
137512453322981376
137511809325342722
137511615523336192
137511531972788224
137511415274672128
137511120847110146
137510674057273344
137343765961641985
137343433525309440
137343217413791744
137342134964584448
137341541348933632
137145459415330816
137144934317826048
137144598484099073
137142442016251904
136501690873556993
136499358295265280
136498722354892800
135875495488270337
135870633736273920
135716925899677696
135164890095693825
135164583588536320
135164496518987776
135155811646316546
135155221444820992
135044812410855424
135043910803263488
134787182123696128
134559877606539265
134559031296667650
134361645324574720
134361495994765312
134361295217639424
134360075312705537
134359157884194817
133885730043867137
133885361473601536
133252791127916544
133252474256633856
133251919618654208
133250862968614912
133250266437910528
133248986235682816
133174699516641281
133173247771545600
133172038566293505
133170543808618496
133169044827283457
133168465107357696
133167257416241153
133166972040003585
133166785217314818
133166502357639169
133166395046371328
133166337261445120
133166087255764992
133165938005651457
133148771726004224
133145715999391744
132157507266297856
132139718170255360
132139640701468672
132139572820852736
132138773592014848
132060453827391488
132059809846525952
132059755056332800
132059683618947072
132059068406829057
132058986785681408
131682767498002433
131682450337312768
131680441391521792
131680200734932992
130623307065200640
129977910391083008
129977279458705408
129976953418682368
129936547544965120
129936068450590720
129911815881752576
129910975112552449
129856200669020160
129844319430508544
129581736718897152
129581621224542208
129530731461488640
129530071869440000
129209993852485632
129207411360800768
129156108790149120
129155722947727360
129154548827828224
129153810202492929
129153203475451904
129152387200987136
129152161027342336
129151668913831936
129151464072421376
129150231261622273
129150167113936896
129150091079598081
128888130735575040
128867153968504832
128849574101135361
128834357568876545
128834139305676801
128833898326130688
128833831309549568
128833708580020224
128833632298221568
128833467373981696
128833352160645120
128832955593396224
128832825070845953
128832221451788288
128066966496882688
128065884290953216
128065191123488768
127403202395119616
126947135387213824
126946820243996672
126241434528514048
126236823843377152
126236404995985408
125563053885505537
125562118677348352
125561651503177728
125000814925328386
125000052589596672
124999319899213824
124999134603264000
124998803257430016
124998357591670784
124997756489170944
124815784353611776
124523643639316480
124523456913096704
124462466481651712
124455288060391424
124455217692545024
124455161493078017
123844591320432640
123844382188244992
123844057104531456
123843561824325633
123843294525526016
123843010764079104
123842950982668290
123842771047038976
123842257974607873
123842166807207936
123842069897809921
123842028302905344
123841589704523776
123722363861872642
123722082352766976
123721663622811648
123005139098406912
122658037486993409
122657816153554944
122655738563796992
122655110189944832
122258208231399424
122092180704727040
122092116703846400
122091538586152960
122091309312901122
122091173027389440
122090968198561792
122090905451765760
122090744671514624
122090320631578625
122090106885644289
121966321243136000
121948676091424768
121948074380771328
121947589254979584
121947306655350785
121946202676801536
121895506606702592
121895318873833472
121894815251177472
121894249368256513
121888807883776000
121888257452687360
121883794709020672
121664233028063232
121663999212404736
121663761873518592
121266441013047296
121262061085929473
121208057484148736
121207921592901634
120473339067244544
120464062168571904
120463847940292608
120463211345616896
120463061596372992
120441158089441280
120440917428666368
120440330062540800
120440076693020672
120439327816822784
120438928183541760
119906240187998208
119474020201660416
119473887250612224
119473156468645889
119429939513655296
119429728787640321
119429426822922243
119422359567466497
119421942313910272
119421684989173760
119421482098110465
119421264736690176
119421142808268801
119420965473107968
119420258036625408
119420066575032320
119419360812089344
119418984922742784
119418350861430785
119418228245139456
119418154702209024
119394357446053888
119390602470236160
119390247112015872
119389709779746816
119389451712610304
119389055946473473
119388723497549826
119387051136270336
119386224157925376
119385549894193152
119383271657312256
119098631386181632
119098539149242368
119098307372007424
119098166153973760
119097890047143936
119097592842948608
119097534038802432
118309470899142656
118309256733798401
117994641034461184
117928158401011712
117927786253000704
117926437197070336
117925566832840705
117925379167096832
117923132341358592
117922171589898241
117921349187551232
117921145558274048
117920196823486464
117202150504927232
117200915475341313
117196001571377152
116904640745963520
116904599016833025
116903869090504704
116815387680718848
116549066153926656
116548934893187072
116548729762353152
115848968876994560
115848679058964480
115839941702991872
115839364180869120
115839297852145665
115375977365897216
115374072757628928
115372263225819137
115371917468385280
115370605074853889
115370044342546433
115369067430412288
114672731169095680
114672108868608000
114671724720693249
114671392506642434
114670861897826305
114670180176642048
114670036999872512
114669558735974400
114669394763841537
114642378933018624
114637687184556032
114636539853684736
114635605555687424
114630644822315009
114630404312535040
114393422923694080
114355373019893760
114355146951110656
114354088707244032
114352971835392000
114352597921562624
114351835774595073
114351764085547008
114351400938516480
114351215357341697
114350823504486400
113929143007186945
113899382746779648
113899094468083712
113898946279112704
113898874099347457
113898780285341696
113898659627798528
113898457604956160
113546567985807360
113546156931432448
113545989322842112
113545870280101888
112850294504824833
112849782401277952
112849605414240257
112847390117068800
112846385128288257
112846015400386560
112150251829334016
112095492346884096
112094949792694273
112094803168202752
112094589489385472
112094342520373249
112094159040557056
112093721658523648
112093605144969216
112093433379831808
112093352052273152
112093248658472960
112087215378665472
111007065803206657
110673585051406336
110673467032088576
110673267257384960
110348647945879553
109571453485203456
107754228570787840
106757602309963776
106757251016040448
106757165750034432
106756906625925121
106756486427983872
106756410607534080
106756252675215361
106756066993373184
106755975809204224
106755842031882241
106755779041824769
106685964763676672
106024459693064193
106024368685056000
105998607949365248
105997729053949952
105997369887297538
105996838712250370
105996713600356352
105996675516071936
105234926936403968
104534727880482816
104339339823169536
104337941458989056
104337225692622848
104336973803683841
104336774087712768
104336685910863872
103194916166959104
103194857874526208
103192373747650560
102718858988752896
101670953309835264
101604085538619393
101604002197815296
101603398654246912
101602810398912512
101602626776469504
101269100948488194
101268399736360960
101073610009088000
101072661236547585
101072063359500288
101071931792560128
101071741727686656
100632397523066880
100631214544781312
100627437016190976
100627345307738112
100257237360058368
100257105218514945
100256667224117248
100256093967618048
100254648035848194
100254498106249217
100136625094402048
100136143152095232
100135444754333697
100135300537389056
100133689995964416
99161896153919488
99160691256201216
99159561264570368
99159157957070849
97635136165781505
97633988620976128
97633180131139584
97631728860004352
97630788958420992
96876557393608705
96174192378134528
96171084088487936
96169626517516288
96169182596567040
96168973799927808
95068425830928384
95068315315216384
95068229772390400
95068049308262400
94355848775733248
94343887723835393
93277014982787072
93276818383187968
93275988980547585
93027445996912640
93024696190238720
93024372599685120
93022602150412288
93022021281251328
93021531965358080
93021293988941824
93019746647289856
93019414840090624
93018895870459904
92564760037556225
92564471167467520
92564398555676672
92563577675841537
92562847606902784
92561269151891457
92561151380037632
92560628635549697
92560196508991488
92558069262860288
92557902623158272
92557803427872768
92557358026342400
92556998427684864
92556890046857216
92556467856617472
91493928821469184
90846006975004672
90844604060024832
90414254775214081
90411730265583616
90411453823201280
90411005418545152
90410650387496960
90410432199802881
90409643301539840
90395145282916352
90393760516685824
90393050651697153
90392998923337728
90180453184700416
90178535720878081
90178468427468800
90178353662918657
90178044618223616
90045466766622720
90045198385692672
90044937856483328
90044842410917888
89040770832674818
88220935169126400
88220672127549440
88219290297315328
88219121405263872
88218855243120640
88218660547731457
88218517576499201
87501299033178112
86441683499225089
86209657550536704
86209199192817664
84926427849441280
84925650787508224
83906290736304128
83865545765699584
83865267062579201
83865038024212480
83864474867601410
83860772261871617
82438440876113920
82436664064090112
82432513196302337
82431816631455744
82427128011952128
82426740055605248
82426580990832640
82425952361136128
81425647746023424
81425591294902273
81424322392109056
81423570059800576
81423361367998464
81422989601673217
81400030375849984
81001598901436417
80994350527553536
80967365508075521
80966356329172992
79952316232503296
79951941190434816
79951136886501376
79950930119892992
79950409720020992
79949926238404609
79949813512286208
79949295507345408
79949172240945152
79948711786057728
79948145366282240
79130235735523328
79128770501550081
78523658783567872
78523382727061504
77281610784976896
77280659974004736
76601914468470785
76601317535133696
76600247014539264
76599318869573632
76598207345463296
76598155977818113
76597822522273793
76595972607709185
76595069100109825
76594848693624832
75586811644219392
75586049291730945
75585921675825153
75585655203299328
75585315292712960
75584314003304449
75583747218604032
75583293646573568
75582103139520512
75582052845617152
75581695146987521
75581415261093888
74794387632164864
74046645117005824
73885254238212096
73884489176203264
73884166210596864
73883315660275713
73882958116814851
73324108481441792
73022485787983872
73015801644462080
73014889261699072
73013299003916288
72281579837329408
72280568133451776
72280427074826241
72279670552403969
72279456110219264
72279274308124672
72278941066477568
72278459270971392
71534693081821184
71533275478376449
71182280885932032
71179404230930432
71179292226228224
71179170943741953
70863612582961152
70783046944694272
70782868657422336
70782721357651968
70177500872966145
70176497683533826
70175999526047745
70175456296583169
70175425275494405
70175227077857280
70123016914350081
70121684685955073
70119311766863872
70118904827101184
70118804574830592
69745809310228483
68976191150899201
68976110947414016
68584031712854017
68583424713170944
68583006935326720
68581301606821888
68580925860098048
68580839360970752
68315898779406336
68315231486623746
67632962891550720
67632476016750594
67631051912130560
67630932978442240
67630505700495360
67586192736133120
67584939109003264
67584229487284224
67577444453974016
67576976273186816
67576796018778112
67576524596973568
67163490430881792
67163322432225281
67163147047415809
67159469766881280
67159022335299584
67158909852459008
67158628485959681
67158165120233473
66282821584556032
66282413583634432
66282075581464576
66281396641083392
66279915535872000
66279698103156736
66278928028930048
66278517297512448
66278070126002176
64993625666355201
64753958262030337
64744969952444416
64744731007139840
64744063575928832
64743891286499328
64743798512685058
64694472763650048
64692290584715264
64691694653816832
64691151302705152
64690754815148032
64690288727302144
64689670436556800
64689509182341120
64689062480592897
64687643279097856
64687548290703360
64686460468604928
64685298977746944
64684789583724544
64684608909873152
64684066406014976
64683814508695552
64683128035360768
64682825915445248
64682408200519680
64681603888193536
64681187850989568
63557352867119104
63557080765833216
62509289234894849
62507216040763392
62150693561180160
62149511488864256
62147877350277120
62147494414528512
62147334317936640
62146662474326016
62145405642735616
62143933546897408
61051053050826752
60291134429204480
60290811874643968
60289213530259456
60289035595296768
60287405009289216
60287063420968961
60286807790727168
59595529776148480
59216949418266624
59216409154166784
58509831983726592
57776298860351488
57774711207231488
57454603138117632
57454465917259777
57454112559726592
57453424115068928
57452033443233792
57048139672195073
57047573860585472
55981735703355393
55974969099829248
55973512514506752
55552362948997120
55552130588753920
55552082723340289
54953049428467712
54645505195646976
54644884799369216
54481215830503425
54480629772992512
54479191772643328
54478625407373312
53398116174544896
53397873500495872
53391964409831424
53391553426755585
53391074936373248
53390754613174272
53390568356712448
52045346460807168
52043322163859456
51991869994975234
51990808567623680
51675133210931200
51674335542390784
50914523116347392
50896745953112064
50895770198614016
50895693115703296
50895574593060864
50895238146965504
50894619617144832
50894457654083584
50894201973506049
50892958802776064
50891341097476097
50491298033045504
50491077932748800
50490757081079808
50490627238010880
50490386224910336
50490005939961856
50489885643116544
50246563297112064
50246386796605440
50245466138476544
50245270583255040
50244996879757312
50244701969850368
50244258787115008
50244178579435520
50243895384219649
50243790912487424
50243500305948672
49818874023124992
49509958940770304
49500184937365504
49499569662345216
49498264449466368
49497148441628672
49496663571697664
49495606158311424
49495463073824768
49492925553455104
49491442971840512
49489862537117697
49489389390266368
49488954147344385
49488756356546560
49487225389453312
49486271130767360
49485536515203072
49485353735819264
49484234901032960
49141515179667456
49140617489559552
49140543153913857
49140252698349568
49139312125685760
48777693944217600
48777291039383553
48777181639352321
48776517999800320
48776331059662849
48776116919484416
48775742502342656
48742152947240960
48373263105146881
48371846323773440
48122150355341312
48121924693409792
48121815545032704
48121488582262784
48121392704659456
47675429825425408
47674755486203905
47615086327640064
47614561846689792
47613461584293888
47332522434101250
47321299583897600
47319669874491392
47319149621411840
47318469682794496
47318179659259904
47317764326699008
47317511666016257
47315708627005440
46901976168022016
46901452563689472
46900770930561024
46900457473458176
46900193278427136
46899888763580416
46898800031309824
46600566150926336
46235276254785536
45843705348890624
45843524863791104
45843086634516480
45842751312506880
45842392317833216
45842276123017216
45841425727885312
45840909010599936
44757255383564289
44415430495969280
43988116503142400
43987459440263168
43628757134749696
43627707266891776
43626595352715264
43611774871797760
43611631309176832
43611567824179200
43308857962930176
43285202230980608
42235151232675840
42234673023287296
42231247363260416
42231140190257152
42230531810795520
41939684082991104
41938844198776832
41936281374167040
41936102134652928
41935534737727488
41934165968556033
41933759603421184
41931589680250880
41931021301587968
41930208198144001
41929969298968578
41863603829223424
41480349951344640
41477935894511616
41476904078934017
41195793834721280
41194502152650752
41192982065577984
41192781418479616
41192472990322688
41192158765658113
40776331302010880
40775739510886400
40341723284504576
40341236019765248
40341058353242112
39686807541121024
39685299638509568
39684854748676096
39683743354585088
39683635015712768
39683342995693568
39683142575071232
39682958654849024
39682718170218496
39681703027023872
39396459409440769
39395618241642496
39393916516188160
39393514538287104
39392760725377024
39392373792456705
39391785461485568
39388047959277568
39387210197245952
39386064321777664
39385182356250624
39385064336789504
39384292761149440
39384142663647232
39384048723824640
39383714207236096
39383488234917888
39382723864961024
39379379201130496
38575565539770368
38228622007345152
38200776719482880
37540319566233600
36930513247813632
36905274342252544
36903856407318528
36751037956227072
36750286982750208
36749898942652416
36440793967239168
36440490320601088
36439841000390656
36439551350153217
36367391315345408
36367141783613440
36364257431920640
36362774095474688
35711335299813376
35711200637485057
35710305933721600
35706904336408577
35705951637995520
35705900572344320
35705682758082560
35705670342946816
35705658661806080
35677379510796288
35676412912340992
35676225259175936
35491908365062145
35491573282246656
35491253319778304
35268764358418432
35266966654550016
35266759955062784
35266439069958144
34965518863568897
34965237438357504
34593351768612864
34574536594690048
34574335653978112
34250437590781952
34250003274792960
34245871495286785
34244951382433792
34244351500627968
34243930241372160
34243634610053120
34241331140231168
33951624279891968
33950554883358720
33950212154204160
33946897005678592
33946041233448960
33944851888218114
33162086984974336
32962991703986176
32962675780620288
32960873152643072
32959936551976960
32959505041985536
32958939821772800
32958654558769152
32958477592698880
32958288257613824
32957674177961986
32957517378093057
32957364608966656
31886873475416064
31886802876899330
31886632403607552
31886584563376130
31697315689402368
31069431996088320
31068953560227841
31068781602144256
31067390867415040
31066958350778368
31066797255954433
30617971403530240
30617400231591938
30579677936492544
30014747038457856
30014371434340353
30014171332485121
30013908525780992
30013726304243712
29626394434605056
29594204430671872
29592951982129154
29592710130176000
29591288969957376
29181721131884545
28510678805389312
28510410034388992
28510197148286977
28509938493947904
28509800832700416
28509214049574912
28507664686256128
28507240210104320
28506476343459841
28506265017647104
28505722627039232
28505286281007105
28504920864858112
28504360233209856
28503997228777473
28100689276174337
27376593735262208
27012375034986499
27012142980923393
27010983213928449
27000783492878337
26614639852789760
26612719771721728
26611496351961088
26611319729819649
26611076632158208
26610910499966976
26610679175708672
26610501781819392
26610221027696640
26609901560143872
26609737181171712
26609109583269889
26608916469121024
26252259834732544
26249050273611776
26247722424074240
26247435051343872
26247297201340416
26247235985477633
25970560294985728
25910552723197952
25851365221728257
25850876119752704
25850744397627393
25850131031007232
25536481141456897
25535485363355648
25535302416207872
25535222493745152
25122630679928832
24433583976349696
24432891635179520
24432060240232448
24431362769424385
24430946119843840
24430756390502400
24430552652193792
24430347382956032
24430114427117569
24097091995303936
24096576200777728
24096193332117504
24095986066391040
24095840440156161
24094578806104064
24094139272396801
24093547011506176
24092544518324224
24091500488949760
24090546528067584
24090195854893056
23343118476640257
23341616597045248
23339937722011648
23080203349655553
23080103068049409
23079156027760640
23047763583307776
23047688492687360
23047561078116354
23046870855057409
23046163234029569
23045688275238912
22756386186199041
22756334319439874
22755596952412160
22754471159267328
22626802807603200
22626349822771200
22614921720102912
22614747975254016
22614592014254080
21568330477346817
21567657996189696
21567405100638208
21285861932933121
21284391393169408
21228098942935040
21227695673180160
21226619448336385
21225714539823104
21225433852805120
21224604957671424
21224453228728320
21223630272724993
21222245334523904
20846788122517505
20846670405181440
20846532798455808
20276338556403712
20275803233189888
20275443332554753
20275287484792832
20274640685371392
20274483008897025
20274258261311488
20273350098026497
20273128873664512
20272786534563842
20272572197249024
20272070894030849
20271931274035200
20271693809324033
20271447662403584
20271362287341568
20271080539160576
20270896111423488
20270842566938624
20270520595386369
20268391633780736
20267509353553920
20267163197644800
20267052325404672
20266742873858049
20266110142128129
20265785125502976
20265602958499840
20265321424228352
20265203551698944
20117436925739009
20116519694372864
19015635493195776
19014865217658880
19014421422546944
19014213963882498
19014059231805440
19013997793644545
18999194538745856
18998239009181697
18354606572576768
17602500190281728
17555111517618176
17554714283479041
17554524889677824
17553557959999488
16852598027984896
16851462919290882
16851360163041280
16851028368433153
16850932587302912
16664170606886912
16663565079420928
16662570731577344
16660845740163072
16660398472175616
16659963816452096
16659289334620160
16658784105533440
16658396233080832
16658195116195840
16658045358579713
16497075365613568
16494419943362560
16493525302513664
16492675725262848
16492439996993536
16311846927605760
16311725557022720
16177598723788802
16176948204011520
16175971421913088
16175615803658240
16173564222771200
16172109931745280
16171587275325440
16170911073837056
16170633721286658
16170338152873984
15844850142281729
15844597259313152
15844348126044160
15843418747965440
15843226049052672
15842522592972800
15469561511940096
15469341277429760
15468868084441088
15105824791732224
15097406836178947
15096834666012672
15096305047052289
15096102223085568
15095866687758337
15072279872405504
15071185112932352
15070164198363136
15070039644311552
15069723154718720
15069285575557121
15068607666987008
15066804636352513
15037672229707776
14691544053317632
14690527949627392
14019474692775936
14019289237422080
14018704991850496
14017697834602497
13948526270619648
13947921657503744
13947578173358080
13947067302936576
13946881658855425
13946558420615168
13946117104336896
13945656431349760
13944987309838336
13944717620289536
13591838577401856
13589752313815040
13586742791639040
13585883928199168
13411489239015424
13410595315388416
13409735294324737
13405669323448321
13404873370378240
13404570029920257
13403426050281472
13401256550731777
13400566147317760
13399788674359296
13307006827888640
13299228562427904
13298734653767681
13297197588160512
13297054948270080
13296425672638464
13296197502509056
13296088744206336
13295737399939072
12938123054948353
12937325222830080
12936739572154368
12926850749693952
12926136556191744
12925877646000128
12489380971155456
12482777773514752
12481902988492800
12481620728614912
12481408823992320
12208724428980225
12206244634824704
12206091324628993
12205665007177728
12204704159244288
12203445276643329
12203132310265857
12202443366469632
12201858726625281
12200886759596032
12200400266465280
12199973030465536
12199696822964224
12198388653096960
12197687872987136
12196404134936576
12183288646995968
12179430570987520
12178310943477760
12178156316270592
12177847313498114
12097789592870912
12097227040227329
12096422430121985
12096198810804224
11836585922273282
11836225300209664
11834281731035136
11833648974135298
11832850546425856
11533657386782720
11532637923442688
11531535765213184
11530846817226753
11530601416888320
11530289155153920
11529481118294017
11529164691607552
11528815364804609
11493126048849920
11396754398253056
11395129323560960
11394442179117056
11392603815673856
11058638454001664
11058001251139584
11056337941168128
11055632291467264
11055348089626625
11054902394486785
11054249886613504
11053758008008704
11053528999002112
11053194486480896
11053077285048320
11052691660734464
11052404392861696
10724309068677120
10722832568819712
10722758178635776
10722679489298432
10504931492495360
10502338720567296
10501977880403968
10501561692192768
10485677531598848
10404917172772864
10402566592528384
10402490159726592
10396845784178689
10393851411832832
10393633781977089
10392764390834176
10392530365452288
10392099480403968
10391877983404032
10391710290935808
10391312461205504
10391191493283840
10390375315283969
10390284894474242
10077771279630336
10077250200281088
10077126355066880
9928454711545856
9928164692205568
9928108400447488
9767985363296256
9767725215780864
9766539804807168
9766015223205888
9765340292579328
9764958799667201
9764742025449474
9642465015369728
9641930853982208
9640258278789120
9639845513142273
9639681071259648
9639352963440640
8874504256229376
8873484381855744
8873053756850176
8864933907275776
8864283530104833
8863420807905280
8863314188697600
8863026224570368
8862920456802304
8860807106400256
8860140790878208
8845841829724161
8842227518283776
8522468473970688
8520964279107585
8520782430871552
8520198374031360
8518499961929729
8517469564051456
8516366277545984
8516004703375360
8515101514534912
8514752632324098
8205555533352960
8203983206219776
8203745099780096
8203405252108288
8203111315283968
8202576486998016
8201932761989120
8201307718422528
8200790128730113
8200515267600384
8199942585716738
8187575302889472
8163637113917440
8162876955041793
8084555558821889
8084360292999168
8081988804157440
8078649995558912
8077601717354496
8077000119947265
7818375195533313
7818257587245058
7818027747774464
7817964199874560
7817756506333184
7817510791413760
7816526614765568
7597032592113665
7595868794388481
7595093464715264
7594268935847936
7593839472680960
7593120682221568
7592902800703488
7046779862261760
7044967784513536
7043873087946752
7043070851813376
7042742219710464
7042548140875776
6977269998297088
6977000438759426
6355193033662466
6354712248983552
6353972558307328
6353743775797248
6352925349650432
6352858513416192
6352180822933504
6352007589789697
6351836315394048
5994249807994880
5993171297243136
5992630978613248
5992326740582401
5992136377901056
5991352865132545
5991171390177280
5990979790180353
5990671643049984
5990058679078913
5989532050661376
5989268262494208
5989140667568129
5988782088134656
5988642614935552
5988558275874816
5986033824956416
5985044657082369
5984122916831233
5975586107301888
5970866093432832
5970413771296769
5969813474115584
5969604790722561
5969205203566592
5968750679433216
5675569186349056
5674955941347328
5674862764888064
5673896577597440
5672801839091713
5672305237688320
5672200145207296
5672055500447744
5671811068985344
5670903350300672
5670789965684737
5670673208844288
5670463476867073
5670170626367489
5669833345597441
5669716794281984
5669250937135104
5669033722515456
5668735729795072
5667925721612288
5666388286898176
5666344439648256
5666279130136576
5343685277384704
5343300311588864
5342630007283712
5342051520479232
5341448358600704
5341292003332096
5341221467721728
5340856752017409
5340216114028545
4493810570633216
4493638935515137
4493501739835392
4323541193334785
4323374092255233
4322841109467136
4322405115760640
3961443263193088
3961284215181312
3959939433238528
3959352520085504
3958074238832640
3957207188119552
3781358874796032
3114326567157760
3114149362008064
3112614980747264
3080694959964160
3080429108203521
3079710158360576
3079241688158209
3076677026447361
3076252361564160
3075920290119680
3075823305228288
3075029059244033
3074926361714688
3074832749035520
3073591058894848
3072688549527553
3071301044412416
3071052338954240
3070987440496640
2785095157026816
2773718174535680
2773601841319938
2772949924839424
2772207411404801
2770571385380865
2770501919318016
2770293034590209
2769969284653056
2767675432374272
2767452026961920
2330700594282496
2330529676394496
2330320607121408
2327406626996224
2319715301068800
2054615931551744
2053750638247936
2046728924569600
2033060023377920
2019293139042304
2017995127783424
2015493477105666
2014988872978433
2014155284414464
2013988476948480
2013867777466370
2012737177653248
2012461100171264
2012292711452672
2012057876566016
2011482548084736
2011195406024704
2009864343650304
2009560587960320
2009311274336256
2008837297012736
2008730325487616
2008441539264512
1273607816740866
1271819986272256
1270933201362944
1270375912570880
1269575056363520
1268944132382720
1268586110779392
1265454777634816
29658601495
29658532830
29658462337
29658275221
29658218816
29658202596
29658181720
29658102400
29658077871
29658050461
29658025588
29500340512
29492848082
29492614209
29490040601
29489873420
29489855021
29489819812
29489633232
29489151204
29489070242
29489046101
29397491276
29383501276
29271352444
29271041294
29270583507
29270497618
29270196464
29209597781
29209532882
29208789594
29208648404
29208518372
28813046516
28812964232
28812919750
28812884874
28812726324
28812693290
28812642587
28812581417
28706918415
28594307584
28594115590
28593971753
28593827335
28593756355
28593111741
28592679302
28431071791
28431012759
28430912337
28430871360
28430614557
28408248927
28407950114
28407723345
28407652784
28398893264
28397294140
28396393507
28396176621
28396143054
28395912835
28395816844
28395784137
28395742922
28395590014
28395531295
28395478391
28395437774
28010700940
27926692341
27922176931
27857774798
27857759908
27857627676
27857549875
27857356809
27857305732
27856758538
27856690384
27784820600
27750116799
27632486805
27632411892
27632360205
27632012944
27631865060
27559311344
27559178652
27559016316
27558908076
27558860292
27558580020
27557568734
27556991865
27556866264
27556794347
27556730399
27448482786
27448442996
27443052550
27442558193
27442106927
27442068854
27442021557
27351853890
27348708332
27348045918
27347639481
27347555632
27347374242
27325939536
27325843809
27325786485
27325698810
27325644291
27325616387
27287459831
27287382379
27287203826
27287116142
27287078223
27226801108
27226750544
27226723134
27226701843
27226524854
27155198970
27151804931
27151577780
27151453404
27151416445
27151341683
27151276033
27151160445
27151115158
27033186283
26928621061
26864913184
26864735077
26864666944
26864552156
26864391567
26864360864
26864353641
26864334535
26864318092
26864305626
26864291868
26864278268
26864269310
26864263301
26864249163
26864234009
26864220079
26864205128
26864180536
26864165627
26864147861
26864122707
26864095793
26864076290
26864044434
26608792407
26608391932
26608326007
26608124539
26607958187
26607876467
26607616603
26607252322
26606748382
26606321452
26606208830
26606111259
26605857483
26540142152
26540040816
26540032625
26540021923
26540007484
26539999013
26539989394
26539980134
26539971081
26539959527
26539949356
26539939339
26539926191
26539915810
26539846579
26447566095
26447479143
26444830153
26444766566
26444587109
26346514502
26346465575
26289927180
26289897639
26287668189
26287614049
26287591799
26287578490
26278730222
26278530157
26257084918
26257045452
26257021260
26256951140
26256924414
26103741846
26095405103
26095226460
26095112903
26094949313
26094918814
26094890479
26094570437
26009617803
26006840510
26006821669
25915493576
25915408775
25910062223
25910035478
25909887405
25909841034
25909689792
25909654840
25909643250
25909535392
25909110731
25814865845
25717445205
25717414058
25715114295
25714786393
25714759124
25714731411
25665793390
25665779964
25615689125
25615629351
25614971017
25614806151
25614730857
25614580838
25614206260
25386275227
25386254356
