398165522329522178
398155997597798400
398089336601591808
397917952898379776
397809077205495808
397806361020362752
397802821308801024
397801879926616065
397800839596621824
397741686408761345
397736750413389825
397734145251504128
397693996845105153
397682758329585664
397621919337689088
397621578546307072
397436798126678016
397388042626818048
397381929462276097
397369387025330176
397330883470168064
397329252481130496
397309653774008321
397309557573038080
397308200149852160
397296617973227522
397269664017158144
397269588326375424
397264625449701376
397264374483910656
397259180421435392
397258813252063232
397200005590548481
397174131591897088
397149294907510785
397122398493110272
397114406490107904
397111557219287040
397109006335885312
397107820912730112
397105463658946560
397103613450809344
397079113640730624
397060089695043584
397053223715864576
396997687029276672
396997097029111808
396996948752072704
396996825741549568
396996520496865280
396996423033839616
396995395941060608
396994626856706048
396994542215651328
396994461362049024
396994217983344640
396993903771287552
396993752474329088
396993127850213376
396992400834699265
396991761379491840
396991233207566336
396991126886182912
396990244807254016
396990052125130752
396988912465641473
396987087511359488
396982086432989184
396980456601944064
396956179173478400
396956105869250561
396851540448653312
396847460838289408
396831762648551424
396795209071083520
396788714518495232
396706776143245312
396572288487006208
396497052890185728
396490434693722112
396488114111139840
396384374381215744
396378039707115520
396375316894994432
396346195918196736
396275603818561536
396260572200591360
396221487218425856
396111888183857152
396023116201467904
396022586745692160
395988556235014144
395981944493584384
395978231540502528
395975454978371584
395973872626855936
395972964287389696
395939363558682624
395936655560826880
395936440216866816
395936120388603904
395934987964280833
395934785157083136
395934316791726081
395933463078907904
395929398064340992
395926646991360000
395915890547384320
395909161357025280
395887140736749568
395882613174308864
395876373975142400
395709710277431296
395703069901463552
395700939052429312
395696690939703296
395693984426647553
395590607613071360
395583105253138432
395575150134845440
395571959079387136
395496983265558528
395491520222347264
395491433547059200
395491215518736384
395481891589337088
395469130352324608
395363544255852545
395319527032254464
395311450257780737
395307979228332032
395305887847706625
395304353394749440
395301856014254080
395220916096860160
395218352315969536
395209033818570752
395204902135160832
395203939080998912
395203017437642752
395202655511150592
395196208039215104
395162962518114304
395155830800416768
395053839729975296
394971301355343872
394906658553348096
394847401736814592
394829006807117824
394641396679716864
394635908680404992
394634057306222592
394632549525254145
394494092601602048
394277892424605696
394258907905794049
394256943130234880
394217355070287872
394104358326906882
393968412046553088
393963965606133760
393957816471257088
393954628674416641
393948779293835264
393907149278949376
393905879218536449
393904608302469120
393901790342565888
393899003324026882
393895151279411200
393882969506476032
393882434082594816
393882370698272768
393882105223979009
393881161371361282
393881075195203584
393880520418799616
393879926593433600
393879864530313216
393877665007935488
393876888558399488
393814291964383232
393799648122392576
393796090618597377
393789616618098688
393487930041200640
393484788624932865
393484590037209088
393410521677836288
393187398021955584
393180456801165313
393071265382010880
393063559485067264
392842892240097281
392659408347348992
392429319114354688
392424119955767296
392348071704526848
392325343056363520
392324384548855808
392321181564432384
392319371923578880
392318637773557760
392317729060827136
392315026926604290
392311509801390080
392304428025278464
392299152823943168
392296260310274049
392129089458286593
392105230742994944
392091052930134016
392083976900202497
392083914019176448
392083896482811905
392083270990446592
392033408454385664
392031931514109952
392017058012999680
391963573586366467
391951675260276736
391950299255959553
391943327232184320
391932744743124992
391825091966693377
391790473691422720
391762426170855424
391692271336169472
391686054366810112
391684385688125442
391681184721166336
391596925402628096
391593648141238272
391573622017380352
391572231253262336
391332318826074112
391324031313387520
391317813698117632
391317621020164096
391316939135406081
391311353358467072
391310285752897536
391286952596496384
391283206671970304
391281752469041152
391280027850907648
391277057532911616
391272326508969984
391254687829086208
391253004185124864
391251738549706753
391247412766846976
391246966333534209
391212911760130049
391172229649534977
391077981348560896
391077682676379648
391013986335858689
391012393813151744
391004213993422848
391001808744615936
391000531956539392
390963022333616128
390899014775754752
390898952205123584
390898816473247746
390898611073998848
390897273929871360
390896821410594816
390896554757746689
390895740555255808
390895593830109185
390895495268147200
390890884721418240
390878230120386560
390874427358859264
390874392013459457
390872316692803584
390871877695987713
390871447368773632
390862469184229377
390861811731275776
390855830171435008
390854786360152065
390715986749321217
390643247833292800
390643012994207744
390639324619739136
390620565368606720
390582563015647232
390534222575702016
390518543088775168
390507848645345280
390498543921672192
390490536554921985
390356055026180096
390325930171707393
390317337926057984
390310822276104192
390286465415933952
390281970325803009
390186306380107776
390151478221873153
390147619000840192
390147540013699072
390144642273931264
390143883515932672
390142753067122688
390142729390288897
390139290539143168
390133192302137344
390113277927108608
390111079918882816
390009511550803969
389966176865890304
389922576685731840
389883811510489088
389882036212596736
389870192966135808
389855049406758913
389809386454921216
389803532930785280
389786623837077504
389772052812406784
389766760720654336
389614718605729792
389572548242845696
389496890548432897
389494761616179200
389494126892179456
389485777798692864
389479500343291904
389478225232920576
389445002255806465
389432783304548352
389431630122598400
389431199585677313
389427210592862208
389424512124481536
389422864241160193
389420339580530688
389419819348414464
389418982194679809
389408333339164672
389407670341349377
389249818876338176
389237541729091584
389185967250079744
389117447069921281
389072897391616000
389069223395201025
389065460064325632
389046683285213184
388873382558593024
388867646415843328
388861225699774464
388825239745859584
388702213536628736
388701459417554944
388700579150581760
388698257250988032
388698001796898816
388693462343639040
388690392624812035
388689114133831680
388687646467178496
388686071355027456
388677165144743936
388655394668572672
388501156420284416
388474202975502336
388468522713497601
388453606199816193
388447446533017600
388446707211452417
388444665818525696
388409479798087680
388407002856030208
388391823783112704
388337396682465280
388337275622281216
388336705100472320
388336236328284160
388328326026129409
388327096579133440
388322246344720384
388320138606305281
388319820296372224
388317988249538561
388317731528790016
388308394760626177
388303190199791616
388302297802883072
388295621368500224
388065244053897216
388058669151027200
387966608578064384
387952717622034432
387951707881099264
387951219857055744
387950584818446337
387941163183116289
387927079099985920
387766910399434752
387764878003290112
387754660972355584
387724109364224000
387723177930924032
387713828378525696
387623793444679680
387590829772009472
387581601099415552
387394984833323008
387388949435404289
387370636277841920
387365004778799104
387352437083750401
387330613750935552
387290062473265152
387286839561682944
387282541062795264
387279763972173825
387265009165676545
387261014871257088
387260402381238272
387253544132153344
387236127213490176
387235021825650688
387233667166117888
387233334566207488
387211181657563136
387033211567476736
386988950805434368
386987772923228160
386987610083573760
386984237070434304
386920900458586112
386907167485227008
386893780046995456
386891965523955712
386889835853541376
386885661090779136
386885261243592704
386864864964001792
386656761379176448
386654354079363073
386652545675837441
386651273656672257
386648828188692481
386640914526908418
386639154248814592
386637942229192704
386637203910049792
386634718944301056
386628246541856769
386617627331686400
386617106764017665
386607236002238464
386606773412446208
386606354888024064
386593008633643008
386591851454533632
386589697129975808
386576497533669376
386529179677630466
386504158288695296
386500591305773056
386500536196820994
386499091728842752
386499004835454976
386498206869499904
386498148358959104
386497924093739009
386497836948267010
386497676012818432
386497528105291776
386496819691147264
386496031220723712
386449358230548480
386302681163120640
386302499235192833
386301787608600577
386295892090699777
386294112485253120
386292932178759680
386292326328320000
386291680338378752
386289677457563648
386288701556285440
386286102509662208
386285826121805824
386282453435830272
386281886269448192
386281433645338624
386281214874615808
386279756678692864
386279060965318656
386277704187670528
386266968883331073
386266232137060352
386265823217606656
386258591843229696
386258118415368193
386257930032390144
386257856015519744
386249375640338432
386214335007043584
386210064899399680
386209207688519680
386207949762211840
386207281974476801
386202343928115200
386202044916187136
386172469930766336
386172098210562048
386168763868921856
386163755664424960
386163679055462400
386162962169208832
386161301497462785
386156439762251776
386154732063956992
386154252168482817
386153267517849600
386151106679562240
386150887288098816
386148786067607552
386145527462514689
386145356615929858
386143971174391808
386143064164548608
386142826649489408
386139567406845953
386139314209300480
386138252870037504
386138132246052864
386136671617429504
386134413781635072
386132953635385344
386132881166172160
386132497605468160
386128326886035457
386128259026407424
386120608213258240
386104550093893632
386102745482010625
385977305471782912
385973371034288128
385931065652563968
385909993750290433
385909765521428481
385908132519493634
385901953592463360
385870817373872128
385869339108196352
385866677423845376
385846065909334016
385844564352708608
385825942326628352
385824733918285825
385814577167859712
385807430338097152
385802927790489600
385797749225947136
385797069677412352
385758356817711104
385749920864821248
385707863672233984
385563868933529600
385526765281492992
385526631722283008
385525415332175872
385436532372275200
385425311740878848
385407559508570113
385406683662409729
385392950798061568
385365813571493888
385248529733533696
385162022180368384
385161707129417728
385134843442380800
385122487769391104
385086055986126848
385085981881147392
385085610198700033
385085339292811264
385042745082904577
385039981099491328
385007342296629249
384986036990144512
384985148510732288
384880499690602496
384879808368619520
384873469587902464
384866860706971648
384837938653458432
384811781740167168
384767778651009024
384673478378389504
384519056474120192
384510324604272641
384503297861615616
384502998321209346
384499590629576705
384447271091572736
384444326123958272
384417169465163776
384367944811036673
384367896605904896
384361463688593408
384357712374403072
384357367464218624
384324896584507394
384300854817218560
384275375192162305
384164796330815488
384157248110329856
384154356720738304
384145624847122432
384143481750319104
383986468340789248
383954052716847105
383945482382213120
383935845415124992
383935392719724544
383916886586445824
383902502468321280
383716932102656000
383677964614782976
383670197652959232
383587211427336192
383585653658619905
383577122976985088
383553515794087936
383538894513242112
383538318731792384
383396635411091456
383382223514128384
383332078260985856
383316851985379328
383288145216696320
383241925421051904
383224644871790593
383223377336344576
383215783586705408
383202444756254720
383191610453803008
383075285375016960
383034082759675904
382962187913789440
382928460223500288
382918215648956416
382906933939687425
382875789143707648
382868245419524097
382867048612634627
382866364538437632
382864613009661952
382844799658647552
382714476526841856
382683575574753281
382676029912784896
382654442447065088
382652923580514304
382627986354491392
382608386405040129
382592792129576961
382592248564551680
382590876637077504
382498753149534211
382475012126818304
382350248175476736
382325798868221953
382250036085542913
382249597860454400
382247889256210432
382245273130385408
382244724175695872
382243548361269248
382242224290807808
382240887352205312
382239877879697408
382234400630403072
382202506995965952
382169025330962432
382168669519749120
382149315507912704
382119212493205504
382116680542846976
382111775778304003
382091861676269568
382088106742415360
381896512357167105
381841274170802176
381831635865698304
381823060191756288
381819987003842560
381798536972476416
381554457290350592
381505224013139971
381500378119798784
381497608847364096
381491053229907968
381409782604656640
381265295572094976
381249305060708353
381235921288310786
381231969457037312
381230635970355200
381173336442544128
381068740999118848
381032632756105216
381028628688932866
381028361062993921
381028055633760256
381025685629714432
381003621594587136
380965024019517440
380959998131851264
380959415098425344
380898420484866048
380813202889515010
380796045514379264
380788970122395648
380783598833381376
380746407658790912
380711905071218688
380650612704038913
380644368157507584
380636600431951872
380636502998265857
380626306225799168
380625535618924544
380625390529552384
380619402174947328
380617941588254720
380599468644519936
380596171778957313
380593863456337920
380592069900648448
380590992086163456
380586305467334656
380585510525095938
380556962959593473
380546542160982016
380499235046584320
380438945428799488
380436736255352832
380432239059677184
380425364008230913
380393283735658496
380389592416796672
380388070077366272
380383115253776384
380378861667508225
380376088947339264
380374913573351425
380372655838216192
380372581980704768
380369431391506432
380365957064978433
380353681025024000
380349016610852867
380342943376089088
380188950734053376
380186995278249984
380156867072106497
380155357806329858
379963408054878208
379939713643466754
379929901337690112
379889520038002688
379886390621650944
379816370600689664
379800392596340736
379790208142561280
379717924207853568
379712497328336897
379707520404963328
379634584637300736
379629529498533890
379531014453735424
379443518541799424
379315864152981504
379288307642818560
379062065236684801
379058091192352768
379055174557265922
378672419843481602
378635412098408448
378422236148805632
378418719229091840
378406312909877248
378339447248400385
378335861995106305
378265687178756096
378264190936309760
378263604773933056
378247387480743936
378215388581863424
378213513564401664
378211902075064320
378211716162519040
378204044818255872
378202606973091840
378202436260728832
378201999776305152
378201713343098881
378201083954212865
378200450429763584
378199470313185280
378187531579183104
378185965233131521
378185358560591872
378173667630256128
378167033189236737
378114508759126016
378082002588545024
378081755476926465
378076928453795840
378075837112676353
377956708087103488
377866292532744192
377860162184167424
377848989527605248
377846409627578368
377837836231536640
377787538427367424
377637608811008000
377627479193559040
377578944750292992
377545110008770560
377518493337264129
377492993084624896
377492199128064000
377483292359917568
377461691740467200
377398764295577600
377398356454023168
377398311658852353
377397665375338496
377396702258274304
377395935644364800
377395703321870336
377395437495263232
377395390502273024
377395254791401472
377393729251729409
377393054887321600
377387723079700480
377385812964286464
377355970126430208
377354633745682432
377334348480917504
377326285443178496
377302530877038593
377251538860642305
377184693407326208
377179751959384064
377178930861441024
377178690074849280
377178233881370624
377177222840205312
377173699041841152
377172221594046465
377169972478238720
377168063910522880
377130043081641985
377129336618237952
377126620378591232
377125168742531072
377125088144789505
377124168132595713
377123778972491776
377121981746790400
377121828004564992
377115057647124480
377110611055751168
377108260613931009
377094534301114369
377091756459708416
377089543247101952
377088996326662144
377087429632487425
377085574114320385
377079598384574464
377077891529310208
377024135349960706
377023056793059328
376992705324126209
376991216153288704
376987556786630656
376982377316118528
376980071640088576
376962629052276736
376909098593181698
376896403961696256
376798399372091393
376781812225159168
376779949853519873
376775739011371008
376722665374879744
376701188420276224
376697491950796801
376639464048558080
376435407434420224
376428691670056960
376424395717095424
376393458203635712
376381325504032768
376371082321620992
376280695384965122
376153206528561152
376153193274544128
376014160493965312
375999485479890944
375994039943712769
375989340104429568
375988322927001600
375980693433491456
375951144104624130
375949908429115392
375797272627249152
375783631542681600
375703558726750208
375674501825974272
375664480119558144
375320146610376704
375294039693598721
375272644817330179
375267763150790656
375252025971200003
375245978694991872
375165093073272833
375154052394262528
375104539226955776
375101687200899072
374901657512849408
374848087337889792
374821931175776256
374805017137410048
374801241617883136
374800302710329344
374776299606138880
374775979958235136
374723337525542913
374721902255689728
374704958253182976
374696176068481024
374577866727768064
374572798888669184
374559883309248512
374267003567341568
374259886038605824
374255137810026497
374252560124616705
374184917665464321
374183928879263745
374181155404148737
374174361453723649
374156052704419840
374155579091976193
374047534215229440
374047438446682113
374043610850684928
373909569593823232
373889426293657600
373878645879619584
373789718829223937
373789445863899136
373788674711773184
373541017036681217
373534598812016641
373533724253487104
373490094419632128
373460976185528320
373190373704609792
373183715167309824
373163191775145984
373007854971518977
372999930446503936
372996045623414785
372976750927433728
372974791931621377
372971364480610304
372971083311222785
372969978208604160
372884649023770624
372575432811765760
372568067823267840
372466122806669312
372465147500953600
372464478144577536
372455267771752448
372447439287902209
372382431984099330
372380429916987392
372378020100575232
372376407902400514
372355396360347648
372355233994637313
372352695060811776
372352020587376640
372310773197860864
372310366354546688
372308435385061376
372308144631721984
372306971610734593
372305945285496832
372297082540806144
372292423600185344
372289488476573696
372289037291118592
372285864069447681
372283334220451840
372281278256521216
372278174077313024
372277291847413760
372274384750129152
372051025684725760
372048366198214656
372048190440079360
371940317353619456
371931496002486272
371907121102589952
371680681962663936
371673835541520384
371573516052594689
371553942313779200
371482886462914560
371236331894353920
371200951312723968
371178183002841089
371168283380051968
371053580318277633
371029982690045952
371017641529339904
371016591929929728
371014488297721857
371011536547897344
370925711516647424
370925164684275712
370924044951904256
370922734122827777
370917359889825792
370916220351963137
370915490341736448
370912562428129280
370911231688708097
370849932980125696
370847193248190464
370844858451116032
370838538591293440
370836380693188608
370830646068793346
370828805964705792
370828401843503104
370823379336454144
370677488138977280
370661482893033472
370604161001209856
370602537583267841
370602216156983296
370599290780921856
370597171558486016
370585565751549952
370580044361396224
370559591068610560
370557171676639232
370556880268959745
370541554911309826
370539276339269632
370520904184651777
370511406350622721
370510736671252482
370492131124604928
370490325438971905
370482920894386177
370479325964795904
370477966217592832
370476729006977024
370465589946351616
370457309371052032
370456132336099329
370441092274995200
370427390515634177
370426876818247680
370212246950932480
370208555975974913
370191441412108288
370186456326610944
370185902552649728
370185741415886849
370115014805307392
370113330075033600
370110520256626688
370108569418358784
370101490121048064
370096329340375040
370078691797110784
370055088682721280
370016519553429504
370013375339560962
369971121958842368
369897117839413248
369896434012663808
369893593625817088
369887168992247808
369837938873339904
369835692299280384
369823852974440449
369810085590999041
369760724152627201
369730600753573888
369708126057947136
369650370319880192
369568797696352256
369506635783225345
369501137730150400
369499572889853954
369498164098637824
369495463763783680
369494753932374016
369490731905208322
369488859815370752
369484071262363649
369483009021341697
369478797168369664
369478448244219905
369476256737140736
369473170710867972
369471495556194304
369449416496668672
369448076697550848
369446645324193792
369393385385115648
369260137061429249
369254855262494720
369189809278840832
369169328135868417
369113833186394112
369043673339535360
369042563308597248
369041145319268352
369039948776624129
368884377591111680
368830291453833216
368827793414422528
368820663059898368
368671270335823873
368669410396868608
368668483497631744
368668385992667136
368667944269512704
368667329694949377
368665710643265536
368663204106207232
368659701090631680
368656688531779585
368630358142513152
368620314273382400
368406561959321600
368267579397140480
368261346896252928
368259280320737280
368259050028281857
368242594872328192
368239786173407232
368235660529770496
368171529864871937
368162390992384000
368026298373144576
367932990979977216
367931543630540800
367916855056695296
367909272530583552
367908621130031104
367752350099726336
367676635480621056
367581013796728832
367577056768720896
367561190857138176
367560575804383232
367551347379290112
367549325468921856
367546688426094592
367530166144094209
367527181133443072
367515906102288384
367511319060025344
367417372548005888
367415300410855424
367408276473802752
367403335478820865
367335728948064258
367326356196966400
367281095428939777
367252525453287424
367244209733910529
367240905306017792
367225125902770176
367206699884478464
367198862986854400
367183220254588929
367170175545933824
367083527285653505
367017826831179778
367015932767789056
366994675762081792
366977666580094979
366976435103076353
366918341329301504
366916413128060932
366913738990821376
366909834118963202
366908252379807746
366852627302072320
366837515040198656
366836936662466561
366835741315170306
366830071002054656
366822672425943040
366821823062609921
366816934886518785
366760460663525376
366593358333886466
366578777620357122
366569123750223873
366401130126786560
366210093894733827
366178561431838721
366177144176513024
366156271222665217
366114765665349633
366113076442963969
366063529742172160
366057569061584897
365953494580068352
365947401166520322
365907950956584960
365885724148506625
365884657532801024
365883608998744064
365881432821866497
365855861370912768
365840215664902145
365794117772517378
365793668122165248
365790343809077248
365667972628484098
365605559120052225
365595182172868609
365582372256759809
365581545974661120
365564473718747136
365562730914123776
365561884885254145
365561682036129794
365560733834035200
365560413833805825
365559396593442816
365559036541808641
365557111729561603
365556368247242753
365533169585360896
365531643622076416
365527708458946561
365523753347719169
365511439588397056
365499769793159171
365498565990158337
365497301873074176
365497048889438209
365496148628217857
365492811216334848
365488568153542661
365488109900673025
365488053470511105
365487906095239168
365487827791777794
365484669145321473
365481915303723008
365480899317473280
365479240344416256
365478220067389441
365475666659000322
365473573768400896
365457047103340544
365394123118739457
365387703044419585
365345548804435970
365161234749853697
365156702649204736
365131863548903426
365130677349392384
365129232273248256
365029017369317378
365026197635203073
365015528743501825
364997760396701696
364916369105498112
364840541323661313
364833104835248128
364806660952297472
364759148233109504
364755885093953536
364736701786095617
364711239659687936
364711075259744259
364708241369870336
364697171653689345
364694183597973505
364693310075453441
364692160186028033
364691730513137664
364691205432410113
364689397083418626
364684965646049280
364682709395714049
364681255129853954
364677254170689537
364673864472600576
364672384919285760
364671412121776128
364671144520982529
364665201011863552
364650066750881793
364646776000614401
364646395468197891
364639046242279425
364517653412458496
364486452664467457
364486200872009730
364467088175284224
364459177550159873
364451670769418241
364437081084272642
364406026084171776
364404452041555970
364403294564655105
364402786131120132
364402319787425792
364400750203387906
364394925376282625
364391021242613760
364389020463144962
364388810273988608
364380503517822978
364378638147272704
364378430134943744
364378010247380992
364376802543669248
364338069068984320
364334155405860865
364331863432626176
364328309934399490
364321076295106561
364319047803879424
364313657628303360
364310992924065793
364309970889617408
364309656442638336
364308430942904320
364303987069042688
364299272545509377
364296050166603776
364293804611731456
364292313347923968
364128784309424129
364126925775572993
364115477879988224
364115103269920768
364107339760021506
364106529869271040
364096670788616194
364095743801298946
364093114316636162
364078039639920641
364052466351865857
364038893068226560
364035485812789248
364035061210816517
364025876264275968
364013278394990592
364013183637258240
364005153923280896
363989560260169729
363987537255075840
363986941533884416
363985205083643904
363983311783211008
363967598242709504
363952811039399936
363941346974765057
363939797804384257
363938650599337986
363937172971196416
363935933101387776
363933869252165633
363933080051912704
363931395984326657
363922648465547264
363922133908340737
363919303940112384
363781231831293953
363775183925948417
363766382879457280
363754412214190081
363754318295343104
363719969323745280
363719037320036353
363717755154857984
363712153808674816
363695311727755264
363694621429219330
363570778177929218
363570493703471105
363570068220682241
363443918592942081
363415864646701056
363410113207353344
363409025230057472
363404977462456320
363404383267979264
363402523727495169
363388286028361730
363385410778435585
363381441456910336
363358274713694209
363358058711228416
363354287411179521
363349067583070208
363344081910382593
363342541640306689
363324497367023616
363320151527010304
363316731118239744
363316079289831425
363315573947506689
363314206323388416
363309184541925377
363309074797961216
363266203814334464
363265130907176960
363260181406162944
363258829493899265
363257501451436034
363255946912333825
363254833681149952
363253286796656641
363252474037026816
363251026687569924
363247550083514369
363244366258647040
363243685904781312
363243144898285569
363185857697959936
363058531202629632
362969216049102850
362968998213730304
362962812923953153
362960123913703425
362949236477792256
362948747233206273
362943522090917888
362935230300033026
362933648552505344
362922733912330240
362920660315545602
362862267219447810
362854230693920768
362853404671868929
362850519137529857
362848770439905280
362848520732033024
362839000496607234
362832783015546880
362830229120630785
362829963629572097
362828846950662144
362820907410010115
362819909899653120
362816140847755266
362691350459727872
362685370724388864
362684556618772480
362645406691241984
362644689037438976
362643991717621762
362615843525365761
362608298324799488
362597984103432192
362596380293861376
362595386747138048
362595007431053315
362593758061146112
362590955162963969
362588313183465473
362587363282661378
362585273760104449
362582528109977600
362580864795803648
362580821653204993
362579324337008642
362578272363614209
362575420148809729
362574270154555392
362573622411407361
362573186904227840
362572705180028928
362569981688422401
362564861416308738
362529016420368384
362521545765167104
362516917682057216
362514098195410944
362513403362816000
362513297808953344
362512876512096257
362512822959218688
362498826738737153
362494896579416064
362448302702202880
362403736775163904
362402420430614528
362398529580310528
362374634919833600
362369225744060418
362329201455542272
362326762027368449
362326316256731137
362321541393956865
362319705077334017
362317627919577088
362286295944404993
362279747717304321
362262683787071489
362255982748909568
362231357100916736
362228294818607107
362222201723826176
362221122319679491
362042051216412672
361999815338500098
361974698541711361
361950794012037121
361934750136537088
361904549671346176
361901851257475074
361899167259439106
361894610567565313
361887967255609345
361811504699412480
361526371308158977
361524664532611072
361302883385348098
361223765390135297
361154649283239937
361148390148542464
361044832078143488
361044584693891072
360785126474514433
360782200842625026
360697085982543873
360694663000231936
360654672115150848
360495394452549632
360471821574868992
360463890150199296
360405841008001025
360386430729596929
360385788422275073
360357914558472192
360357508273029121
360257686270517249
360245787462074369
360156644115628034
360145028229758976
360141767120662528
360139554335883264
360136781523451904
360136088087560193
360134520655187968
360117006827126784
360034677479849984
360031384473055234
359966226065264640
359948927857995776
359947049766092800
359892678667808770
359841994115260417
359836703537639427
359753629256785920
359709070652997632
359698022088720386
359695641343033344
359684059493965826
359683437076029441
359681388213043200
359679216364695552
359658307557916672
359618292236824577
359616726394077185
359615719727570944
359614727783055360
359614116928823297
359609678193369088
359608690036322304
359604837635207169
359602697806159872
359595035592884224
359592160946958337
359590272973275136
359585910108590081
359579029013139456
359572610574598145
359569989344309248
359568711188885504
359547223538802690
359545174126374913
359542944501477377
359542302743597057
359542058362478592
359541559294836736
359538655523635202
359519836260405251
359432285809950720
359428723902537728
359423927279292417
359415089683640320
359410134402859010
359398227822395393
359372909116002304
359368028846161921
359357670756581378
359343219395411969
359329809337303040
359329193349234688
359328221910667264
359328106290495490
359315234042822657
359314758991757315
359314637537280002
359313661640179714
359312542432112641
359311851005280257
359311386079264769
359307436928143361
359305867927097344
359305707931176960
359302535699369985
359271523674099714
359253881907183616
359238216676687872
359237975881678851
359237230822305792
359237043630505985
359236660740886528
359235646432354305
359234492826779648
359233546201726976
359233435610525698
359232931572613120
359231559624175617
359230552760520704
359230179563933697
359224951145889792
359224147676626944
359221368639852544
359219150704484352
359133135914549250
359088386058883073
359058584203558912
359022657951379456
359021789235523584
359021480954179584
359021038740312065
359009248744718337
358986908338106371
358983842683568131
358956380784304128
358956253713661952
358940549618737154
358937810255876096
358935740010741760
358933951068389378
358933419847602176
358930894368686080
358677574618054656
358557480260874240
358547226253332480
358544995764027392
358543451820154880
358525574169378816
358514912789676033
358514265004589056
358487870492770306
358437812510527488
358393657369427968
358344817270460417
358326238089199616
358321839287701505
358321749944836096
358288360319623168
358287495164723203
358263007559692288
358251514483060736
358250245785792513
358249589356244992
358237704300933121
358216697196462080
358184966020009984
358184640797880320
358183931281022976
358183859197706240
358179475629940736
358144922420916224
358144046939648000
358143410693091328
358143165070446592
358133448953049088
358130982680924160
358126406204538880
358125879022465024
358125350322044928
358124790093066241
358124603299725312
358124336663633921
358123961248256000
358121697519480832
358099791537905664
358084401264984064
358065305379016705
357997594053591040
357910340895383554
357885311671476227
357881267372560384
357781625494441985
357760060690141185
357752123577995264
357704870184230914
357701408843243522
357615290558857217
357610640422092800
357607458346254337
357607044037083136
357606888696852482
357605110165151744
357604283912437760
357602179080663040
357566416335028224
357565313199513600
357559648271867906
357558452991696897
357532890164244480
357531833900085249
357531721794723843
357497197383794689
357465143040409600
357444191346884608
357428308624941056
357427757577285634
357411063953756160
357410639473426432
357408305930444801
357403349768863744
357400914899894273
357399878311223296
357399439645753344
357397863812182017
357397695704469504
357396545924108289
357394257037901824
357332963488305152
357272405640609792
357221884053561345
357196227806367745
357183996863590400
357183429940486144
357087559802814464
357076431349624832
357033039127248897
357029566084153345
356823137003900928
356822718869553152
356735310635347969
356725871186427904
356696727580979200
356694382671441920
356693696445562881
356691927334268928
356691177770205184
356531059661352960
356525901275598848
356518539647123456
356514865659125761
356512885691777024
356512346027466752
356511665937842177
356510884266385409
356509937779748866
356433533490835459
356424479141924864
356337805728817152
356308758856605696
356128701655695361
356120820113866752
356053749875228672
355978371349487616
355966463166791680
355963819811540992
355958949532540929
355957474332909569
355953726189617152
355953004454752257
355951261754986496
355950520017498112
355939662596014080
355826177358827520
355820532756787200
355818516156391424
355818390910271488
355817528389410816
355816976607748096
355814507987206144
355812359924748288
355811671723347969
355805398172831744
355803363834732544
355691030336638976
355331621165084674
355305426595758081
355268161878228994
355262442319773696
355261216664469504
355251334049562627
355247671168081923
355245371703828483
355243139939835904
355242904362549249
355242167901491200
355240485159309314
355239765764866048
355180734220210176
355175421370839040
355105741008416769
355018812317368321
354994342957559808
354969248528990208
354967565187031040
354967102739849218
354965970227429379
354963478773116928
354963000257560576
354962651471806466
354960668341977088
354959949018828802
354917636016058369
354894481016889344
354894440722210816
354894388872228864
354875196508868609
354874575470866433
354872319824498688
354819162603917312
354814161336795139
354804070927695872
354707398272884738
354653086637240320
354629830907674626
354628999063928832
354628777189445632
354627407388487680
354619992702058496
354617905557676034
354617160087248896
354548435803844608
354548112599162880
354544440188215297
354540807920955393
354540235801100288
354535935922278403
354534900579311617
354532218883936256
354529995986710528
354518460375633922
354507955791601664
354507602912223233
354507002526969856
354502443465310209
354502123100192769
354498354039894016
354497103826927618
354493942387048448
354492082540380160
354490208437284864
354484912277041154
354478515988606979
354477959589011457
354477577420812289
354475768107110400
354410606092238851
354298790922027008
354216050323230722
354211871722704896
354211187044524033
354191743140364288
354187199807369216
354183376539885568
354181155605581825
354180636480778240
354180270427078656
354039405889073153
353734675363143681
353693983454670849
353672864093847552
353584683897991170
353466279115493376
353454700139528192
353398715324702720
353386397098459136
353270846992818176
353207040283385856
353184569765265408
352880584667824128
352879792212803584
352872254692016128
352813902561681408
352800555090972673
352739443687424000
352739059673739265
352733622672949249
352535792087871488
352529994959962112
352525846696833025
352517748485656577
352506650395025409
352468754468323328
352453054651580417
352449428243750915
352346247937527809
352304366629306368
352163844560400384
352147700524924928
352145415983996928
352104998840176642
352072278500065280
352070824011898881
352061608077438976
352061201716477954
352059687144923138
352010070084694016
352004548187004928
352003805958774784
352003463154110465
352002560762191872
351971175355785216
351908313795014658
351811261866065921
351784988468973568
351765536574676992
351761041752985600
351760434883334144
351747708958146564
351732754980945921
351725172245540865
351724385406693379
351718755430182912
351680377129156610
351677321448656896
351675239731691520
351664879003906050
351661945402826753
351659715622735872
351656834798583810
351650903285170176
351641077574410240
351639757845045249
351638524119875584
351636215071637506
351634732573917184
351634397813932032
351634132146724864
351633203100004352
351626814357123072
351624802747957248
351623878088462336
351622694594297857
351616650400894978
351615362120433664
351613927517458432
351612027447427072
351611463653277697
351610611391672320
351610410853605376
351609821490970624
351608023933919233
351607676746219520
351605797819650048
351605170276282368
351541030107099136
351429783139254272
351427696787595264
351416504501280769
351413217144213504
351390197985980419
351386789048619009
351347388654424064
351333715969970176
351333094281850884
351312990492041217
351312379579080705
351311451513819136
351311324984254466
351308417245265920
351308299355951105
351307994606211072
351305775844556800
351304358035599360
351301630928486400
351299031445667840
351298223849209856
351297456572596224
351296727455772673
351295888246841344
351295729404350464
351295341213130753
351285840468639744
351279517580525568
351276633757462531
351275750273454082
351273946563354626
351273017730539521
351248104143585280
351239755733798913
351239154484518913
351237916254679041
351237392935550977
351236814478127105
351189515051872256
351187392536920065
350964648788492288
350960380404707328
350960174481158149
350957769458860032
350949085454409729
350934443474698240
350933193395933187
350904166660575232
350903452592910336
350902324383842306
350902189394362369
350896306367119360
350880552909418497
350830931029917696
350830158883729408
350821311200772096
350736654971056128
350678304132562944
350676737291595776
350669713459777537
350666815149572096
350660052849397761
350644730809430016
350619328648978432
350616744144011267
350566827329466369
350554730004611072
350552107411181568
350552001601482752
350550785597243393
350547752318550017
350540583061815296
350537027206385666
350534704245645313
350533827606749184
350533221601132545
350319649063317505
350316887768436736
350316684063678464
350310856430600193
350306492253085697
350276593047961600
350274468129669121
350272583578562560
350265116035514369
350262221516963842
350256096147025920
350245281046081536
350100828411015169
349941423363207170
349936607710822400
349918653497606144
349916368499515392
349911666953166849
349905854537011201
349851137794523136
349850028455641089
349842027929808898
349836997608734720
349820643405070338
349819513488941057
349812560276623360
349811408256503809
349805892700606464
349802146985820160
349702745621663744
349655734616735745
349633669624897537
349611419324526594
349585312541970433
349581305844989954
349580429004771330
349536561819426818
349535683402153984
349533098221903872
349532121305591809
349480953170755585
349466376047566848
349460329748627456
349458780653760512
349458232718270464
349392254890295298
349326742957195265
349258430516699137
349238276307169280
349210324651606019
349188070928695296
349185990151241728
349174311266955264
349123416542027776
349111193731989505
349110094488821760
349055351099895809
349054283737604096
349053977029124096
348922142919897090
348866782750183424
348853812322238464
348842337977372673
348792752412180481
348785562620153856
348785069445484544
348782925334061059
348782758660829184
348782701786058752
348728104048533504
348722691471183872
348666019163824128
348659626386022400
348592264299294720
348514454562025476
348490280695111680
348486841181274113
348439403103911936
348433306091667457
348432446133510144
348416020500852738
348415507659100160
348415411928317952
348259322200997888
348190625625161728
348177910772928512
348161656976703488
348157354333843456
348139862626537472
348107909206515712
348022345975349248
348019179389071360
348012496659042304
347980465522761729
347978295364694016
347978081195130880
347977439630213120
347873266003755011
347826154859798528
347817978601025539
347816262543474688
347780633591951361
347747988640256000
347725890668621824
347725156367605761
347675939548835840
347670005049073664
347665671871676417
347663987057491970
347559944373018624
347436340176105472
347434080528371713
347430819322793984
347417724441460737
347415563187920896
347410957997309952
347405684645699584
347379132998496256
347375573464657920
347371368754577408
347350448262496257
347085018188873730
347078108064653312
347007541223505920
346998374685360128
346874687135031296
346870404247322624
346867639324389376
346867044643393537
346861819203293184
346834043104530432
346827089770577921
346721705252757504
346696916060483584
346483553351110657
346480712679043074
346297858372280320
346285875031842817
346283955336654848
346209274424328192
346205546430480384
346130149944729600
346122727268163585
346024218225414144
345958629691752449
345875016560304128
345818397700931586
345752925143977984
345747348347043841
345650660236201984
345644819047141376
345640056175869952
345636111231639553
345635425198694400
345553249442594816
345552527925841920
345552323453526016
345550978688364547
345548447476219904
345329081342103554
345283701208383489
345283682770235393
345275738284507137
345256872913272832
345234599628120065
345195777963995136
345050722720690176
345038548442951681
345035831301505024
344958995372572672
344934491237806080
344893938274017280
344869475230810112
344828362977603584
344813646305718272
344809374721646592
344760423658160130
344756250359242753
344745238985854976
344743174838829056
344733227560345600
344704467641454592
344698369068900352
344697945544863744
344664870316277760
344595418782498817
344529670244536322
344463822150574081
344462352760070144
344454415958290433
344451775241269249
344420758866518018
344419641101275137
344418618974539776
344400692968046595
344385444139630592
344384019917578240
344374733447520257
344370750163132416
344350960375697410
344344978455142400
344344774066700288
344342468034183168
344339310419513346
344287326446428161
344286992558854144
344284101613846529
344267316885856257
344197004756393984
344187886813454337
344186004112015361
344179529872453632
344178338182610944
344152187611512832
344105572183973888
344100111393099776
344095144586391552
344093283561136130
344091140309520384
344035464602324992
344030243490762753
344029791944593408
344027616677879808
344026993043582976
344024905777569792
344022875780562944
344021326404648961
344020985705541633
344020647430721536
344020356677382144
344017326317912065
344017123556880386
344014960764006400
343967626168500226
343809645112078336
343803154619576320
343721322158891008
343678626945961984
343595139324846080
343469357688553472
343432050088476672
343428921854918657
343405454921175040
343399282797318144
343397537283186688
343392396580626434
343374572378271745
343367005329567744
343366871267020800
343366424753995776
343273915898032128
343270504108548096
343243438847836160
343243114313564163
343242352695066624
343234149173297153
343211905252462593
343115112640548864
343086159066431488
343057886689243136
342715177034203136
342706107707424769
342699979502133248
342697616603217920
342693249808482304
342645274684039168
342635609006956544
342560789510639617
342547466798891009
342357649892970496
342341740893712384
342340095224971264
342240095157514240
342224614170185728
342216381250564100
342212840595259392
342193767731822592
342134469752389632
342132324147793920
342113924684054529
342093911231168514
342081635988152320
342028610481299458
342027547036504064
342003914142519297
341985361465053184
341972115702026241
341963430690951170
341954786641453058
341952735308025856
341778117595119616
341770651654295553
341703665867972608
341702781524135936
341697694999388160
341677706188046337
341591674499244032
341401383058149378
341400745926598657
341389920851607553
341255859353042944
341247047355215872
341173613451419648
341077982686871553
341074620767694848
341070276202725376
341070129955753985
341069712123383808
341066492944736256
340992279336583168
340965873705689088
340826224802795521
340825639080820737
340709660187299842
340685441823031296
340682691408171008
340640665648119808
340626858645258240
340612372441989120
340585048354988035
340581853226467328
340536872122060800
340286637604999170
340282383175655424
340235831052730371
340215875204431872
340170288266362880
340161774215114752
340112505139507201
340107087587729408
340095233066938368
340093835138969600
340078985142743040
340071913013514242
340059977010008064
339953641446318081
339942308927639552
339876687359647745
339860406493388800
339836805186727938
339825384008843264
339789774225281025
339784555043102721
339777784719220736
339772081443057664
339769207472402432
339767970169499650
339766310764425216
339765177534783488
339740558815797249
339736871678644224
339728458869522434
339727835893747713
339726870880854016
339724771740770304
339723692164661249
339719011577249794
339718621993521152
339718247060492288
339717517918486528
339717106339831808
339708159918759936
339704430507225088
339702935053279232
339543809656516608
339539520846430208
339536784952262658
339522335155560448
339471210754744322
339470664195010560
339457698712133632
339388846103994368
339315131135688704
339310017591246848
339309110682058752
339304007522725888
339303528289943552
339302687466192896
339300807587540992
339300602322509825
339300434097352704
339281963783438336
339169936008155137
339091840810758144
339047992118087681
339040542648320001
339039421678645248
339038369231290371
339036679920812033
339034745113563137
338979855397949440
338977077485240320
338976905728499712
338974925425623040
338969807032557568
338967110107664384
338960161232257024
338869287483740160
338847322500894720
338762610054930433
338700053843693568
338607654056361984
338601938360885249
338601068697096192
338600846151516160
338599363234390016
338598929102934016
338594258485383168
338594128612966400
338594026754293760
338593323885395968
338592112138403840
338583730362937344
338581789868171264
338572750551658497
338569406898647040
338567507621335040
338566466980941825
338555999130628096
338554437419270146
338546728716345345
338513905703862274
338508468120072192
338494684856987650
338436872613273602
338433962819072000
338433750943805442
338431718795137025
338431313008787456
338423856085733376
338422246089564160
338366332091396096
338305049233076224
338295497431318529
338231872956006400
338222127243223040
338199492283219969
338196291643383809
338195027366916097
338194786802597890
338194456069144578
338193519887908864
338192846689546240
338152150653861889
338142622122119168
338139822617141248
338058930850775042
338047429880459264
338044205052084224
338004169065639936
337997700400312320
337995098782564352
337994589623422976
337993987145203715
337987734025158656
337987051347668993
337986610727616513
337986587004641280
337984990086303744
337984642051346432
337984611521011713
337984402812444672
337984336093642752
337983213412696064
337983002963484672
337981401129443328
337980837171703808
337978720054804480
337977731524485121
337977581552926720
337976930471137281
337976899122896898
337976085306286080
337972398362075137
337970682300362752
337969450596847617
337969008676573184
337968351546572801
337968073522946048
337967803896328192
337967085487529984
337966726270562306
337966042137640961
337965546228297728
337944310538457089
337943484206026752
337887515396673538
337885580643938304
337884370809536512
337884187711381504
337883472699998208
337882971530997760
337882713124114432
337878702157332480
337877863787278336
337877545770942464
337876181158330368
337874894656253952
337874090230693889
337871610826600448
337866479968071681
337851372479328256
337775309715816448
337775059139694593
337769680230043648
337682776205701120
337682570085011456
337681789470511106
337680085001842689
337676393255165952
337675464384589824
337672526530498560
337574541918351360
337525041698861056
337524010793451520
337503093182828544
337497857244422144
337469991827939329
337467095732334592
337466531413901313
337461817112682496
337461265691713536
337418815262560256
337415532397608963
337322694947241986
337321489881788417
337221071705079809
337100685332054016
337026185806618624
337013919170306048
336953274961895424
336872806384021505
336867261581230082
336829682802622464
336736701642850304
336736156433653760
336736067979972608
336695334921179137
336623326799728640
336591952445317120
336572949626748929
336567387455373312
336547537550983169
336542330792321024
336542009969999872
336512466475425792
336501929276477440
336470332082896897
336351010350051328
336350874970497024
336172692405362688
336161233583611904
336160127642116096
336158466458664960
336076407602020353
336069144376123392
336067322664083457
336066802230632450
336066528950751232
336065353648050176
336064868853637122
336063027055050753
336061353175445504
336061068080197632
336048706853937152
336048063875526656
336047640078860288
336023681136467968
336021673851621377
336021325934108673
336016795150450689
335966327711862784
335944853659717632
335820140476248064
335819463989538816
335818786185809921
335818171292463104
335816455755014144
335815611223515136
335813671827685377
335813146574979072
335812415872696320
335811480383549441
335809964138430464
335807577797582848
335787321213452289
335784741313839104
335784317026435072
335781447984087040
335780939147902976
335777948885987330
335773297830662145
335773205774086144
335700161764413440
335693672010117120
335692792556822528
335670445485461505
335659800966860801
335657550085234688
335655276877328385
335655100095795201
335654991094231040
335654838111195136
335654059606437888
335651255370276864
335647426281078784
335632380033392640
335520780609794048
335516889033887744
335494481430327296
335446013307387906
335438758231027713
335437640612593664
335402138027036672
335341565339901952
335341519651348483
335341170144198656
335336854461247488
335336470229434369
335284685162819584
335258424143130625
335243982844096512
335237488639614977
335196373001584641
335181283342827520
335177581626261504
335095803133693952
335026383929610241
334996329904340994
334996288909213696
334995988769026048
334940407026819072
334939188912857088
334881480671105024
334835558448771072
334834176341712896
334798198860296192
334712590984949760
334680737741672449
334677716773253120
334675104359383040
334667101853843456
334660245429317632
334659794994606080
334659586776768513
334656775196393473
334595138271731712
334581243985424384
334580798151852033
334574835399290880
334573749326188544
334572674384789504
334572304564629504
334549839528468480
334549702487965696
334549557700616194
334544887724769280
334541671641534464
334516144239157249
334512109356466176
334436878528946178
334433616287375360
334338669076942848
334317971587608577
334192796904865793
334186587770470400
334184865325019136
334179716187713536
334178797559611392
334142193759563777
334139560319660032
334138559881691138
334138379115565057
334138036684193792
334137591966343168
334095645164056577
334069829956935680
334062767818547200
334062570778546176
334061192429572096
334060845011173379
334051786543472640
334029823401926656
334009547377217536
334006680859840512
333984848291184640
333948718019670016
333945406239150080
333944575242674176
333929145937567744
333923068059717633
333860305362898945
333855640441212928
333853284307714048
333852943172386816
333852495950536704
333851861616574465
333850324148314112
333847888100724736
333847212280918016
333845302916288513
333842177077678080
333842037357027328
333841097052782592
333695162561740801
333694856184598528
333694473240469505
333694208521170944
333693841066557441
333693664016617472
333693304732536832
333692981100032001
333684274232430592
333651596506431488
333535839344787456
333535012840415232
333533762258337792
333532283791368192
333530479947022337
333472503982862336
333467684190695424
333464177530265600
333460764092424192
333449357431037952
333448300097314816
333281382476427264
333278681722134529
333227442217054209
333223218578079746
333202722797002753
333202599090200578
333182415537311744
333161987922071552
333115109058682880
333110864444014592
332990912198230017
332894669262434304
332852198079860737
332852172251357186
332806298812940288
332798204057894912
332798162857246720
332796856386076672
332795720648241152
332795497414791169
332793523407552513
332791518735769600
332790062033035264
332786744921559041
332786571101220864
332782504316637185
332777612013359107
332777169694629888
332775069271076864
332774560640401408
332764831834832896
332762876873949184
332761058131456000
332760519473758208
332759855649652737
332758658918277120
332756654808510465
332756430794940416
332743671973830656
332742047956086784
332716967343570944
332667619004006402
332625030401884161
332602360838889473
332579747135623168
332573701662978048
332560653975957505
332551021446434816
332549854943395840
332549261877211136
332543929356529664
332542276624580608
332541726025728000
332533671582105600
332527308328026112
332518006032826370
332401302527172608
332395362612563968
332393190730629120
332358013799235585
332255126989447168
332245388205621248
332238650786058240
332227290207494144
332201137379868673
332191390052282370
332190421281292289
332180484291448832
332101999967498240
332101731955650560
332100772714123264
332049784271671299
332047843957293056
332045735044456448
332027524525735937
332025960977297408
332009159769870338
332005621413068800
332002592332845057
332000978083655680
332000129714360321
331996614648532992
331904117826002944
331897820502171648
331884382627459074
331867688450260992
331852013845495809
331837231423684609
331822173822005249
331797725052022786
331797667078352898
331766015337840640
331760316914475009
331732473358716928
331707083726659586
331686354616459264
331619216266502144
331612977008611328
331437385088909312
331433552275185665
331431103770537984
331369374436974592
331365425940152322
331335685179052034
331331693707407360
331325028689920000
331318600692559872
331315410572046336
331313419049385984
331290256185884673
331205860632174593
331159537925124096
331154470778068992
331151607242817536
331149570652372992
331148808912248833
331145537363513345
331139451982053376
331139376774008832
331137404582903808
331135157899759616
331129178147659776
331113309891858432
331110433299771392
331060612652228608
331055295327510528
331040935351824384
331039057360592896
331037036930809856
331034987195412480
331031288087707649
331025818945990656
331025105998200832
331025055255519232
331023974408527872
331022208904343553
331021061221126144
331020863539384320
330994946142253056
330994306754150400
330993268055748609
330991635422912512
330990361126252545
330987852223623168
330986598365802498
330984857335369728
330983807886979076
330982005548392448
330981206336352257
330980938429378561
330979314185158656
330977653517594628
330977251371917312
330976812358303744
330976617201561600
330975498958163968
330975023479271424
330973836252180481
330956899740680192
330955522901680128
330935683248173056
330933781051613185
330904989868363778
330865716775497730
330797477752094720
330796190692159488
330795019940290560
330791666183204865
330788916112261121
330788342314708993
330785395174412288
330784605017878529
330781317161684992
330778424840949760
330745809341644800
330740387100631040
330735948558118913
330735813807702017
330733419501850626
330733296130613248
330732435488780288
330731505796132865
330731182373343232
330730531253796865
330720316848480256
330719883908218880
330566843469271040
330566743288332288
330566684542898176
330566486622085121
330566421765554177
330562768468062209
330559470079971328
330557866828247040
330539031869919232
330402793410134016
330387141987274754
330385958627319808
330385473887420418
330384961230209024
330383062762401792
330382275097280514
330330338406576128
330330276733521920
330329401944317952
330329015464390656
330326606583316481
330325644904902656
330325088232685570
330323067588984833
330323002627604481
330322016672546816
330321471022972928
330321034664374272
330320684402225152
330239036188930049
330230786743734272
330229844895997952
330216898396557313
330144134960644096
330132913809137664
330034697558175748
329984394808938496
329981534616567809
329973279882371072
329968232477884419
329966054535200769
329961796209360896
329913134594785281
329911884683812864
329909779654901760
329907101776359425
329904050025922560
329903655140605952
329897118544310272
329894592285655041
329892114710282240
329820701483745280
329762359453290499
329756477671747584
329754929218596864
329752160155860996
329751064725303297
329750544195403777
329750022738550784
329696672424792064
329694758563889152
329682756424589312
329679803584233472
329678721604784130
329677283344408577
329676156183932928
329674207518658560
329674085481197569
329673547796590592
329673107017179136
329672579185000448
329656868505001984
329610693814923265
329604384302432256
329591016296415235
329588221145137154
329582211869310976
329572646025043968
329570516648218625
329570137768337408
329568401481678848
329564532399808512
329424735874215936
329419186457686016
329403192662163456
329395203758764032
329380196207702017
329379664361562113
329377237449195520
329370739151089666
329364229851328512
329325226758385667
329324891729960961
329323598198210562
329322361528664064
329320814237339648
329320312556638208
329319898461384704
329319155331379200
329306859842437120
329300986323685376
329294895686758401
329293583167389698
329289457595465728
329282392093245440
329281019507273729
329263115256610816
329251397088448513
329248004978655232
329243635109466112
329239587274752000
329231212566700033
329223263588851713
329222851477504000
329218516857262080
329213375382958080
329176472910708737
329092355544195073
329088819720761345
329081211861475328
329038807896825857
328990967317270528
328985116422586368
328965676159090690
328941327016423424
328878948811407360
328878810604912640
328878532698718211
328877309476098048
328876755295285248
328864280793460736
328857033363292161
328851970876121089
328849891386331136
328831115051810817
328830063023890433
328829894693879809
328821198253350912
328805774564409345
328803473527283712
328638857581056000
328626549693743105
328609461419786240
328578283794997250
328575192009945089
328574778539655169
328561801891565570
328552532878163968
328548709031870464
328536906990235648
328536609412751360
328535676742156288
328479890988990464
328478040843771904
328476969895350274
328444979431223297
328329884814413825
328309216932671489
328294806503702528
328279194905751552
328268457982431233
328122516373651457
328119828940476416
328113542651846656
328110898872979457
328102390182051840
328095986868170752
328092333541306369
327934263733387264
327933964784394240
327928790187642880
327917121793298432
327912413439602688
327911628228136961
