398190750430928896
398039567187857408
398032394290495488
398012928357834752
397862425997103104
397812613012549633
397803539696979968
397799518848425985
397773965659471872
397773847841480704
397734558017519616
397724959449300992
397714544866639872
397429413295710208
397429307372744704
397401908144795649
397367290980995072
397271664964423680
396249150842761216
396238017821933568
396237734538645504
396237650765832192
395961260837449728
395923695635808256
395919319517110272
395908261989613568
395668315072659456
395668305740304385
395608653409288192
395608449738108928
395587393535082496
395527261472169985
395526663167287296
395526371851907072
395263051513204736
395263003542958080
395255645810982912
395224125641617408
395190011198713856
395139149654945792
394020623632322560
393763384560480256
393712321098702848
393091653508284416
393078928736526336
392945451647139840
392937110132764672
392928761915899904
392392645974433792
392194060074893312
392193067425734656
391637211688747008
391124664984305664
390859662402539523
390833941701468160
390774165684649984
390467755050565633
390454912167190528
390428595199680512
390420624512147457
390418973374050304
390418815944650752
390418046483185664
390166604828647424
390142969162268672
390139118443044864
390065687777275904
390064697007177728
390060343076356096
389899484630876160
389796553147551744
389739078738268160
389710982714753024
389134039569170432
388995960439046144
388968176845074432
388966725079007232
388966702291386368
388966626424791040
388966599635787776
388966549035712512
388966506887135232
388966418685116416
388966368013742080
388966329300312064
388966298899972096
388966262325661696
388966160248872960
388966123817168896
388966115428536320
388965953712947200
388965910582931456
388965863975825408
388965835215482880
388965834577969152
388965742747865088
388965597578801152
388965488996671488
388925389550407680
388658482242932737
388657385071738880
388655826812280832
388085174883594240
387959641550118914
387707371046588416
387706408298614784
387706369165774848
387706336479555585
387705962695778304
387705369931563008
387705065756434433
387562176464318464
387234677846970369
387225518787272704
387152490653024256
386907059591323648
386818406760316929
386520902323945472
386312693978001408
386176795965661184
386055505879531520
386051775427772416
385839013518929920
385834518005170176
385802154382217217
385389790029688832
385352833429958657
385352303731286016
385008396543741952
385002524702695426
384665518030213120
384665332079927296
384391294241763328
384360005300158464
383624607787651072
383624297174290432
383623473660448768
383622813376331776
383592123695902720
383548544097218560
383548330649083904
383346484974194688
383346400278630400
383342076709990400
383338729186029568
383338648022052864
383338556779147264
383338481181003776
383283189785321472
383282775488757760
383262490794409984
383260882702454784
383260538291380224
383252228808908800
383248175873941504
383219862950387712
383169834554773504
383169421256433664
383169337047404544
383124947247587328
382997980682653696
382997376304427008
382997274038894593
382997136293765120
382996713369518080
382985172368781312
382984738899628033
382984347231731712
382984088589967360
382983897291952128
382970133637263360
382970130743169024
382969850920202240
382887044370153472
382867320785612800
382750787753238528
382631912432730112
382631749664387072
382622681348460544
382614087387328512
382604390231977985
382599341841842176
382571714322124800
382562037198753792
382516369730064384
382506943786799104
382468733899669504
382467464011206656
382127216777498624
382084389200756736
382084322679062528
382084273303740416
382084002179743744
382083996974583808
381813692796768258
381305508952801280
381141891758440448
381134479752196096
381132027657220096
381131859843100672
381131511682306048
381120303000477696
381116545327726592
381116369611542529
381111793588137984
381110620026052608
381107163584016384
381106896868241408
380667138509668352
380643645097254912
380582729408348160
380447755208261633
380428874561368064
380427703503294464
380352251313020928
380350097089101824
380032188575920128
380027906782928896
380025914782146560
379693902300979200
379687059495333888
379686919502045184
379684232056303616
379208811221118976
379208781143359489
379145852046278656
378909326288900096
378851354070220800
378805155028033536
378766955786014720
378560636474900480
378530842823630848
378392347010428928
378392286218170368
378257788730089472
378189122609111040
378187936405413888
377894651807924224
377873743345123329
377868826870042625
377856263952277504
377726856700887040
377498028426682368
377493765411577857
377492791833919488
377492336022126592
377458254546493441
377435778491875328
377434853274558464
377377356778070016
377376880934281216
377375573703938048
377111120685056000
377103539639955456
377093302488952832
377074977092427776
376612823256006656
376271978443063296
376052951531659264
376052738897223680
375601260923461632
375556363210194944
375279613284745216
375221704135815168
375204902622228481
374988310760128513
374911856919736320
374835181586489345
374833891460526080
374833832438272000
374833672043892736
374833201732386817
374833017837330432
374832896378687488
374832345310068736
374832257133187072
374831820418060288
374831617237594112
374831431144714240
374831240295481344
374831061551042560
374830802523414529
374830800933752832
374651168678764544
374642439140937728
374585607038967809
374574223081365504
374525801527799808
374275945345327104
374269886081806337
374269580338028544
374253297387188224
374161144883462144
374134199726657536
374133960764579840
374132174855102464
374103200946991104
374103108189958144
373853292297990145
373852331840122880
373849049134555136
373848972198445057
373834162903724033
373734733504868352
373495357503987712
373495278487486464
373428690916745216
373366757396054016
373366644678328320
373366598037700608
373366504978661376
373168618525433856
373168471821258752
373168319362502656
373168238550876160
373133109677797376
373132860804562944
373132365633421312
373132040822358016
373131754439475200
373131554673143808
373131429934530560
373107149540708352
373101745008037888
373100259804975104
373067445688631296
373030726163496960
372976279441924096
372840929671254017
372802697600442368
372696985008357377
372692604905095168
372692541864697856
372654983420063744
372654769929981952
372397582502592513
372377000876711936
372342524167593984
372329455865589760
372322663739699200
372293225438253057
372108471854202880
372105753521569792
371911192450977792
371910719278956544
371708854561951745
371701969586782208
371701682306318336
371207076380676096
371207002623868928
371038654434906112
371038590366928897
371038502823419905
371038252066930688
370993127282475008
370990718736928768
370990278142066689
370990205316370432
370988984509669376
370984144802959360
370983539699101696
370983204679065600
370980494420488192
370955940700635136
370908463805001728
370466793623941120
370461776439443456
370458752904077312
370457792123252736
370457657825849345
370297267603144704
370173649153957888
370140411140251648
370089422030897152
369950828200988672
369950719056822272
369931375157477376
369931314994364416
369931215937486848
369925947354808321
369919929954603008
369919852460658688
369919679693062144
369916897938382848
369907441116663808
369898005107073024
369857541813329920
369807364280823808
369805455675371520
369726889650552833
369618993143103489
369618905578614784
369618768143843328
369431293148160000
369179780597301248
369101732778762241
369101671399301120
369015440380411904
368800617700937729
368673052470439936
368672898283601920
368672852477632512
368662837301764096
368662614919749632
368662592039821313
368393030665273344
368298380059242496
368290646274371584
367751038033747968
367687087840968705
367684970078564352
367684811085086720
367632733709021184
367629800409956352
367563295093698560
367562925026070528
367417597002022912
367417470153678848
367417228981190656
367417123448311808
367338938736074752
367325836208537600
367325332892037120
367325303083130880
367273909777076224
367268462101807104
367267396819910656
367221361498140672
367211535468601344
367162679473213440
367010451084677121
366926579231768576
366874234338811904
366829794727432193
366654657096978435
366515768034213889
366499963842211842
366479146974593024
366473783785172993
366254641857560576
366167579926081537
366167510640365569
366167444655976448
366125869620027392
366124577128083456
365867597159350272
365799423822925824
365780706170904576
365747293032431620
365747066657456128
365577542213713920
365541642498879489
365541368640176128
365541315355746305
365539219919212544
365490364867547137
365473996000612352
365458491906863104
365223557590040577
365048354410987521
364859401204547584
364855498463391744
364845852247855105
364845568473833475
364791554788954112
364718863230832640
364672209828069376
364672181751394304
364672109793910784
364465625273757696
364465488908517376
364445168973660160
364354960252612608
364354278380830720
364353597347082241
364353165376122880
364352996186284032
364352770889248768
364349531187453955
364092321136390144
364091002963120128
364083582001610752
363990872011968513
363989357629145088
363975238742065153
363938238496768000
363745860619739137
363690518926348288
363653992318242816
363618443070685184
363618235302039552
363618155182444545
363617402447081472
363617055666233344
363593235576655872
363276043760963584
363233456719163392
362977847435993088
362956494255718400
362936702555267072
362917757102211072
362898694107963393
362890147471163392
362890070375665664
362889724593463296
362889528781971457
362886302573674496
362886196017782784
362886136475447296
362886097472208896
362692778024632321
362692761650077697
362684792392785920
362682369964126210
362653593578385408
362594210848845827
362591916338057216
362589994185015297
362582450125279233
362566194496147457
362515965700882432
362287052420677634
362247950895808512
362246883139260418
362204420328525825
362197093764435968
362119310195441665
361846502596935680
361835194694647808
361817308571766786
361817197481443328
361817081693478912
361595673319178242
361565281241399296
361565170067189760
361565023832784896
360432931069636611
360423730285002752
360389035220410369
360384723828224000
360160467144028161
360149520975273984
360149472111636480
360149361096794112
360073866179129346
360073756837806082
360056016378933253
360022747591606272
360020988945104896
360000631135682560
359975567023546369
359747954707812352
359715334283988994
359674592480067584
359657378351824897
359634958798696448
359412726465957889
359348737975394304
359348695994597376
359296045114597377
358987453035577345
358953664888569856
358213702484361216
358182320248848385
357981744466624514
357847574683729921
357614375705645056
357614200136286208
357555372581588995
357523144417882112
357523066068287488
357521276673327104
357521199087095809
357515494481350656
357481417699098624
357481049699258369
357480961862152193
357441934769405952
357253460825096193
357253344726749184
357253310983581697
357191772151103488
357166143515017217
357123347773005824
357091945337720832
357091803008221185
357076111840116737
357075498351869953
357075112668835840
357064491592204288
356775982834782208
356775669788704768
356774745976487936
356712705169690624
356704399864770561
356699252824612864
356699085962620929
356698902797352960
356342900612796416
356306627063844865
355998375067402240
355994960270589952
355993536673501184
355782704660365314
355681472872583169
355593692888825858
355593636903264256
355362160060276736
355356234276286464
355308040867692545
355297859710631937
355267514785202177
355267437169614848
355064417924284417
354974624494260225
354935441163698176
354705666402811905
354705541047652354
354602118956589059
354583466370801664
354536791367360512
354536725424521216
354536624740241408
354536122988232704
354532532806631425
354532499680002049
354532434064310273
354532397506768896
354532355425316865
354532101372129280
354532018459131905
354357105211355136
354356396214583296
354356373926055936
354356278417559553
354356160817664000
354356068228399104
354332047210323968
354326659341623296
354321009236639744
354178638029139968
354008860513681409
354005660670758914
354005108037656578
354005047270572036
354004796530900992
354001108387115008
354001084563460096
354000979735216129
353999006159994880
353935776070909954
353779281610022912
353776438677217280
353773896429879297
353773842478546944
353773795095478273
353634667569741824
353631810502139904
353631205851283457
353522005598928897
353441359237099520
353441206950313984
353275013169823745
353271374292336641
353270833927557120
353087141951176706
353087057452728321
353086831576875008
353079392961966081
353076117143429121
352774668253532163
352773545190883330
352541475629834242
352541301432000512
352541165809184768
352541113443303424
352532385977466881
352531589265235969
351691866279903233
351691601468325890
351691416344346624
351691411147587584
351691293266685952
351691181450735616
351691100697792512
350950874085990400
350535263296028675
350235182646824961
350235043035222017
350034322822135810
350034118471462913
350033959939358720
349871020712275969
349861171236577280
349860762510036994
349860297856651265
349824284895617024
349824010911092737
349823813468434432
349823427114315778
349823334755729408
349823253856002048
349617003574738944
349616598107168770
349611781284573184
349610336174882816
349607008749621250
349580457165336576
349580307248328704
349561375481278465
349542375393198080
349542271626125314
349536262018969600
349536183837138950
349535981516500994
348828102731907074
348779659955150848
348210750617161728
348210590889680896
348210273317965824
348084605951287297
348084552243224577
348074260524318720
348073488575234048
348073345616584706
348067416191926273
348067263015968769
347784292488851456
347784133021425664
347782255785177089
347782121391259650
347764150853844993
347763591610511360
347763431664910336
347762364462010368
347762153815678976
347740853973966848
347740734285299712
347740544648224769
347740442483388416
347734764914098176
347701790923452416
347700220508897280
347699763195568128
347694271849181186
347678692048269312
347626778493345792
347626455976538112
347626338775072768
347626124286763010
347609209560526848
347603633589870592
347488727582515200
347487011936034816
347486945863151616
347486794482335746
347410551837687808
347405654723526657
347384541209587712
347378408503771136
347378185220026368
347375301870878721
347347948318912512
347340699898884096
347340281932304385
347086514104188928
347082455322345473
347042890293321728
346919534747332608
346919405097209857
346919210561187840
346875713858719744
346875345900822528
346723251118014464
346698608231464961
346698550274555904
346698047310405632
346667541831225346
346652932646785024
346622284368326656
346523271669354496
346358326860328961
346194035926507520
346194012845264896
346193942217388032
346193911074680832
346034186160832513
345649446454976512
345638009133219840
345637485910577154
345630734050017281
345608150872891392
345535279555280896
345503371672834048
345480909815943169
345473114295111680
345470855662415872
345470771520471040
345468017351749632
345294067330056192
345207170092105729
345196623766376448
345088556169052160
344960226744754176
344960124487606272
344960078618705922
344955056166158338
344954905452228608
344954785381883904
344954691840516096
344954136288178176
344953859652874240
344944981653467136
344919663991476224
344917229122490368
344917163376795648
344913985121968128
344855414942339072
344847616238055424
344846596862787586
344798715753668608
344756937256235008
344756420333420544
344735955841871872
344735835779903488
344722812801531904
344597235872440320
344570964631240705
344570869256970240
344421086034792448
344418947405324288
344406534152925184
344402643050975232
344393137348829184
344389709541281792
344389086494199809
344223030681141248
344219544077881344
344216333426229249
344215910980124673
344190814274068481
344190716991389696
344187562782498817
344183868460507136
344183733936590848
344176354109059072
344174394630873088
344163874364342272
344163679413088257
344139415783866368
344136445235171328
344136092687151105
344127499271282690
344121892497653760
344120689298644992
344120558105022465
344107156779462657
344077267003125762
344061288898502656
344021238152298496
344021042974572544
343843249636667392
343809203779035136
343776083868516352
343775933402058752
343661354659495937
343634196083904513
343633929120665600
343472994481487873
343472883797999617
343428345456898048
343362310775115776
343362088451862529
343361836273512448
343336311471607810
343327430108409856
343326870999281664
343295858890129408
343295661866876928
343131945212985345
343131783308640256
343131565678788608
343130927360253952
343115593626554368
343063538241265664
343063456439746560
343063320175194112
343063255243169792
343042338043592705
343042060045152256
343040845840277505
343036366852091904
343035782681985024
343013957717606400
342941970794160128
342921470374187010
342781377768472577
342781294851284992
342781035794272256
342781031985860608
342780821062705152
342780776758276097
342780645296201728
342717464313991168
342697161840005122
342692724702576641
342692614576943105
342692527536758784
342689191462846464
342689124630802432
342688970452369408
342688946800693248
342688858997137408
342686772695814144
342686211112046594
342685383999504385
342683659561730050
342679200748167169
342674783235887104
342672210021998594
342672088605290496
342608533449228288
342583718394855426
342583583250206720
342416562881458176
342413263188938752
342363544647503872
342352134894911488
342349764165242881
342345461673365505
342335482966990849
342333590350209024
342331398721519616
342331177006428160
342331154738843648
342330732380823554
342289371308896260
342258852332441601
342227244770537473
342213794895912960
342207364398739457
342204136642711552
342204091130318848
342200852813053952
342200504681652224
341972240168001536
341955019463081984
341942213284073473
341939116604284928
341933927839178755
341901144194416641
341887428203773953
341876231559589888
341875178076241920
341872392471207937
341871632643653632
341867863470137344
341866319668457472
341853680196268034
341852982628986880
341852693331066880
341852582874075137
341852294591156224
341832762149449728
341832596185030656
341789501670178817
341789247419871232
341789047846481920
341788894301405184
341788794757976064
341788741981044736
341788572409552896
341788475470790656
341788336291209217
341788249477488642
341788157546725376
341787934959214592
341787815434149888
341787320736956416
341787148187496449
341685330027610115
341681745898401793
341681684472815616
341681413197803520
341681273154187264
341681178379694081
341679501371125760
341679403878739968
341679358404067328
341679097379966976
341626994406064128
341626860574232578
341626834867331072
341625450654736384
341625358019358720
341624028471115776
341623973118889984
341623854650769410
341623790322733057
341623669761642497
341623539461394433
341621572085354496
341619961741053953
341619902995636224
341617838324346880
341617227260383232
341616661083848704
341616632390635521
341616049189445632
341616009553256448
341615608472952832
341615525882892289
341615247142039552
341615205958184962
341615200551710720
341615118880231424
341613927362330626
341613873469730816
341613820818624512
341613820088819714
341613299688935425
341613232814956544
341612442528395265
341612079192616960
341607608362336256
341584751016169472
341580192172625920
341579692987543552
341577914560688129
341541160675844097
341502240776912896
341496343409348608
341490587360448513
341453283644276736
341452913434054656
341322091146145792
341318671253270530
341306398791045120
341189749702266880
341100491700322304
341100314251902976
340913926210461697
340913897030688769
340895530056036352
340895495956344832
340895331338313729
340805820428206080
340784330689359872
340753531319488512
340752058837762048
340751782026305537
340751379914166272
340718411682304000
340718378761207808
340718148913332224
340717989747888129
340572733551308800
340572564298551296
340572518182187009
340565518761205760
340541545293938688
340541492307312643
340541444769054721
340541239302713344
340515126773964800
340515090535165952
340514985576910848
340503723308621824
340503684918177792
340499631718936576
340499523849830400
340499421794037760
340499182529937409
340499139081158656
340499085356322816
340498998941057024
340498928317378562
340498880472948736
340498833366740993
340498772910030849
340498648611835905
340497962843131904
340497889820282881
340497733066555393
340497683213086720
340404580338765824
340399617210478592
340399256361910272
340379097022750720
340267790906834944
340200376491991040
340121232500473856
340020480515923968
340020375306006528
339817706545098752
339801365876445184
339801236058558465
339760593953239041
339743373659369472
339743265827999744
339729438101102592
339725291876384768
339679728963309568
339679585744605184
339678764143362049
339677746974318592
339677003865284608
339670345743208448
339662374002896896
339646886443110401
339499217305358336
339443086285496320
339440547624271872
339431807185481728
339431613555421184
339430831443558400
339410428893470720
339402791560822785
339378493961928704
339373872761692160
339351690736197633
339326717694980098
339326168127901697
339287703390670849
339280667084988416
339280581575729152
339280437044191233
339280325127569408
339280133934428161
339275741504090112
339116258630979584
339116107736707072
339116065118371840
339115966724182016
339082954556981248
339081293184770049
338970810750472192
338956061119758336
338955822820376576
338955720248659968
338955681803685888
338955678490169347
338932978493321216
338931620281208832
338931537976365056
338931348142190592
338928474247008256
338742870129385472
338706259006070784
338540307396317186
338437044177104896
338436930901528576
338436784839081985
338372964695281664
338372856104759297
338365748487536640
338356869838020609
338356760148586497
338353399659651072
338339910157221888
338335588778401792
338328388961964033
338328352240832512
338321235182252032
338321139522752512
338297799164719104
338271421513994240
338269670316572672
338269642760007680
338269597625094148
338256606892539904
338255594542747648
338226850125983745
338225844256391169
338224179147055105
338224120787517440
338222984688963584
338045762661388288
338043263799939072
338040839383166976
338040750388428800
338038001215078400
337972893973610497
337944221677920256
337912073688330241
337896535385849856
337842633097478146
337733419901517824
337616075648798720
337615735671099392
337601930916409345
337593353111756802
337592868057280512
337586062484455424
337577309680828416
337577283470622722
337576944143060992
337576228850647040
337572036350193664
337553281830252544
337551014913789952
337550659941462017
337550521315520512
337539121234997249
337538935263723523
337538882159652865
337538843030999040
337538595516719105
337515847646052352
337473060514963456
337473036703899648
337468352433889280
337468309912031232
337468101606117376
337466399855357953
337465062832893954
337464021320077312
337462417015595008
337460464474808320
337460315153379328
337459743582990337
337459629485334528
337453447160930304
337431688894373888
337342303976964097
337328164600684544
337323466367836160
337254127073636353
337240148779601920
337213069635772417
337207475247915009
337202370528280576
337186131890294784
337174084666396672
337129090597412865
337124195030945792
336920886579970049
336914583405076480
336873834210816000
336796393081552896
336795790662070272
336794463491989505
336779508558487552
336738713327521792
336725935694938113
336725890362908672
336621110999257089
336620949891866624
336620726574530562
336588023267467266
336587974466736129
336587876622008320
336566110226886656
336565087294857216
336565020550909952
336564991962529794
336564919333974016
336564869618872320
336564762617970690
336564712416358401
336564647907975168
336551183713984512
336539360017121281
336467536407298049
336457438817574912
336456447657398272
336440871803305985
336440258013065216
336440176169611265
336437745113243648
336435635424464896
336435522585128960
336411124499107840
336408482901270528
336229807270531072
336024462816321536
336024179222654978
336024146423185408
336024071030587393
335757819724840960
335703048309587969
335529151693991937
335527931071827968
335527904551256066
335527166148218880
335401027631194112
335174849456640001
335168965024292864
335076786092265472
335076377311191040
335071282288787457
335062755872759808
335060929748271105
335059274042585088
335059211211923457
335059177175130112
335058014082068481
335055655134191616
335053743525597185
335016789396320256
335013980395405312
334982556942471168
334970198811627521
334962839838146561
334958341229015040
334957660996788225
334956061909979136
334955556727042048
334954667899498496
334939372484976640
334655421967126528
334644800949202945
334597709338128385
334580184109944833
334407322719907840
334330775933698049
334292938345545728
334231402377793536
333974810226987008
333972602953531392
333972584657997824
333930990953172996
333906421093658624
333900049580969985
333866836204593153
333865825033388032
333836510774296576
333836457120772096
333674762557616128
333669343021895683
333604198585360385
333320112385970176
333193308786528258
332972575338680320
332947390766145537
332946292110135297
332918243029286912
332918046756847617
332894831317766145
332891582195970048
332891482585440256
332889285248294912
332885556109377536
332885203083206656
332885168966729728
332884944080732160
332884863298461696
332884588441509889
332884561635725312
332884129366548481
332843696301166593
332843540528902146
332837861537763331
332837113475239938
332836024382263297
332786143668097024
332750528251580416
332629674452729856
332629543099723776
332555392590700544
332550240039219202
332546622963740672
332546522283667456
332546468713996288
332544070947844101
332541350484533248
332541325687803904
332541246415437824
332541028345188352
332540954957467649
332539101628727297
332538849865650176
332538724523053056
332479875401281539
332435021426216961
332434537479012353
332376697909440512
332376622852345858
332261151419273216
332254241265696769
332253705736957952
332253397854085121
332243604644970497
332240262590001152
332239400111067136
332184013575962625
332183934781755392
332183785015750656
332135736948170752
332115754885447680
332113914357760001
332111104543178752
332109556320722945
332100840603123714
332100804628598785
332100699318022144
332100636365688833
332100613649338368
332100564555026432
332100530895724544
332100499295838209
332100374750195712
331836829462568961
331790864470913026
331779848550899712
331771471200387073
331748576302624768
331712815943520257
331712707256516609
331695859609772032
331079491277447169
331072047356710913
330947254653423616
330947189251661824
329887763266682880
329834840583184384
329834571417923584
329714634296803328
329714509256204289
329640531355381760
329637620722327552
329633431568916480
329350495632248833
329349464508751872
329349217925603328
329349198304661504
329349143933886464
329349120437387264
329343278459801600
329342839790137344
329273052661694464
329220508283441153
329220314724700160
328978789013008385
328978485001482240
328958614914088960
328958531334197248
328899017977237505
328872177543811073
328621245207805954
328619299939950592
328619238560497664
328183820295761920
328182668959313921
328182548922511360
328154137076305921
328057891309383682
327423725022633984
327400621856673793
327382829002534915
327357218074804224
327085248636665856
326940444946735104
326800407420608514
326782988178300928
326647560460709888
326647333733421056
326586168114290690
326428288752959490
326389977665642496
326379114770604033
326372923415879680
326372755551420416
326372453116964865
326372417721208832
326368807356596224
326368463847297026
326368385141182464
326368291738226688
326364605515431937
326364404927057920
326363124888383488
326362657206706179
326362203315908610
326361920569487361
326361131599945728
326359830946271233
326359442285285377
326359253570969600
326359067608088576
326358897747177472
326358664392892418
326358505990787072
326358213714903041
326358023461285888
326357692685893632
326357492617580544
326354787610263552
326273804903006208
326273525939851265
326273399439622144
326273343902851072
326273235463331840
326263651092807680
326225436524834817
326223990492372992
326222431272460288
325563517749043201
325319399298981888
325139844802150400
324992826389708804
324861530531299329
324597863675990016
324484301594980353
324483927983153154
324461082901086208
324459434384441345
324458090906939392
324454689003433986
324452576768716800
324445099775909888
324416584296837120
324416480429084672
324416363571593216
324416220642287616
324278157492486144
324277193385582593
324277029694476289
324276975709605888
324276861255434240
324275929906040832
324275482604474368
324157631444946945
324146596839321603
324128926093934592
324128891570642944
324118278601580544
324111615207284736
324109395430633472
324108427611746304
324100552885678081
324097213603131392
323846670192361472
323846599434444800
323813209263968256
323813178670727169
323711544309448704
323498332439846912
323360279201206272
323105275986989056
323105142763298818
323104964538953730
323104826038833152
322944217410326528
322795980682588160
322795881227223040
322795681393807360
322772522988871680
321859572967022592
321695367546679296
321684744897167360
321644155342299137
321561532674764801
321544966369329152
321521418389045249
321328609275031552
321295936812888064
321295556481777664
321295129182863360
321294985439899648
321279168216182784
321278217317150721
321278140238401536
321278080620576771
321255832102793216
321229488912494593
321215851518906368
321211809975644160
321211415035777024
321210974260572160
321206269732077569
321171669878206464
321171569181339649
321162291821281280
320886238498390016
320824163805839361
320654193469829121
320654091871195137
320654014456950784
320560140002660354
320537402684882944
320537333747306496
320498826110726144
320498136013471744
320468402558889986
320436755633405953
320430156189667329
320423878549708800
320423827920269312
320423755996336128
320245388131041281
320245187551055872
320245137546571776
320245072580968450
320245024673640448
320236294426996736
320236209400082432
320230793198850048
320228709699317760
320161485768773632
320131043850072064
320086369034706944
320086239338450944
320062232023150593
320057441331052544
319932590763147264
319902941282709504
319882175732396032
319882099744182273
319845138400702464
319820676435415040
319805855438614528
319762206034112512
319525243624517632
319525131254919168
319525036656578560
319524986626904064
319524822495395840
319524720682889217
319480526564118528
319471704730652672
319435168291098626
319433384403288064
319212531459706880
319072452154126336
318805830113849345
318640986018418688
318473381706076160
318445226408677376
317321957970440193
317258645056413697
317258161247629312
317178816948760578
317177489766113280
317029974324416512
317029897774186497
317027538583056386
317026069268008961
317025530744537088
317024727019442177
317023325249478656
316986786373054464
316951854749720576
316796014818369536
316663547918696448
316594090982666240
316582267835256834
316551250659393536
316452977974075392
316326838890795009
316326429275090945
316326306944020480
316276043885469696
316196888330264576
316159698787237888
316153850614669312
316153680745332736
316152997845549056
316152955311095808
315755357584646145
315755145835184130
315515601181351936
315378035253719040
315235722988777474
315235563261267968
315233005629227008
315230522253115393
315230215146196992
315223768354131968
315221398815657984
315220795355963393
315219753872547840
315218043531845633
315212622859476996
315187457576558592
315183048759062530
315020595505020928
315019971832979457
314909138784247808
314706581113683969
314705992124350464
314705188634128384
314149655560728576
314146396167094272
314146319793000448
314146277963214849
314104655498063872
314100290305531904
314055756410388481
313709128658870272
313651658443849732
313634334940737537
313634101808754688
313374216646955008
313374052733575168
313368660263714817
313196858027671553
313196623473831936
313196248675000320
313027816067301376
313027688459796480
313027601281204224
312850958658973696
312850569746329600
312841478546264064
312822574335787010
312822115994853376
312686309342859264
312684021723299840
312642703097733122
312525062085423105
312496842053136384
312350581677236225
312329015547547648
312194976299769856
312183898119495680
312183573463564289
311896896870432768
311798730913378304
311798266125746177
311797677601984512
311533940211056641
311533772652826624
311533477378019328
311477075863273472
311476298830737409
311476081737748481
311475778917396480
311223499865878528
311108491311980544
311107154293690368
310869612453568513
310867735326367744
310867566786650112
310867384300888065
310867210329546754
310866772083486720
310865846249607170
310865213081649152
310865120521768962
310865076938752000
310860743782326273
310860662068883460
310860549263073281
310853445307482112
310849335673905152
310547558755889152
310547460588191746
310547412378873856
310547352584871936
310320438230269954
310320329434214401
310320219392450562
310320191932338176
310319845101162497
310319287275495425
310319222280564736
310319040855937025
310318888275558400
310318344542777345
310317895165030401
310317837493350400
310317624808579072
310108790475329537
310108685638701056
310108597541535744
310108420403515393
310104227886280705
310100188356288512
310099921678258176
310099353199058944
310099013204598784
310098500564176896
310097596687458304
309979670173069313
309840254565748736
309674243522715648
309428994665766912
309417936429395968
309417634506604544
309405655469535232
309405589639925761
309405236345311232
309275639385563136
309271021775634432
309270227529654278
309268924682338305
309254964100882432
309254964021166080
309252425297055746
309083841971245056
309080523525996544
309016444849500161
308997882999095296
308996717611732992
308973874471636994
308973521537728512
308973083878887424
308577239270834176
308570761168297984
308569889503854592
308567071522967552
308565699532554242
308565649020551168
308555505712889856
308554716617519104
308553510478286848
307944106271842305
307933039009333248
307932922793578496
307932882977034240
307932780271120384
307932114580566016
307481391820595200
307436576835788800
307417301030940673
307416619804684289
307212294436290560
307212115423416321
307169093461635073
307169053267595265
307144164951326722
307127984047931394
306825145211838464
306814338017148928
306799594308792321
306778583328763906
306762579936673792
306723374124638208
306723151482601472
306723118016249856
306723045798723584
306722849685663744
306722814654816256
306722706278199297
306722635583193089
306722580579102720
306722558428999680
306722329650659328
306722196481531904
306722120635936768
306721088421888000
306720978803757056
306720910012997633
306720829809500160
306720773236727808
306720639035785216
306720099845414912
306719911516983297
306719862909181953
306719703332683776
306719534419701760
306717740562006017
306661173120614400
306656534170054656
306522774095138816
306522748413415424
306522691920359424
306522522747281410
306522498541957121
306522397081735168
306519612323926017
306512114401546240
306471273641410560
306471166489538560
306471066438606848
306470988357443585
306470900809752577
306462443880710144
306462360594440192
306462339388035072
306448014044704770
306444649139154944
306438948249538560
306408454082408448
306360869825159169
306360655307501568
306161003563978753
306134794725638144
306078752641802240
306064605661261824
306041394051547136
305974777426874368
304628300012191745
304544261523795968
304250859498381312
304235182884528130
304220836376764416
303925449820614656
303869191679774720
303572325763256320
303572227205496832
303249116023119872
303236009955586048
302726880912625664
302726721285812224
302068186566754306
302053579336863745
302025543224799232
302005871926460416
301995750651465728
301995096784650240
301719845123280896
301661465939689472
301661406086955008
301661366551461889
301661330522378240
301661254404153344
301661193670647808
301661136409993216
301361579662905344
301324931910758402
301305623847526401
301295752246857729
301295597963587584
301295523472736256
301295366819692544
301238216009338881
301237557113528320
301237313579667456
301086966789861377
301085620330168320
301085185594753025
301084710589829121
301017161911128064
301001809709907969
300925456767664128
300877633699344385
300176600769646592
300145902113398785
300145770865238016
299976970660347907
299971638563319808
299968462518898688
299967621284106240
299967495643742209
299967447929344000
299464288790249472
299461469265874944
299460905748553728
299115073178324992
299115071295082496
299114860158021632
299114682306920448
299108143118569472
299108045059923968
299056983590461440
299056602802159617
299056427962609664
298808909278363648
298785512322392064
298754943031070720
298754475601059840
298567492262043648
298559547214274560
298547055046049792
298543297918562304
298477306828173312
298458245243219968
298447057725845507
298433914698088450
298431398996480001
298430314265604096
298405232088588290
298344899177242624
298183691367243776
298044114220494848
297778182998859776
297777543099084800
297097881578504192
297097732823339008
297052085978017792
297047826247057408
297047760950153216
297047357600698368
297015817214783488
297015760843317248
296989894327275522
296735100392071169
296655016146644993
296562812250120192
296530145659998208
296529953950953472
296529921386360832
296411976345743360
296331302708338689
296291729068396544
296291695035838464
296266030920134657
296020713435967488
296016549079302145
296016471908315136
296009892261662720
295991928275746817
295982233943146499
295982178578358272
295903770905305089
295875960283230210
295796223061942272
295640221817647104
295634385011613698
295633556141658112
295631248418816000
295631108085805056
295590518128246784
295590233829961728
294904664556728320
294832235130007553
294771133746647040
294190852845232128
294178717830365184
294177997173432320
294176274467938304
294176194042150912
294175590871867392
294056142294892544
294056007003414528
294055883309207552
293831783198375936
293831599848554496
293831552834625537
293785679526240257
293765178011549696
293762516381741056
293762426837549056
293762207492222976
293688210037538816
293687906718085122
293685343495000064
293388364864970752
293357224422682624
292354646817779712
292339139846733824
292339018224513025
292338067610669057
292337466608844800
292337342553927682
292253566452772864
292209204251463680
292209145682206720
292208910578880513
292049464644997120
292049348714430465
291882244363137024
291873635843584000
291838903109955584
291838643197317120
291826934093074432
291675099399086080
291585507320819714
291264446259671041
291264376789409793
291264302613147648
291092328028975104
290948676531134464
290948465209536512
290948326600372225
290934687621337089
290934569174175746
290934484117901312
290841851018219521
290818846133215233
290800157610610689
290787545472700417
290787404548276225
290725306573139968
290724470308622336
290724107362893824
290723604402950145
290608820693106688
290608670721593344
290538899992875008
290188726292860928
290187923997999104
290183873302773760
290051989113565184
289834425213132800
289802607655010304
289766234076106752
289495305454501888
289432720751349760
289432644201103361
289432518397161472
289134095055855618
289102537653620737
289041662922076160
289009465217392640
288983267435237377
288971499736551424
288960453009346561
288960165837946881
288955143599304704
288952931221389313
288903163896008705
288746235756675073
288686697825312768
288655629936103424
288628005591461888
288626502667476992
288626104804179969
288551505764704256
288318776519294977
288302778600796162
288283342464491522
288066447933059072
288066406812114946
288066065093779456
288065361314721792
288063738001641473
288063592505438208
288063168599687168
288062963330449408
288061041722679297
288050646576422913
288050179016372224
288049184479797248
288048677291962368
288048208448483328
288006347537149952
288002138032984065
288002000464003072
287685255027101696
287683940712591360
287674377598808064
287674304068452352
287673067923197952
287665599679721474
287664845053124609
287660355444936704
287660048795193345
287654240246198272
287651313465036801
287650138531430400
287649327562780672
287649161984229376
287648916567121920
287648419219136512
287648404350324736
287546801094008832
287546679387910144
287462370983424002
287338180028534785
287337859793444864
287306172367790080
287303696453349376
287290876693200896
287287276071948288
287285261195427840
287281671731023874
286950337535934465
286605403716984832
286605251375677441
286605194609950720
286605123726225408
286426174027091969
286096080695873538
286091228712407040
286091043450023937
286090305600643072
286089595404316672
286085861060276224
286076769201709056
286076682870341633
285728328709726208
285728180160036864
284977782092623872
284960258760265729
284353714364485633
283556215278161920
283513486674362368
283513373403009024
283357732281667585
283357221558026240
282932285718818816
282932198393405441
282931884181303297
282931798680420352
282514619803766784
282417152768745472
282415389273620480
282415331715198976
282274657032359936
282274486328365057
282273526663221249
282271547429892096
282134067057659904
281770896996323328
281758108567601156
281679816653156353
281678934377115648
281400085487706112
281063625471455232
280773555887693824
279664849418608640
279664757336838144
279664592475529216
279299392350085120
279233513620922368
279233511590854657
279223771297099777
278989969983430656
278989945190879232
278938517885841408
278938383483564033
278938350054940673
278938233860128768
278866601946791936
278819795678412800
278764778565021696
278764543948234752
278554361897033728
278500880284798977
278461925191475200
278459757432561664
278449274038140928
278430457471844352
278430428195610625
278176085848494081
278146772730265600
278099681999986688
278098484073222144
278097833171775488
277900033028931584
277899878246514688
277152521317924864
277152296528392192
277122829785382914
277071580608221185
277071140709613570
277019028487282688
277000631481417731
276777620576796672
276777540759207939
276722681980788737
276683113667629056
276664051013152768
276638670809882624
276630069131214850
276629931558047744
276482951427022849
276458629979316225
276458245630091264
276458045670817792
276457925013282816
276454795726970880
276454765968384000
276453127337672704
276358161697497088
276346909256458240
276287738293141505
276272581273874432
276272348057989121
276270571224977410
275664639151443969
275549096792686592
275011917410611201
275009477604950017
275008879027433473
275008847867949056
275008614920499202
275008378634375170
274257396799533056
274256868518531073
274125845566722048
274125474320502784
274120373929377792
274116275138084865
274106226705575937
274103509744504833
274102696552828928
274102243597357056
273847778726252544
273787821897175040
273739968822775808
273739620913647616
273732891115130880
273732403888025600
273732356794376192
273732309998522368
273731700608102400
273701812782116865
273699282253656064
273699031140683776
273558437953155073
273558347708514304
273413199150346240
273413117118136320
273413055055003648
273412916672352257
273412034752815105
272651195640852480
272253009298345984
272074634768314368
272074451452055553
272074317905420288
272074181112373248
271908364320124928
271908316601544704
271908210284302337
271905902737641472
271861993013665792
271861428955262978
271861406301831168
271861287275855872
271777655496511488
271774731986935809
271774543390048257
271773929327190016
271773907592298497
271773837631315968
271773755645243392
271773579115376640
271773315000070144
271771407497719808
271764945622945793
271764736151015424
271761464002486272
271760907405758466
271736702652006400
271614015883591680
271610048818581504
271603921863196672
271603736919556096
271594998372397056
271593521008488448
271592610710310912
271399017227907073
271026253308506113
270945865894617088
270905351212261376
270905118373842944
270890766459609089
270598990393901056
269827161957998592
269826824220073984
269197022303764480
269154976855629824
269154976641716224
269123536520634368
269119225904369664
269093244107907073
269086468650184704
269067957089472512
269066346355126273
269063722448867332
269033159113441280
269029412492697600
269022782833184768
269022376245731329
269020441224556544
269020097966899200
268784365432086529
268748474533687296
268748316127424512
268710325606567936
268707474654240769
268707237655097347
268679342157086720
268678202489200640
268477874569367552
268474406966263810
268385521603080192
268293546430316545
267987481331396608
267892537493168129
267646782291443712
267646500576833537
267641602091134976
267641060992372736
267639566947713024
267064890966020096
266898424337690625
266664958266339328
266664826271592448
266664732038152192
266616069656035328
266244219100860416
266186475694092289
266074439479881728
266023611788296192
266010719017897984
266004246745477123
265966167900962816
265937714464038912
265929701774725120
265873404429758464
265871377142251521
265871300801753088
265871009561845760
265870931229024257
265823559304228864
265778028838285312
265775567230607360
265774498668744705
265773018553397248
264990096799969280
264990016378380288
264989822198890496
264989699599368193
264383600223481856
264383546909659136
264362878172278784
264302858919366656
264300171930783744
264087097474953216
264087083470188544
264066414820851712
264061398164856832
264042158212919296
264041015986499584
263912706027950080
263782458137387009
263782372573585410
263782166385799168
263778665970683904
263574946666672128
263573683891757057
263552202558304256
263549198765551616
263548072192270336
263310170858328064
263183260807483392
262951578850430978
262951413880061952
262925192328794112
262896635066068992
262896537787568128
262896495165071361
262894838159142912
262806559367786496
262633253180157953
262458693210238976
262446097870487553
262445953410285568
262445705933758464
262445659376979968
262445211358224384
262442708226932736
262110271324164096
262109519633604608
262107686982803456
261952947209003008
261892919697494016
261824645609689088
261821106367905792
261820047675228160
261764626201587712
261703483672117248
261559960612270080
261551236753526784
261414749185650689
261169213207638017
260724662617645056
260306630497951744
260267957106651136
259709489580744704
259709019080519682
259681775331201024
259403196592685056
259391535773261824
259383986843971585
259382044499533824
259257730190176256
259213730020212736
259054198967107584
259037550482694145
258924251548090368
258827653342171136
258827065955069952
258826971767783425
258550367476908032
258515303565234176
258230869922283521
258191977995194368
257601893197565952
257168576186810368
257041037120397313
256526118369259520
256514999349039104
256447840765751296
256428601556205568
256428464662540290
256428354822107137
256428185917468674
256428133773893632
256379867405357057
256371429220683776
256325539319660544
256325508269219841
256311240010387456
256304465324408832
256135480851173376
256052276635004929
256052008295989248
256036452624916481
255925654946738176
255783272502665216
255737636143124481
255694639154225152
255614943959871488
255610110578130944
255608760633012224
255325803590582272
255267798664757248
255256772338647040
255254500456140800
255254288052396032
255054707209404417
255051347903266816
254642784559058944
254640854608797698
254640543735357440
254361984907231235
254361638289936384
254361458266218496
254268722112520192
254268135681716224
254204627468316672
253929312066093057
253876264430100481
253857124524888064
253794145502654464
253755215600287744
253755117705252864
253754769833861120
253577845903859712
253514584495894529
253514472466038786
253514297794260992
253480540164980738
253181731102920704
253180838810898434
253180717771673600
253159008976896000
253143386545070080
253100565763088384
253100457235476481
252889915153592321
252755547584098304
252403900374716417
252331363729031169
252168608095014912
252167590414258179
251800178003161089
251632766070968320
251573128696840192
251572687196016640
251274469602099201
251068517204496384
251026037717209088
251014381138227200
250950587443716096
250950448113123328
250643729625518082
250643522653401088
250526437604478976
250364807348371456
250190842424340482
250190690636677120
249929705887784961
249213832541650944
248769459882430464
248453632985559041
248438993623085057
248438821614665728
248421774809772032
248406953112510464
248402667863425024
248402469833560064
248402282327195648
248309357857607680
248141079898095616
248139172760674304
248139113230909442
248044947746471936
247844740345786368
247844700470517763
247844626755616768
247844469783805953
247843434713456640
247841078043107328
247840993339121664
247840853555548160
247840724832358400
247826836095107073
247747467888689152
247747231426412544
247682632555569152
247645603566342144
247626875160121344
247381175394525186
246711757450657792
246711646779744256
246711536599564289
246711337269473280
246672033386201088
246670785593368577
246670546773868545
246535530366504960
246312991031689216
246312899214184448
246312858000973824
246312792108457984
245911244522008578
245909948452712448
245909885190041600
245901700114837504
245901602072977408
245892139446317057
245885628242329601
245870968399085569
245857799022727168
245852461594722307
245852140705284096
245849105627242496
245834258822864896
245833997962326016
245832438742409216
245812977951973376
245810778064683008
245553713450713088
245510600325726208
245473151750926336
245446416313487361
245410644814356480
245405783150428160
245288848265998336
245188507897839617
245046616514519040
244921034116063232
244918658508410880
244745656630140928
244731395950391296
243998658801053696
243998502089281536
243998458292338688
243998178804920320
243818981297905664
243633498295005185
242306694430982145
242267310230999042
242267151229145088
241994595456671744
241890981132251137
241812181811863554
241592623834488834
241555405493399552
241555286110900224
241529018191593472
241512708430766080
241445235765428225
241445226223398912
241444961814458368
241431332411035648
241286527202762752
241286495145713664
241286401134587904
241286365017407489
241286195324260352
241286172209451009
241192343099801601
241192201105846272
241191994645442560
241167276928282625
240559083546095617
240558887764377600
240550219656355840
240430425275768832
240430086044667906
240169197869617152
240099273025404928
240096792958619649
239804466113687552
239437818517131266
239437557904064513
239070933208416256
239070366419537920
239065497470136320
239063311348531202
238620307265560576
238397038503546880
238378620916228096
238001968692469761
238000475490906113
237928877110984704
237898113199792128
237869719879823360
237869041103024129
237866316839665664
237862590519312384
237861602597167105
237860981496246272
237835133879721984
237834958985637889
237834916316975104
237588684902395904
237588276326850561
237588088442994688
237565279230644225
237535873309241344
237530976761307136
237530627010871296
237522422943846400
237459537001582592
237155650239594496
236895400961921024
236129971448471552
236127768415461376
236124887058628608
236124496694755329
236123396000321537
236123225225039872
236121153364692992
236120849948749825
236083733327917057
236067839352655872
236057574036881409
236057459817582592
236057046259228673
236055180980928512
236054540426817537
236043659097829376
236021004563017728
236019983338065920
236019879088648192
235795657657556992
235662051471675393
235475352246448129
235472696744484864
235470780039839745
235384900272943104
235359514604478464
235328517385117696
235107281296044032
234976348463054849
234950056908828672
234949900750696448
234949678767173633
234937601310720000
234734114803159041
234709871214346240
234709189191151617
234695900323270656
234695788075286529
234660035140141056
234627987994206208
234627364515090432
234622799556247552
234620093726859264
234616301241372672
234615833471623168
234615142443274240
234598313184354304
234596535692845056
234592492291510272
234592055572176897
234379273375465473
234379136167190529
234351631356022784
234348462123130880
234335532098924545
234335125847031810
234288882609442816
234281881955340288
234265272809308160
234044199228551169
234041018566197249
233998578111090688
233998082038173697
233940472962359296
233940130665230337
233939647649165312
233936753155768320
233860356097839105
233711787390935041
233681473188798464
233655044816392192
233476760837165056
233322281991016448
233319878499635201
233168435721412608
233167377313968128
232975063916367873
232964714001465346
232960109704273920
232960099621158913
232947410547113984
232901894245318657
232901667463507968
232878562527567872
232865815693778946
232865691030654977
232828265071513600
232826747958222848
232823681645162496
232799411871301632
232785636317331456
232590525457371136
232559676779286528
232555513861267458
232444100710912000
232444037108490240
232443969865404417
232225431884017664
232223499563966464
232140681135673344
231871332042821632
231871193156833280
231870582155771904
231870117930229760
231869594254602241
231852507050147840
231851337778880513
231849613202710528
231719622498459648
231718003341930497
231560876610707456
231550804878819328
231466094811033600
231137012009275392
231122557292658689
231081269432291328
231069965783007233
230981141157511168
230979058144509952
230948297039298560
230947898689470466
230947738869698560
230947245183336449
230946604759269377
230938913244606465
230923907283161089
230918580286402560
230894862726230016
230894778647195649
230801913401184256
230775468205420545
230728955420893184
230651364261363714
230651199324569600
230583806174830592
230583700214149120
230468726770790400
230410538881007616
230390513503715329
230380798870683648
230380195092262913
230225249139040256
230224975485870080
230212615798915072
230083338671628289
230029560480141313
229954384409272320
229948559557025792
229945037587357696
229944712306499584
229943084195127296
229941240270036992
229724545190330368
229692825418203136
229692794464251904
229686116280856576
229684561402023936
229680898184990721
229680802554859520
229668514540163074
229668435066499072
229665086384508928
229664796386148352
229647462971867136
229647440901447680
229644260343955457
229642830602174464
229642645717258240
229620913707024384
229620450844635136
229588600847753216
229575607204339712
228860387485945857
228512828049469440
228511976060493824
228468771822657536
228468164651003904
228375864700723200
228107920376729600
228107738985664513
227814904248270848
227814849399365632
227754990238846977
227748475775897600
227648131532222465
227647929375150080
227647818351923200
227644869907193856
227481427988594688
227389117015666688
227388639229931521
227383066115588096
227336943602659329
227336892138549248
227336393251250176
227335758959222785
227335009051230208
227334785150889984
227078090373885953
226607738644467713
226441838989565952
226441657510408193
226441398256300032
226441392644313089
226441380812189697
226402698998722560
226366946998890496
226206702087860224
226030066482683904
225580557281669122
225483039143243776
225482982058762241
225281970878423042
225223177943515137
225214565368074240
225214393456132096
225208415000084480
224942320599048192
224890216337506304
224875988637585408
224850789519196160
224187924797853697
223896176691392512
223896107707678721
223895560975945729
223895497943949313
223842169381863426
223704846480584705
223704829485264896
223704494549106688
223436450555904002
223436362186108929
223435940973125633
223435837898108929
223379030760632320
223368898458824705
223332188232486912
222998767337615361
222678727593689089
222582018343583744
222310829905813504
222310636678426624
221307853791703041
221269166697623552
221264183843491840
221263757869977601
221215686427541504
221214866713743363
221199210240933888
221154585681723392
221154191320682496
220956727842050048
220877524673105920
220868936168771585
220862265493172227
220861918980743169
220841550735876096
220812908936962048
220508894756212736
220146383162839040
220141650989690882
220104417209364480
220098318867513344
220092241123876864
220049674508312576
220046382336184320
220045563746463745
220044442692882433
219890383423938561
219805092860272640
219756475285913600
218653020139954176
218651974818729984
218647557830746114
218647331095064579
218244405948186624
218242030982266880
218239509081505792
218236835409829888
218232037952323584
217970848710144001
217938578490134528
217717481798774784
217717287204032512
217717085051174913
217716082029510657
217689331626815488
217676534234890240
217653915590729728
217597753486868480
217595838061486082
217595656968224768
217586618809335809
217242910607941632
217214878006509568
217197017129156608
217002992849788928
216995089715707904
216987888146071552
216897563159310336
216409470157340674
216409176925151232
216408839359176705
216264351114461186
216263447543955458
216147101703340033
216089869531885568
216051764946944000
215921370276696065
215921210557595649
215858572205101056
215792889735819266
215762256812711937
215760971304673281
215760862886109184
215692089328017409
215548322084167681
215537267228422145
215533338864263169
215492857925083136
215430210051518466
215394388610793472
215394155424256001
215178101150330880
215174395616968704
215153971575259136
215124012467105793
215074715000242177
215066333543542784
214823161777229824
214698138689212417
214687493621161985
211897153629589505
211896084870610944
211859042405072896
211090953015005184
211090761276596224
211090511753252865
211090496540512257
211032455262642176
211031010169720833
211028801277272064
210967499817238528
210858626989043713
210858363607724032
210858302198906880
210853599201341440
210853252554686464
210849685999591424
210768481531080706
210722572806012928
210660754511237120
210652964606586880
210622554535239680
210622523094745088
210613299396624387
210611825618849792
210507240757657600
210504321396248576
210502885748916224
210502397938769920
210476629028380674
210476607733891072
210476444034400256
210474516718170112
210474481645395969
210473979117445121
210463061222494208
210388564129746948
210386000533405697
210359736313462785
210301622969044992
210301525795422210
209999790329696256
209951354385473536
209906815830458368
209905863874461696
209905285815472128
209810257965363200
209809995821359104
209809907472543744
209809769505103874
209798678909681664
209765206656696320
209749231085424641
209729682520801280
209727208669970432
209723803033546752
209722265766604800
209722184543911938
209720332108570624
209625146921730048
209622571145109505
209621863628931072
209604445309374465
209604356281085952
209604355714850816
209603507387514880
209386806288982016
209342781817233408
209342127765860352
209340046287974400
209293045403893762
209252455198896128
209246699787534337
209232663054254080
209002832039395329
209002560491765762
208888391033569280
208887363328413696
208884987284561920
208475259937099777
208452762978103296
208450442311639041
208437477915111425
208302406432337921
208300858063069184
208236501622980608
208236473076555776
208236434094702592
208236414360489985
208198256600166402
208183002860232706
208179835808395264
208172575837274112
208161841099182080
208087541616881664
207968680829652992
207968523862032385
207968477447860227
207967169663860736
207820056011341825
207787876216352768
207723049766760448
207722032648040448
207592872470511617
207588832265244672
207583763935404032
207578977953525762
207573510451761152
207569690036408320
207569170760597505
207567152851591170
207567101504929792
207230993655009280
207094726376165378
207051429913952258
207036125666217985
206409985759002626
206371340536655872
206371339102208000
206292173619081217
206169944675717120
206168920900648960
206034019429789696
206033841582899200
205967389987323904
205964795990638592
205724652088197120
205636260633653248
205634650859778048
205631386953060352
205545802087665664
205425947871166464
205425724474134529
205419059414695936
205416842829901824
205414624898723840
205413311926378496
205412955880292352
205409345062707201
205405246342692864
205404874039492608
205402342244368384
205402075801202688
205400284908883968
205393925144457216
205341350844039168
205333454349541376
205290756380958722
205283790849974273
205233412158660608
205232054273720320
205222844035112960
205205925101965312
205193204985901057
205004122854928384
204994432280428545
204993930381639680
