398198245329235969
398197797037424641
398196302045265921
398196055663058944
398195246116261888
398194239965634560
398191131747299328
398169571460669440
398161455935393792
398147159205617664
398091199426625536
398067743121215488
398067563277844480
398067452334325760
398021292429172736
398016170089275392
398007330169974784
398005632034668544
397993088880091136
397974866227658752
397831510008426496
397828353878945793
397828314095951872
397782895810854912
397763049819738112
397763014201704448
397762986599018496
397719376306003968
397716022851305472
397670619791126529
397627241795837952
397624679877201920
397623481879117824
397620299803291648
397619534921609216
397614811573678080
397485864303198208
397479185637056512
397478538431193088
397469663275147264
397431665276231682
397430761122701312
397417462095831040
397415448599592960
397411887064690688
397398136274296832
397394604313432064
397392859827302402
397329745442263040
397329533646700544
397303716308852737
397303682611830784
397303409684254720
397263881564717056
397263534402199553
397262877649694720
397261886330109952
397260148592242688
397256274859261952
397107845591621632
397106961294299136
397105610988453888
396986313217699840
396985892675784704
396975743563206656
396975268797366272
396973321147138048
396971034639073280
396943015790399490
396938814499069952
396936395618414592
396936034933428224
396935924594257920
396916932214935552
396914926809149440
396908347493847040
396697804048834560
396697017570717696
396660134950477824
396652358186184704
396585771412779008
396576952578211840
396575804706287616
396570936817639424
396570426140557312
396554283455217664
396553456108175360
396552170763325440
396551036770320384
396550409260498945
396549195965816832
396548041869914112
396548003357806592
396547916816343041
396547341986963456
396546354132295681
396546263744643072
396542746611048448
396542415479140353
396539823076294656
396539457907589120
396539006168481792
396538932243877888
396538061841891328
396402151326773248
396401960716611584
396398414898163712
396372259751079936
396370627185356800
396369805156294656
396368691182714880
396349301796110336
396347739195576320
396328556449394688
396328351478337536
396314417199325184
396312700802052096
396312258315550720
396220065747439616
396219950169604097
396218306698289152
396217984072425473
396194598290087936
396194026891640832
396193468403286016
395977226883039232
395975371205529600
395975205598027776
395945192773017601
395884425952890880
395883649608208384
395881326555197440
395861000538562560
395849751184539648
395845969142890496
395805311334105088
395804180167663616
395679036669972480
395675375139057664
395672692042776576
395665500061323264
395665101573066752
395664681429639169
395664461694263296
395663893219274752
395663646623559681
395663001753489409
395662838314053632
395662435652468738
395662123260719104
395662080143278080
395661796948062208
395661690572144640
395661188341972992
395660614934487040
395659777805942784
395659542316732416
395659202045411328
395658748980908032
395658622531014656
395658493971398656
395658103339098112
395657887198220288
395657219678941184
395656925687607296
395656484241285120
395656306587336705
395656128451063808
395655826612178944
395655489910222848
395655226717634560
395654878623989760
395654784809959424
395654146868932608
395653742064062464
395653228349906944
395653075794657281
395652381754802176
395652070373875712
395651840488243200
395651592219000833
395651301104955393
395650682369626112
395650038334242816
395649643163684864
395649346076946433
395648899568111616
395648488429871104
395648102751043584
395647831660584961
395647537883119616
395647307510976513
395647051729756160
395646964857339906
395646752432615424
395646227918094337
395646022896332800
395645773490429952
395645487619256320
395645394694438913
395645108907155456
395644944914067457
395644681176240128
395644307782500352
395643621958901760
395642637006692352
395634067363753984
395538291648258048
395535562896994304
395523744644349953
395518078571671553
395493491293552641
395492806988660736
395492475466690560
395473982948122625
395471995842080768
395471759002316801
395465855435571200
395463941977280512
395463043297337344
395462134634524672
395459594782511105
395456850566868992
395447688097202176
395445729801822208
395444103095521280
395443876221448192
395435269043666944
395429430199603200
395428641947258880
395325159793782784
395320353767292928
395318445900054528
395318378266914816
395304468616855552
395285211208232960
395284857040797696
395283887653257216
395283276903903232
395280065585348608
395279612135346176
395218503642648576
395180559619485696
395179435537625089
395167980507496449
395147674057732096
395107485750931456
395105648368951296
395104483304538113
395091910726918144
395091414549540864
395086859376033792
394920258206978050
394882777604452352
394882163893891073
394855478091870208
394853604202274817
394846335108521984
394827957551636481
394827698444709889
394827685463347200
394827674612670464
394827546661228545
394821728792092672
394814739161022464
394808275046531074
394745779526848512
394744766019403776
394744003847286784
394722538368303104
394719880165216256
394719679014793216
394573883560689664
394561474414120960
394559397407363072
394490369825837056
394362810760957952
394360925580689408
394352457666818048
394351255923212288
394170587444428800
394169051527667712
394168277184045056
394168257877671936
394143103701245952
394141881216823296
394139954898407424
394139569576493056
394138830191620096
394133039359336448
394124248476041216
394063539079757824
394058554325626880
394057576352346112
394057378771247104
394056890587820032
394056094177583104
394055197888364544
394045573420310528
394043930985394176
394041042129141761
394040704206651392
394040315109474304
394038240170483712
394037677898883072
394033739288031232
393766855674187776
393759034916225025
393733861944725504
393733091493040128
393731334524264448
393728371907395584
393704085779939328
393677979668467712
393676723931602944
393676500492632064
393676008718860289
393653136906518528
393639665120854016
393620856770818048
393620357363404800
393619642746667009
393458847118942208
393458466871730176
393395706909962240
393371634746527744
393368482504781825
393357043786342400
393356247359291393
393353997119393793
393342258168471553
393341865204121600
393341775173394432
393294246058663936
393287937754157056
393286975572434944
393278917039366144
393259278452412416
393257378071994369
393254389793980416
393247416973262848
393242281387753472
393241577336094720
393240430453989376
393235875930202112
393235385632825345
393141955447635968
393134204206448640
393124493096271873
393085874675941376
393068565831503872
393029278964535296
393020426881736705
392961666364633089
392956780386340865
392952758052982785
392950456965554176
392943257367642112
392938582505447425
392921322575380480
392920903207895040
392920697426960384
392918124481486848
392916517257773056
392914872557916160
392906564987670528
392905462532014080
392905269610442752
392902802717937664
392902523226689536
392902237007015936
392900553539215360
392898375244193792
392895982825795584
392892577453985792
392890470818643968
392755732950441985
392751732872069120
392751272547586048
392743749479972864
392738563738972160
392723842864803841
392626050741837825
392625969405509632
392574648376107008
392574311497994240
392572531242467328
392571715920097280
392571196425781248
392544751670423552
392544364058382336
392538422981562370
392536650934263811
392534549357264897
392533485375594496
392533025923166209
392532298307870720
392531729681903617
392529906426728448
392526233134575616
392525768804167680
392525266859204608
392348550509502464
392348063286562817
392347829940678658
392284384377962497
392284191767162880
392189783352827904
392171445805006849
392170548702109696
392168504373153792
392167782147555329
392166941475213312
392166714491670528
392161205663854592
392160027903295488
391979435152244736
391886142666457088
391867262568632320
391865155371683840
391864511483117568
391864159572598784
391833298650923008
391832763810074624
391832382866595840
391831368377700352
391830495173947392
391829116183248896
391827865295421440
391810086794186752
391676811278831616
391672970357506048
391655699635109888
391648244406972416
391623763373981697
391616301866954753
391590329067266048
391590235270025217
391589533760126976
391518893535014912
391462146992640000
391461580912615424
391460443568357376
391459241195630592
391457957390471168
391457624094294016
391457353474002944
391456709375717376
391271380144390144
391270343538909184
391262799147851776
391246829540487169
391237387181096960
391234780035293184
391227636539994112
391226073914306560
391224540850053122
391224141271289856
391218378238873601
391206672838189056
391166577884008448
391166393699561472
391163886499811328
391131307214127104
391130589446692866
391109268759654400
391103791803932672
391101871567679488
391097719277617152
391082703266643969
391081057161732096
391079892428660736
391079096534724608
391078903072055296
391077140008931328
391076591289511936
390952061874892800
390949656990990336
390947558883065856
390946544569962496
390937927942815744
390937397439262720
390934237282844672
390933742967353344
390922922225057793
390916870733574145
390913960347992064
390903206433533952
390901562086027264
390901187786321920
390900365224574976
390900300636520449
390899801623371776
390897842921168896
390897138429087744
390886543092891648
390884623753809920
390882016197378049
390867643580047360
390849870040268800
390849224533090304
390821427927982080
390750357288411136
390748158671990784
390745603741081600
390744587993903104
390743717885542400
390740982637297664
390739515280986112
390739130004811776
390728525277167616
390727799100547072
390726942858964992
390726795386830849
390726005142196224
390725392937799680
390725300398870528
390721629862789121
390720874703515649
390719877889396736
390601233113047040
390596542857359360
390551403628089344
390545280422379520
390544357344182272
390532068423512065
390504118219182080
390502685797281792
390475882139107328
390454118084399104
390448270884884480
390400360071720960
390398727044620288
390387119677779968
390386104161271808
390383753572663296
390382876107493376
390381876147679233
390381468738129920
390368555134230528
390367260390330368
390364475737391104
390364063105953792
390362826163765248
390362436064145408
390362156413513728
390361752724320256
390361294148100096
390360400174129153
390353164240953344
390352872015396864
390191793218027520
390190930592292864
390189532710055937
390189147337809920
390183629218799617
390183176615628800
390183128880254976
390170644807438337
390170261661954048
390148493378985985
390121584058327041
390104361000787968
390085918918324224
390024880332472320
390021535467323392
390018879684349954
390003550148780032
390002667386191872
390001860738052096
390001834577760256
390000459177402368
389999248290238464
389999008598335488
389998247231492098
389996694655336448
389995998237294592
389995314699964416
389988723863339008
389987567393058816
389833960336797696
389821672175722496
389814743877574656
389811248202002432
389810603625168896
389690777212698624
389657959179247616
389657863893053441
389657699560198144
389642810233597952
389642234921881600
389640610258649088
389640329332158464
389639990856011776
389637590074527744
389636655990050817
389636284416663552
389635353662861313
389633778756227072
389633221396144128
389484269417943040
389422095320776704
389420826539606016
389363022096916481
389353851058278400
389344790925815808
389343917474582528
389343698301239296
389342619870167040
389325433876910080
389324140500377601
389323988289060864
389323655093551104
389323135482212352
389322643498758144
389313678677639168
389305281986842624
389303649530163202
389302785440620544
389301301185486848
389293634975453184
389293609167908864
389293491769344000
389292734642520064
389292495999213568
389110781943369729
389027462300327936
389006578361589760
388972781024849920
388969829690277888
388963067033575424
388963022602911744
388961399457587200
388958008534781952
388957600198696960
388936970245644288
388917014418296832
388916305270550529
388911587165491200
388911036172357632
388743136480354304
388704944104407040
388702953408045056
388700338725060608
388689718910910465
388688147837898752
388687705393360896
388686595836358656
388680845684269056
388662598188929024
388645478319271936
388621603300315136
388611044773343232
388610308878520320
388607514419687424
388586488734416897
388551794512515072
388550293064933376
388544157859336192
388543164325171201
388542488362774529
388542144463396864
388541181585416192
388540597386375168
388531798159814656
388416488107159552
388415964813197312
388386316645576704
388384877500170240
388303966138015744
388303809900204032
388261864528171008
388253501643448320
388211340864913408
388206649812738048
388203373159546880
388195851257925632
388194907858276352
388194248685678592
388181856174100481
388178612429402112
388178299735650304
388178033741287424
388177819965984768
388177274609999872
388177090480054272
388036019984936961
388033609338478592
388032962928709632
388032241936658432
388027507896627200
388027493024038912
388021698278461441
388020397322805249
388001083811176448
388000904735363072
387988129010835456
387987204116840448
387987086042603520
387985553368428544
387984842496815105
387981953632583680
387940902770966528
387938287467646977
387929622613999616
387928877864996864
387894880413814784
387865672354906112
387849770246897664
387848672228433920
387846689245384705
387846044706684928
387845243082903552
387833635920822272
387832424497176576
387831826883952640
387831451133046784
387827506390134784
387826507227226112
387825240258015232
387824579487744000
387823332264906752
387822345869467648
387813485952126976
387659529435226112
387641720013217793
387641333336141824
387640963545313280
387634423216099328
387621598641258496
387619083661082624
387618894959345664
387617592577642497
387617473799131136
387574776983605249
387568126311030784
387557590613250048
387553393415176192
387552916980002816
387538433901490176
387534196295471104
387530647423963136
387522524281851904
387521371720671232
387521019013246976
387517063763599360
387515885684277248
387515471098290176
387462479380754432
387457407456391168
387314292863012864
387311721922457600
387310310270713856
387307104031105024
387305063028240384
387299245050851328
387297883969814528
387297415055032321
387255690160402433
387255469556776960
387218991732641792
387218784915697664
387189630333747200
387176073252712449
387127296014184448
387121290546794496
387119964039421952
387104560767983617
387103155336392704
387101380042711041
387100009084116992
387099235503468544
387098993584377856
387095644403294208
387094757890994177
387090897193943040
387090791803682816
386804267778342912
386803968548290560
386794968305520640
386790178783641601
386785870944034816
386747833014964225
386593185121964032
386582946116694016
386517059548348418
386484997219053568
386480660040679424
386480289108996096
386480033055129600
386477839551565824
386473022514683904
386472670583611392
386431080880177152
386427965841870849
386427597145792512
386404293546233856
386403916813836288
386397561428262912
386394977422409728
386390129310322688
386388683726655488
386373035478904832
386372322799534080
386219024298049537
386186752513155073
386185052549165057
386184469461209088
386183654407274496
386134158655123456
386125819849871361
386110923015872512
386110443166511106
386110170159271938
386069560798875650
386068636659507200
386064267020992512
386057613311344640
386054843304906752
386054340273647616
386052978022432768
386051676596998144
386048323368394752
386040231540965377
386039647714820096
386034965630042113
386034604437540864
386034487353561088
386030869384675328
386029982679453696
386023600181870593
386023276691988480
386013846504087552
386013340171902976
386012203372916736
385913123741237248
385829099794477056
385810262197956608
385794523621625856
385732981744091136
385668551300112384
385660336742748162
385658730554982400
385656942963609600
385655276721799168
385654874857164800
385654743583834112
385653846027948032
385650188259295232
385649675937652737
385649295518494720
385648818705805312
385490734893109248
385485781822734336
385485304573878272
385483968683835392
385483542437715968
385483472350892032
385483230024986625
385482854517309440
385478319921041408
385461462447042561
385460912510881793
385450618703601664
385450109359886336
385448253632036865
385447136277852160
385412200447221762
385373232636780544
385346589176258560
385290898927403010
385289950603644928
385288094955470848
385287922678632448
385286553741688832
385285728415924224
385285145860636672
385280250219077632
385278923438694400
385278490699771905
385278441215389696
385155913918590976
385099851966726144
385097795121586176
385085256510234624
385079565879480320
385078092093718528
385075814233952256
385072945275867136
385072308135550976
385070717118586880
385070161532694529
385069694623162368
385067779919216641
385067031340781568
385065147850850304
385064013279006720
385063742473785344
385060155429490688
385059781171752960
385017914006310912
384931332368789504
384930713079791616
384929389684596736
384927744015876096
384927707911303168
384927611119349760
384926551696875520
384925806859804672
384923535593840640
384923192986329088
384913604580876290
384912334734372864
384911837461893121
384789115280973824
384785715256496128
384776679329001472
384765388442988545
384764863483895808
384764290151882752
384717533560840192
384712939392868352
384649180083286016
384645637406334976
384645484360396801
384621604774244352
384621314792644608
384592458572910592
384570112046428160
384569355930849280
384569069279526912
384568707755671552
384565491185893376
384562117023522816
384561630375194625
384561210768637952
384561058985177089
384560782354030592
384403773575016448
384380649630470144
384378898424664064
384357014983294978
384257538293641216
384257450905329664
384253513410162688
384224870520725504
384224572515426304
384224457507631105
384223005397626880
384206555911970816
384205440944320513
384204637001105409
384202954615451648
384201222476947456
384200649388220416
384198576697376768
384059114403663872
384055692505907200
384051185260691456
384049943565975552
384006376873525248
383993597604818945
383991674021498880
383984821959020544
383950532475621376
383928459254169600
383928258162483200
383870611325345793
383869224340320256
383869072900763648
383861206261325824
383858302657892352
383857877250617344
383856509718757376
383856119124226048
383855856292339712
383855821517361152
383838847760482304
383838375754477568
383837980411981825
383837518245814272
383832306550448128
383691991328231424
383685406912688129
383683771796815872
383673334015492096
383637040199245825
383633333344686080
383625504588169216
383620684913455104
383620549710061569
383620240354988033
383619369084784640
383617775387701248
383606694346883074
383605206941827072
383603320658489344
383599468026662913
383550894358683648
383507799746965505
383506741167546369
383504965181767680
383504629494849536
383503965645598720
383503432625037312
383499958818578432
383487471553478656
383486618121691136
383475763904667648
383473376787824640
383472654784552961
383472481744334848
383469603705618432
383339930875072512
383336310200881153
383322088528158720
383288241996066816
383197877604204544
383194203846500352
383183821476085761
383126239956844544
383125162943463424
383124425622552577
383124185884536832
383112754871017472
383112389635219456
383111899182686208
383111152848224256
383110732188905472
383109735714533376
383108994597789697
383108225811230720
383105840959729664
383105471420592128
383103434087751680
383103045342867457
383002671524753408
382989769724030976
382989049595965440
382988845438222337
382988761715732480
382988620845838336
382982101941125120
382981830896783360
382981487353925632
382904762808532992
382901339983855616
382894654015799297
382859699156434944
382859559129591808
382767787166687232
382767170264252416
382752074192007168
382751799876153344
382750709176741888
382750310420062208
382749214737842177
382748310450106369
382748249993379840
382744467570458624
382744291866836992
382740726922346496
382497088077983746
382478530820337664
382466333759123457
382465937892732928
382454724995207168
382413724339814400
382404600340697088
382403333107224576
382387068296368129
382384321295687680
382384011298873344
382383629533323264
382383051780538368
382382690877452288
382382545259606016
382381751600807936
382381493189763072
382380427505176576
382379937811820544
382376485509947392
382230630165008386
382229771607764992
382229291179593728
382228679696187392
382209600964919296
382207821221076992
382166937628708865
382166174437367808
382166008183525376
382162371164119040
382158783243243522
382157619105779713
382154441027096577
382153680142606336
382153476051976192
382102039687213056
382045657395363840
382042402833571840
382041437145411584
382040647899021312
382032514723749888
382030965905707008
382029011074822144
382027682818424832
382027653634478080
382025108228829184
382024806385713153
382023446386855936
382023081687937024
382022446259249152
382021889649954816
382020402626977792
381815430731419650
381779576332238848
381779317765980160
381724353835978753
381724261129281536
381723359026753536
381706664816021504
381703118376820736
381702636480655361
381699881284300800
381698959535648768
381693499793367040
381692130910957568
381691464880648192
381519720463073280
381461118809427968
381460764877262848
381460491006009344
381429700515479553
381429504792481792
381429266312724482
381428427493871616
381428356761141248
381427015355613184
381400789555499008
381397085331144704
381371668414726144
381330307271495681
381327762411491328
381327559667240960
381327012012773376
381323487182196736
381323089436368896
381322679548010496
381322051778134016
381321782864535552
381320822868045824
381320676545540096
381304377283473408
381204060876972032
381202097338724353
381199854254321665
381198315972345856
381131983071350784
381131406971129856
381130641070247936
381128396085805056
381122439716958209
381113061236432897
381112276423417856
381110704217923584
381110050053304320
381109972823601152
381100676417216513
381088648693043200
381085966196170752
381074423622533123
381072960347316224
381072545471930368
381058022799208448
381036095020236800
381034469555060737
381033297302011904
381033200849813504
381033131949977601
380958477402648576
380943485374709760
380942491102355456
380942010695155712
380941587359870976
380940940698853376
380766138294341632
380765895556993024
380748289194205184
380738768288116736
380728039811739648
380716673755406336
380669101317697536
380666784681951232
380580952327479296
380580229594357760
380579317396164608
380578770597343232
380578439608020992
380577872332591105
380577496741072896
380577004526907392
380462713065193472
380458689167368192
380455392717062144
380453680602152960
380402701621669888
380402328668356608
380396317488328704
380393751640047616
380393065514799104
380392797112909824
380369564430643200
380249266905567232
380249157543292929
380236439449264128
380236191175835648
380214365804175360
380212174557155328
380211778786844673
380211012034510848
380210793825832961
380210184976490496
380209561501564928
380208509922471937
380207189681799168
380203307597578240
380203225364062208
380040303824367617
380038016560947200
380022193356537856
380021566345846784
380020721998901248
379982279558193153
379982041745326081
379981958819770368
379934786422587392
379861065875881984
379852142929932288
379851331667648512
379849492721192962
379849171139698688
379847687496941568
379847024486514688
379846499460321281
379845833270652928
379710625771175937
379706863329488897
379699733012697089
379697772934758402
379622471957106689
379620907284582400
379571571695689729
379571249673797632
379566369307496448
379563081245802497
379506944597585920
379506605068652544
379491045118976000
379490489562443777
379489269003210752
379488809001287680
379488049362530304
379487900720574464
379487494632255489
379486349109506048
379332117806579713
379330285621358592
379324839020216320
379324812143128576
379323420930236416
379322523185602560
379240703295242240
379240173701455872
379239081487523841
379238115229315072
379237430442098688
379200761340522498
379194675670048768
379175746532806656
379173071732899840
379147952843145216
379146625941524480
379145877719625728
379145213526433792
379144854523363328
379144323943919616
379014352759570432
379012579877613568
379009856713146368
379009009849622528
378932885870641152
378921249592074240
378920881202139136
378919555579801600
378918767000317952
378916378184790016
378915591207526400
378914808072273920
378877303549624320
378875351101104128
378874889543118848
378869807191711744
378862708294418432
378861252988375040
378858278694162432
378857875546050560
378857457696899073
378852588998754304
378851311636082689
378850903261859841
378815280698228736
378812068888981504
378811491392045056
378795827080073216
378771276988690432
378765550760914944
378764748071784448
378763429076430848
378762094415335424
378754582991892480
378753765891137536
378586106826338304
378531302158639104
378526689191813120
378526379232735232
378526263419629568
378524252649308160
378524203513049088
378464917650563072
378434161012641792
378427402583805952
378418060639879168
378413731900035072
378412873971933184
378412796696072192
378412568446271489
378412277307023360
378381884272934912
378254262913867776
378248504973721600
378218330039259136
378217853180448768
378217045835644928
378084434479554560
378054154599817216
378050232497745920
378038944354406400
378038401951207425
378038184459784193
378037508941950976
378036947156860928
378036715249627136
378036516598976513
378036080798216192
377912601105010688
377911652319899648
377911533717565440
377907752380530688
377906991709962240
377906074369548288
377905772790702080
377898241859547136
377896607750320128
377832137036017664
377767270795075584
377701236646363136
377691724987916288
377690962719301632
377690225276768256
377689873575981056
377681475404984320
377680697420312576
377678732112052225
377676391866568704
377675817238528000
377675200646483968
377674617495633920
377673151217299456
377671326401458176
377670762603114496
377666606362796032
377666175632953344
377553660286615552
377546181661831168
377545729960460288
377545383653564416
377543600621383680
377543120453259264
377534640879583232
377533934504275970
377533718837342209
377533612339777536
377533400632287232
377531251655475200
377529016137564160
377528602734374912
377527453960646656
377411647586836480
377409692835667968
377397144568623104
377382698794233856
377334471642873856
377319202081628160
377317881928638464
377316523662012416
377315975957184512
377315515418415104
377314378791395328
377313604137009152
377312880825077760
377312782699343872
377311833310257152
377310652663992320
377309701676871680
377306595241504768
377306006260551680
377303606455992320
377162097898971136
377159723038277633
377147598282317824
377099093509554176
377098143982039040
377086131449253888
376978392421498880
376958417052508160
376957447480422400
376956857077608448
376956791063461888
376956698788765696
376953239939198977
376952442421641216
376951762218807297
376949690660814848
376940513485934592
376693934312792065
376670122141700096
376613461247004672
376612848748613632
376612024077135874
376611616675995648
376611049052450817
376610147545513984
376609497378062336
376608801924734976
376451853720244224
376448988415004672
376447428947636224
376445599706800128
376445054032027648
376388882415517696
376375790167785472
376374810399363072
376367674114441216
376361427805556736
376360707911991296
376348625523060737
376318796589727744
376302009450004480
376284979681968129
376282825722310656
376262923418492928
376244035633299456
376238566831292417
376234285386039296
376233751551815680
376101373747552256
376099926880419840
376096452658749440
376092819892748290
376091158642163712
376086588780199936
376086391765360641
376084578332860416
376063305741524992
376061502257909760
376057823425462272
376006974325784576
376006699133304832
375972399571017729
375971091183042560
375950160871686144
375925866712551424
375920707202723840
375916619413086208
375915776534147072
375914920036278272
375914343520800768
375911679080820736
375908973603729408
375898179025518593
375898133869637632
375892190071103488
375887893077983232
375887156268777472
375882798525349889
375880320652152832
375876989204561920
375876557828808704
375876222422888448
375875136047820800
375744177856077824
375741701396389888
375740039361482753
375739464553070592
375739240367525888
375738182043959296
375735182839390208
375735071707504640
375667973408563200
375667948121108480
375633497878040577
375578482584985600
375537266203967488
375522983173165056
375521838123995136
375521180138344448
375520801413664768
375508407328849920
375507634326994944
375503481722773505
375502207317057536
375502084474294272
375501713295163393
375500564966035456
375500175529099264
375498161361793024
375324251017854976
375302353786011649
375285062956109825
375284757694652416
375284407814209538
375283767029407745
375283716228001792
375198032817438720
375166669918064640
375166215670734848
375159504843046912
375158292865372160
375146664136171520
375142032550793216
375141484103622657
375141136056061952
375140725060415488
375139546289012736
375000271090647040
374988238643298304
374928944660627456
374919776029523968
374918151248441344
374906635988107264
374900855767441408
374899666023763968
374899543529115649
374899140146130944
374857884565528576
374857452187299840
374846934617714688
374839006904598528
374838890969837568
374832087448047616
374788784661233664
374788171151990784
374777834973036544
374777158192742400
374776123130798080
374775847367892994
374645155942236160
374643801203032065
374624741014790144
374591828747894784
374587571852308480
374587430156140545
374566141487624192
374564217656856577
374522332842184705
374518283866628096
374512082755923969
374507569076641792
374471547919941634
374442111883837440
374437271728320512
374436383081103360
374435047719583744
374433256923725824
374431452076998656
374422701332787200
374421303211487232
374412771297087488
374411601346322432
374411166866739200
374410631497412608
374408549235175424
374198042422816768
374195109589307393
374193427614666752
374156892689666048
374110396937818112
374108784999686144
374070688459419648
373843140631076864
373842335282782208
373796871996579841
373796777972879361
373796702248894464
373722422354001920
373722074134507520
373721300633530368
373720855974383616
373720595944325120
373487370663755776
373486926243708929
373486133583179776
373485205190750208
373472879829987328
373457369537052673
373452414268891139
373448646835974145
373447875713171456
373443625079676928
373434831494860800
373393959894016000
373390043294879744
373389282737528832
373388886707171328
373353107746746368
373351824344219648
373351007415455744
373350284476817408
373349908444872704
373348892777406464
373333544359047168
373333034562355200
373332312861077504
373331894869307392
373331684810170368
373331238104219648
373331034550435840
373326232001449984
373176308588482561
373175471673864192
373175325619785729
373172090062393344
373171382198095872
373151536727482370
373133608321421312
372985032521965568
372984151752060928
372982287916605440
372972686122577920
372971440162615296
372971077799907328
372970702439063552
372970008835420160
372969634229522432
372966375322812416
372965719912493056
372961944799825920
372961771877072896
372813880482738176
372799305410953216
372797447518822400
372796423550812161
372740732366229504
372740401309839360
372622693981782016
372608987075604480
372608206431735808
372606633546756096
372604628208459776
372599991229235200
372599582968283136
372598695755542528
372473248392699904
372414548034469888
372413958768304128
372388179938013184
372368009823666178
372366918285422593
372355815673307136
372343105317376001
372263312173838336
372261842921750528
372260514103304192
372259129613877248
372245848971026432
372243115551498240
372241576304861184
372236745230024704
372235157035810816
372234309480239104
371939834270478336
371938461122428928
371938382403739649
371921794862571521
371921441249181696
371893018946568192
371892185605492736
371891581336309760
371890100470165504
371687924326494208
371680449502130177
371602867784015872
371588662334468097
371588287489523712
371578942915747840
371577823305007104
371548745680179200
371547369059274752
371546876840919040
371545102109274112
371544927261306880
371542540689752064
371541367618424832
371540755031928832
371534034674802688
371533162834190337
371532503141466112
371531958834053120
371531240182013952
371530170709991425
371529780723593217
371363301017792512
371356463442436096
371354624831553536
371344836018077696
371344154875674624
371341204404703233
371331046211850241
371257750766247936
371251597587668992
371223375039197184
371222867574534144
371171635472379904
371170762679664640
371168762181197824
371167570571042816
370950161637593088
370949878815657984
370949627400716288
370881207661506560
370878937083445248
370878442432393216
370857716073656322
370857148609462272
370856334201462784
370841543210713088
370816065439547392
370800769370693632
370800337835532288
370784272938201088
370783726428762112
370621413671337984
370617307317293058
370578568121954304
370578278186508289
370574487911432192
370568464916033538
370566791548125185
370566043007483904
370564598782783488
370560998249598976
370560619436867585
370555619469971456
370549473661169664
370471144262217728
370469657771540480
370434252061827072
370433626544279554
370400496697503744
370399538894618624
370299899835084801
370299447269670912
370297282459357185
370233246837391361
370231740822216704
370139166769954816
370138147914797056
370113126030516224
370094016949661696
370086867364225024
370077165431554049
370076475317567488
369851823836106752
369839572881903616
369838840992657409
369838357808832513
369817989807636480
369816933014978560
369815439507210240
369814372044263424
369813732681347072
369810524172976128
369810303963631616
369787056009920512
369749437301936128
369744201556447232
369742268007477249
369741603919118336
369717822651265024
369716997551964160
369711701349769216
369711589626085376
369704412442148864
369520728623681536
369519155676213248
369518584990408705
369463168307048448
369461838338994177
369461574412431361
369459937996312576
369458757010350080
369456987362189313
369436228728279040
369431868866699264
369404279167000576
369395844329381888
369374323737255936
369373296908722177
369371223827824640
369186140831481856
369185842801016833
369183396494180352
369183158480404481
369182915294265345
369125175599841280
369116018779500546
369081068860604417
369073397600251904
369067041459671040
369029331084771328
369003152629968896
369002440814641152
369001385280299009
369001144804442112
369001026571223040
369000741769203712
369000625276596224
369000132055805952
368805113567002625
368703323370582016
368701650120110080
368701405273419776
368686562537529345
368670491982061568
368648304952766464
368647575533924352
368647515790258176
368646439255031809
368618422319325184
368450687799406592
368444939350581248
368444643371130880
368356411241398272
368352011492003840
368335317440692224
368326211476656129
368324826966274048
368324498288033792
368324129302536193
368324014579920896
368288920871927808
368288871081332736
368288119629828096
368261910619508736
368261030620966912
368119327767420928
368102351170592768
368101335767715840
368098191994265600
368097615294255104
368028328756019200
368005636501405697
367992207111766016
367989285968150528
367960684002553856
367957820269801474
367930837159137280
367929072921235456
367920914295697408
367742144800653313
367625014436462592
367601288793837568
367599698045325312
367599386358214657
367599295895461888
367545350397374464
367545100257468416
367537254518251520
367391483303043072
367389773587308544
367389238247309312
367389058462674944
367388569251631104
367336919426158592
367263777030688768
367262772712591360
367206870576267264
367205754232524800
367205060037443584
367179339642982400
367165789159575552
367020304402358273
366976390987399168
366968611992121345
366861517288771584
366856825070567424
366853457975586817
366815424832212994
366814266185101313
366813405862047745
366813240950407169
366811906553561090
366656564284760064
366655059569815552
366654769009393667
366612346598195201
366606974105825280
366606031129817089
366588411483656195
366584122157711361
366573319547396096
366571436665614336
366570200130265091
366568462870532096
366568007914373120
366566805449355266
366566394944438272
366558586995896320
366557174777913347
366538843899437057
366538725548756996
366535396160569344
366535041607667712
366500103957127168
366499659407040514
366481243535179776
366480546076950528
366462846231527425
366461336336613377
366461281760325632
366435042098036736
366434330618249216
366433164538818560
366433010020646912
366432482591129602
366289138623844354
366138553119408128
366131569989140481
366130737067474944
366130004918145024
366129855953248256
366125571232641024
366124999150542848
366124350346244096
366106424591388672
366105478687756292
366087282027012097
366085038565109762
366084255291408384
366083889879453697
366081346789064704
366080051239862272
366079147379933184
366079087363629057
366078488609951745
366077988464361472
366077322748633088
366076953482117122
366076608106348545
366075851755884545
366075543906562048
366071371068997632
366070259662323712
366069144371728385
365888880613933057
365888549779804160
365888182765621249
365887568220393472
365885848744509440
365885292558827520
365885035527671808
365882323125800961
365859650672934912
365859547895701505
365859443524640768
365835801596137472
365795877706678272
365786434243788800
365786216634925057
365785048470913024
365762369361674241
365745171444404224
365731296401571841
365730036931768322
365729945600786432
365729657410162688
365709273784778753
365708889343266816
365708393295515648
365602295142027265
365589730466873345
365581982610108416
365544687647473665
365534991473590272
365534054981967872
365533716803616770
365513846032576512
365483781525741568
365368661940240384
365367866482102274
365367143182774272
365366123656523777
365365908983644160
365365278034497537
365364800508801024
365355725511335936
365355493352419329
365185162684153856
365180605274677248
365143696469000195
365143179160322048
365085787114577920
365010886294913025
365006188649250817
365005257496989697
364993668974788608
364992884975468544
364992501528014848
364991816849821697
364991274752802817
364991171371601923
364990267335520256
364989905903947776
364989594816622592
364872204527214592
364862542713065472
364852152155373570
364835363761565696
364831238210584577
364830201701613569
364830015164129280
364829735081091073
364813377207414784
364809623229841409
364808030858133504
364806779072294912
364773039809904641
364767823257563136
364763848730882052
364763555825860608
364763102216458240
364763076714692609
364762431974674433
364761579306233857
364761433390583809
364761373227491329
364761100874555393
364760676406788096
364760235501559808
364757772975341569
364757093565214721
364726695699292161
364719092294356992
364713208411467776
364712631740801024
364699052618682368
364694329069019136
364693853120368641
364683808945094656
364681076658016256
364673154045591552
364655666784239616
364654615398457344
364653287905431552
364653136868151296
364630090514055169
364629327607906305
364484935639252993
364484032332963840
364483076841152512
364482644832034816
364482481434537986
364463460848906241
364462539150602240
364462247260590083
364452951688871936
364452796218609665
364438715021537282
364424291497947136
364404131387031553
364399791280619521
364399706970923008
364391716704354304
364385359733325824
364375391034544128
364373661387460608
364369823108571136
364369594485448705
364369126313041922
364368488271331329
364367795812696065
364367502827995136
364367188162904064
364366864190668800
364366385897418755
364366146704650241
364365862074978307
364365746777763840
364365513943564288
364365009943396352
364364749649100802
364364347692171264
364364112123281408
364363633272164352
364363191158968320
364363041468456962
364362937281945603
364362806130249728
364362338427609090
364362203618492417
364361998504435713
364361868069965825
364361618278195201
364361372315811841
364361176517328897
364360873764077568
364360678468878336
364360325170073601
364359844033081346
364359518655741953
364359398379880449
364359039032901632
364358890940399616
364358672320704512
364358144664682497
364357581516447746
364357208886099971
364357014526238723
364355828217675776
364350497622200320
364350120386506752
364348307876753409
364347946621349889
364335013015199745
364324079949447168
364323671277445120
364290431057924096
364289253779316736
364288740832718848
364277222384746498
364276233787277315
364275055624077312
364274112048267265
364273450203873280
364272767794823168
364272075306835968
364270898120888321
364270541948993536
364268838885801984
364268643494166528
364263350961577985
364099869348085760
364099118886420480
364094411518783488
364093771702882304
364093112828067841
364039664996335616
364038720074162178
363999227283640320
363999107947307010
363997640767193088
363997183080542208
363986312333770753
363966138440368128
363962286689370114
363961673075277824
363930640967667712
363922872282001408
363922044703883266
363920933876006913
363919741221470208
363918715722530817
363770662785384448
363766498286129152
363667553094082561
363666980093435905
363641128845074432
363610238869835776
363609832647299072
363588331310813184
363568565267333120
363567383387963392
363567080538255360
363563558593761281
363562278269886465
363561997746442241
363561061607157762
363559849247784960
363559213240299522
363558054526062593
363557371160702976
363556490709594113
363555784182870016
363554447861227520
363554194441379840
363434762020462593
363434368410206208
363329677328261120
363329068986413056
363303412852858880
363302169996308481
363301642080235520
363250132411613187
363245833745342464
363245051738324992
363244908930273280
363244849706700801
363221540898226178
363219231237615617
363218002449141760
363217609157644289
363189076700037120
363188834168619010
363188283116752897
363186630745522178
363186142880862209
363184854847852544
363184315611365376
363183562893180931
363182392258732034
363181581394903043
363180357383757825
363179556586270720
363179412897808384
363050728157630464
362976298559221760
362975547434864640
362971709827063809
362971448375128064
362950273624326146
362947944586031104
362946967250296832
362936818729099264
362901459844612096
362873574320640002
362840214323994624
362838703707652097
362836908444889088
362824830803902465
362824418105376768
362823384087793665
362822365719183361
362821891678937088
362821227376676866
362818690435121152
362818490110976001
362685390932541441
362684290166820866
362683588544057344
362683043511017472
362682292592197632
362681023340888066
362671488748367874
362640531462950912
362633019489660929
362586543711453185
362586141100228609
362585993288757249
362567890211311618
362567431866159106
362567364694376449
362566363899899905
362465175229579266
362462045720948736
362461659509436416
362461391279489024
362460932028383232
362460146754011136
362459506229252096
362459088665313281
362458094837579777
362457588459249664
362457091727818752
362297225692459008
362296415566823424
362296145000673281
362295630011449346
362285281182887936
362284726087729152
362282896351952897
362281953719885825
362279648870150144
362274348813389826
362151486601437184
362103908144910336
362103192307253249
362102461198118912
362101642105069568
362100807920922625
362100523157045250
362099099329232897
362098765672349696
362098458452180992
362097792790958080
362094298281414658
361939026158174208
361938148101603328
361923648094879747
361922995243073536
361922620947562496
361901527889223680
361901289849892864
361885399011962880
361876799627595776
361868595124371456
361867784193449984
361852138810392576
361780598353838080
361747897257168896
361736467795542016
361734282579935232
361585471643594752
361577926182973441
361573777328455680
361573173273182208
361571961802981376
361570897997479936
361570808541360128
361566473572990976
361544654296068099
361543570286587906
361467267466272768
361435292336529411
361434662297534465
361430253035458561
361429586883510272
361429314425720832
361429235728007168
361411735925698560
361411497806663680
361411155262050305
361411024181657602
361399649447313409
361396265315086336
361395373434081280
361395296246300672
361395071033163778
361394655402790912
361394327001378819
361383562211098625
361382600750800896
361381256585412608
361377327487266819
361377093822586880
361369960100007937
361366212288053248
361365911766183936
361364049331625986
361363625639817216
361362054306742273
361361814233169920
361215113623121922
361209032331104257
361205631958519808
361181973093416960
361181100636241920
361180603162439681
361142462946885633
361126308228505600
361109949876674560
361082726155173888
361082576007479297
361042528016932864
361019601003347969
361018769650356225
361017946157490178
361017130059182080
361016015779401729
361015193616121857
361014575711272964
361013580369379328
361012524117794816
361011828786077696
360875426085744641
360857262090227713
360843406378934272
360838486959464449
360833795592695808
360806718223028225
360779968831176706
360779586314833922
360778484311793665
360775932795035648
360774719206723585
360773413171757059
360773047709478912
360761661897977857
360748105894854658
360731872575225856
360714559935365120
360712880577974272
360712145438113793
360707529824665600
360703488050737153
360696423613874178
360681568932605952
360664994322456578
360664158850654210
360664039157805057
360650016207028224
360649279959867393
360649053912039424
360629850618335233
360628890894479360
360532419356528641
360531571448614912
360530669648084997
360528675696947201
360522555578257408
360522088278278144
360517243504828416
360515497135054848
360514851170287617
360513604446978048
360512897027284992
360512577408733184
360461265673523201
360456816095789057
360453252124389376
360433327540412417
360431655896358912
360421556473700353
360420152719843329
360419589575811072
360415632405176322
360351160827265025
360333172686327808
360321867661328384
360297657463341056
360297245557530624
360296999981035521
360290577310420993
360289509381906432
360287882910511105
360286764956516352
360286519002542080
360285807136866304
360285466802667521
360284747718590466
360282657524940801
360275773275385857
360274730835640324
360273368785747968
360170590205779969
360114349047697408
360084084363509760
360082942762033153
360082067092017154
360053130655850496
360052666623205377
360050677428391937
359994848733966337
359992717926866945
359992282662961156
359991967914000384
359986013365473280
359984520407171074
359975670157295616
359975001677500418
359942964677578752
359940491132944385
359939853791662080
359938318730928129
359925120569053184
359923359494045696
359922527767764993
359921853688586240
359921086114172929
359920642625245185
359919485743927296
359919099394002945
359914644342702082
359770463792136194
359751513561759749
359749484697227264
359701444040982531
359700925222363137
359681739330813956
359678424073240576
359646516757020673
359572669814931457
359563582960173057
359562399466008576
359556587574132736
359555638172467205
359551176716455937
359550286039236609
359328793992773632
359326702863785985
359318767240617985
359318409600712706
359309557861851138
359299274829348866
359202254642872321
359200215284187136
359199221951365123
359198929801330690
359198409669885952
359196560464154624
359196135652474881
359195686538981376
359195248603303936
359194349239681024
359193624136790016
359186086334971904
359185905501745152
359183914302050305
359018577610817537
359017617907920896
358963007223005184
358962331331465216
358870031775432705
358859282957078528
358858013102194688
358857912988352512
358857331171262464
358855969528229889
358855221335687168
358854276757880833
358853517466812416
358853150259683328
358845072617779200
358693923784372225
358686294140268544
358684544569839616
358679852133519360
358674583849017344
358672824266792960
358670258426494977
358668697940279296
358668243336052736
358515517226622977
358502371480977408
358497890789900289
358497170858590209
358495214018625536
358494516484911104
358493216275824640
358492701915754496
358483557351563264
358323524982685697
358321335157915649
358321288118820864
358321128122888192
358320608502747136
358301512646549504
358214698388303872
358209335001747458
358186986869235712
358184281576710144
358177401324728320
358176842139713536
358175626970533888
358175384384188417
358167001132716032
358163912199774208
358150659075354625
358150244455809024
358150043099856896
358148695872634880
358144142708580352
358143301360558080
358089324950061057
358087733853433856
358086497242591232
357966929535205376
357964651893501952
357961553661804544
357898498378694656
357875638054559744
357785284928221184
357773357820817408
357772382930759681
357770081285464064
357762165547077632
357761249955684352
357760330669113345
357758583733096448
357756912965664768
357756237938565120
357754482890776576
357754022817980416
357753539885404160
357751417010159616
357602841042489344
357600099410518016
357589306145120256
357587428627845123
357586165509398529
357583052622426112
357582349942267904
357580861551550468
357574249131028481
357574112979333120
357468897030582275
357468768001200129
357467305250258946
357465720067600384
357464192577572864
357440876517539840
357430586681466880
357429514361520128
357428995031183360
357428734506180608
357411489482678272
357409629170434049
357396165664313344
357393825582419968
357390294410477568
357388514486263809
357387566040891392
357385912205840384
357184268016955393
357179053142310913
357148922667474944
357147556251320321
357144952217673728
357131655099592705
357126821172625409
357036089342574593
357033788062171137
356849415429959681
356848351548936192
356840614748356608
356837199699902465
356836502350729219
356819413552480258
356804093953572868
356799923754659840
356760724921520128
356755024052891648
356752651544829952
356692928611098624
356689190957756418
356688850803888128
356682586661195776
356680896864194562
356679890080243712
356678305291837442
356678042346729472
356672567643353088
356671532233269248
356671077033852928
356670456960528384
356460885230878720
356459670912778240
356457812756414464
356457001854836738
356456163111481345
356377386259976192
356371592449769473
356371227113291776
356367717458137088
356350048713445377
356349759432310784
356337534013423616
356332948573798400
356331400481345536
356310537312808960
356309101854199808
356307323263795200
356306234070147073
356304764314722304
356142136879616000
356109696253444097
356047473543876609
356031499008614403
356015516273491969
356014943843262464
356012463206051841
356012294666321920
355995601005056000
355994296429715456
355993070296236033
355992354659905536
355992185407160321
355964701219364864
355964416384188416
355961573258428416
355958498623881216
355929372538044417
355927595579211776
355925256931774464
355924524543381504
355923268047347713
355921631597690880
355921225815572481
355730167110447107
355728256659501057
355698637768105984
355675504793227266
355648137374875648
355648134455623681
355647621806825472
355640655273394176
355626302839074816
355625011987496960
355610855079030786
355609528387112960
355603930593497088
355603017929728000
355602919539740672
355602795564511232
355592410782367745
355580120246927361
355579481114677249
355579008274014208
355578622611947522
355578275315187712
355578018464411649
355456868782579713
355441742255898624
355426025619980289
355384855376297984
355371677502275585
355371505389023232
355360051306835969
355359991907102723
355359898407665669
355287176109502464
355283966888132609
355282674920857601
355276161741365249
355238628080889856
355238307552165889
355236627427237888
355231309712457728
355228179339816962
355218461447827456
355217808612794368
355217249449156608
355217146147643392
355215477108252673
355214629418442753
355214330821738497
355213911240351745
355213337988042753
355212769672429571
355061361555947521
355060344030375937
355055476033077249
355055387420012544
355055107236315136
355053268445052928
355052875526832128
354894045794942976
354893897794727936
354869289620209666
354851223263911937
354849445327814656
354848653023772673
354844749515063298
354844240049745920
354843947979386881
354842333063290881
354841378032857088
354840761906376705
354713042132533248
354712538811867136
354710561268834304
354707887077076992
354705220149850116
354704340419751937
354691481451237376
354652841173987328
354652398834290689
354511365555240960
354503248197062656
354500108433371136
354490421394685953
354490028740706304
354487293601529857
354484983819288577
354484724024086528
354483403116126210
354482998529359873
354482551420760065
354481828129800193
354476095116025856
354322297886216192
354267969800507394
354249314798800896
354145911473057792
354145870700220416
354145737480740864
354142278375317504
354128370251988992
354128069201629186
354127445319876609
354122104490311680
354121736016506881
354114384307568640
354113890063360000
353943983627567104
353921551327952897
353921406318292992
353920124375416834
353919676310491138
353902349913300993
353901775830528001
353901196269989888
353899374767652866
353898685496688640
353898162043371520
353897434902040578
353896745698209794
353896283355877380
353894871909675008
353893640369733633
353892665877729280
353891744246538240
353891363995136003
353888906120400898
353888512472391681
353886069080596480
353883169721827328
353883072455909376
353882106922942466
353880841694355456
353879035354427392
353834620627853314
353834038739480576
353787739809918980
353783114880913409
353767090504736768
353761207146131456
353760214476001280
353759182027108352
353758389110710272
353510704726282241
353510623713308672
353493603080867840
353493454136950784
353491900726124544
353467131117043713
353466960929386496
353456065586794496
353455577722130432
353446638573977600
353446170762280960
353442937142640640
353442568224260096
353441437750276096
353440985671413761
353440769916416000
353440410665881600
353439671268814849
353438831539793920
353438068348436480
353437543078957057
353436759033516033
353435992641912833
353435521730613248
353270476832911361
353270011290333185
353252503258800129
353192150655180802
353182895755624449
353182305663188993
353181973793091585
353172199466729474
353171555024510976
353169275332198400
353168724406177793
353168378053136385
353161023768895489
353157997003943938
353157442344984577
353139628385107971
353121049572950016
353103985458163712
353099947920470017
353099397577453569
353096580221513729
353096124975943681
353095682615279618
353095462548537345
353071732418027521
353071460723589120
353071332147216384
353070999010414592
353070454052884481
353070391436128257
353062170415738881
353062116938366979
353061614783696896
353058526169542657
353055452612931584
353053770525057024
353052807043100673
353052247199977473
353038389588660224
353037356686782464
353036497382940672
353035926785622016
353034369369243648
353033100952997888
353032674534895616
353032057724739585
353031161636847616
353030416267087872
353029367078719490
353028842899783680
353026577430355968
353026216472748032
352919353693450240
352918305734017026
352913852796645376
352913047364444160
352856281729609728
352855636805042176
352841363311689729
352840947597447169
352840410659430401
352839816611774467
352839395746922496
352838081981853696
352837808110571520
352698048369012739
352694123150573569
352691983585783811
352691648397983744
352691013132881921
352679583306366976
352678918278483970
352678696206876673
352678005820227584
352676635423686656
352675161209712640
352674412123783169
352673511019528192
352672723295670273
352671511733223425
352671062263209984
352665265902858240
352527890019123200
352522717481799680
352521849273450496
352520799686623235
352519919247704065
352516398091739137
352491607733436417
352474515961417730
352473689863892992
352471081224912896
352425005247758336
352409010030395392
352408529560281090
352396730769227776
352394084826095616
352393543798632448
352381180957564929
352370779675041792
352368221506109440
352333453234159616
352333169372037120
352331995990327297
352329257965461505
352314720247754753
352313958667010048
352313046200352769
352312284783185921
352311471109189632
352310646685188097
352309359079997441
352309004627738624
352147244604063745
352143154163617792
352131442546982912
352105522016686083
351964691930685440
351964249091878914
351953603616964609
351952768149356545
351950749363740673
351950674088558593
351949946125168640
351949186830307328
351948571970519041
351948103147982848
351945867000946688
351945218511216641
351942555849592833
351942154869944320
351940219907481601
351939720147763201
351939608457641987
351939503260319745
351764475117961216
351763316156268545
351762862038982656
351762492877320192
351760198827905024
351708283591069696
351698360891224064
351697802587422723
351635312172216320
351606815160668161
351602952638709760
351602715173982209
351588379604946946
351587796374392832
351587089860669441
351586119672012800
351585232044048386
351584323213860864
351583863883042817
351583084409389056
351582544468254720
351582101293899777
351580620436144128
351578879871299584
351574735185903617
351572020384907265
351413965122830337
351413225784483840
351412469526298627
351411440793554944
351411160626626562
351401796012478464
351366892381929472
351366624483344386
351366475967250435
351366357901774849
351366092666580992
351365964337651712
351355987409645569
351290663544958976
351256026579869696
351255729266630656
351233634788843520
351232397804716032
351231847340060672
351231390886526977
351220354276003840
351219409131540482
351215568709361664
351002709144502272
351002392310980608
351001672161566720
351000819497308162
351000799482089473
350958407156637696
350957761888141312
350957637543788544
350953608939966464
350907306671734784
350906119251701761
350905264511258625
350904741460582400
350904543007096832
350732913270194180
350731905756442625
350696712601477123
350695924982480897
350646578014453760
350646491150426113
350646373789605888
350641978045771776
350636318306484225
350635030881644545
350619958520184832
350619348039245824
350569115385217024
350521345068646401
350520740887531520
350520339673006083
350520049267785729
350518430895587328
350516841589899264
350516168446062592
350516025101516800
350498256675024899
350497173286305793
350496234961772545
350494770830901248
350491652156162048
350491426586509312
350491114421227520
350487288142249984
350486487042768896
350484192380985344
350365361046159360
350358587555586049
350357171617275904
350356557009141760
350356274451451904
350355840458436608
350351473353310208
350348891981488130
350348474799243264
350333824032440320
350333130533650432
350251655700283393
350251564801335296
350246160914595841
350245171146919936
350245080080191489
350237398493433858
350195737251946496
350154782444486656
350142432614162432
350141487171911680
350141150809686018
350140784953143296
350138126611652608
350127678378090496
350127184570101761
350021800115175424
350021232927846400
350020625718452225
350019228436406272
349967910745276416
349901267935559680
349899859777683456
349870585326739456
349870193398390788
349867174371917824
349863653463437313
349862443297669120
349861609927217155
349861588234280961
349861137996726272
349860966474866688
349860479662960640
349859520056524800
349858544054579200
349842520873766912
349839199853232129
349838752992071680
349838636008751104
349838357800562688
349837825090392064
349835359745617922
349825364001955840
349825315884896257
349825167775629312
349825145881366529
349825046388277250
349825030307332096
349824998074089472
349803748299780096
349796853824499712
349796584722145280
349787219017469952
349786093186584576
349781647576674304
349779806579212288
349777602917056513
349770477738262529
349764072486617088
349763782584709120
349763031317757952
349762851621175299
349612821589405698
349612157186482176
349610822235996161
349608814368145408
349590660795473923
349587559992659969
349583781654573058
349582270174208000
349578120157868032
349571712645476352
349567039918182400
349566337229651969
349565957762588673
349561417202020354
349507532219351043
349493560803999744
349489168017145856
349488773467357184
349429788538183680
349428099684892672
349414660698681345
349413837516181504
349413124211884032
349411590048714752
349410808784109568
349409334909878272
349407641367347201
349406947084210177
349406166448750592
349254569466925056
349253075799777281
349252426005610497
349234643247181824
349206021622857728
349204849017110529
349204207263420418
349203572375814144
349203171152900096
349196232046047232
349195613113556992
349186892421529602
349185730603532288
349168096260521985
349160572203438082
349156741449121793
349151424317382656
349147542371581953
349133805686239232
349122002155610115
349120065934856192
349119885202300928
349106560590557185
349103704605077504
349102376839426049
349080872768655360
349065763245674496
349064670520418304
349064245285109760
349054282915520512
349053761127337984
349052847129767936
