398165138798153728
397868111715508224
397781378718134272
397779076485636096
397481808528281600
397389196962177024
397389107405389824
397114330409218048
397102271449681920
397099305535688705
397097559035871232
397091535251968000
397090775034372096
397022121110405120
397021243037085696
397018044217581568
397013593691942912
396987656388632576
396985042125074433
396982510371880960
396957961815212032
396330898435489792
396330838922498048
396289365317394433
396284475111256065
396281919425351680
396280406221127680
396218132315914241
395287760346443777
395195751023648769
395114435770982400
394819508751171584
394558861975101440
394557790846324736
394510667492761600
394244065815834624
394237192953802752
394236053432713216
394235038864113664
394163620637982720
393996104250830848
393993091830407168
393798407824740352
393778869091569664
393774622803374080
393403086498050048
393378233548161024
393366375919407104
393067313999532032
392903283633033216
392903140820799488
392804332233445376
392801694590844928
392772089821679616
392699429414641664
392698365084844032
392694072650899456
392692737838837760
392555461825679361
392409463308550144
392408986126778368
392347131911999488
392337715351408640
392243404245319680
392041860048240641
391993540269465600
391948659195011072
391905562520084480
391870082327904256
391691220444909568
391645735994671104
391606078095376384
391604108018204672
391545061776715776
391350982128320512
391349258206445568
391348306254655488
391339281983090689
391339026742927360
391336586488459264
390860478328483840
390854018701873152
390847964937469952
390846970941960192
390846282086219777
390844984636624896
390840332197560320
390829687041044480
390789787528867840
390423338218049536
390405484030595072
390263905290694657
390218553556615168
390218371511226368
390217883113889792
389843557483175936
389842352158040064
389842196209229824
389808754725646336
389804766584250368
389804240505286656
389803862757875712
389803577113190400
389802870058409984
389798697082449920
389444142066962432
389148111597101056
389147977723281408
389146659566796800
388707535932235776
387974824045187072
387970597193412608
387966543167885313
387851853771194368
387850782873104384
387198555355488256
387194163738861569
386548072743845888
386519573308002305
386501610660044801
386285414845132800
386218588614303744
386213925911425024
386208126153674753
386134677481725953
385819316597182464
385535397528211456
385526686969626624
385524092788412417
385523799585595392
385523404721242112
385520425842667520
380716104290533379
380684994118574080
380640587398930433
380640309362704385
380466817866530817
380087988887093248
380041597179539456
380039306108080128
380038453137649664
379625534444937216
379340521413435392
379339755856478208
379323327233261568
379321565214556160
379320490755493888
379318794939678720
379312683918434304
379284775854297088
379269097969569792
379264567697620992
379251000801890304
379093556209532928
379090059250520064
379088411568521216
379084727015055360
379024296246382592
378993243003699200
378992601971437568
378987630488072192
378987135140765697
378986207448801280
378984707041423360
378984170925457408
378983858739224576
378982647931748352
378950348720717824
378931093837082624
378650291102433280
377949407955517440
377949299759267841
377892087603015680
377835561211273216
377833059803865090
377832585767833600
377346967522639872
377173225098051584
377170096348622848
377059380899766272
377043489453666304
377038093099888640
376677703883034624
376433959967551488
376405805953597441
375972215868510210
375970920155717632
375967427948843008
375647823649206272
374956116687327232
374932388301664257
374916256022802432
374908920889765888
374906041411981312
374905967411879937
374902422444847104
374902204668207104
374899745753280512
374899243565072385
374899020067401728
374898629426696192
374896161359814657
374892876850688001
374891830703173632
374824619657547776
374823726585352192
374820123086843904
374686833151459328
374684630785343488
374680177122369536
374678036592852993
374667027765415937
374662036480737280
374661923272273920
374657679668416513
374536312306429952
374505644734164994
374503918929063936
374460358636756993
374459222018097152
374458628830277633
373930822111199232
373924886575472641
373894825054990336
373892740255195136
373858724034531329
373831363331244032
373830326981648384
373826593816186881
373825206042636288
373824566595821568
373823650207522817
373820039633182721
373819681720643585
373818084894572544
373817157634629632
373802645628018689
373757589432963072
373589395204341760
373532778857381889
373524640246677504
373521695291609090
373058565381971969
373024395700097024
372872631139069952
372859899060813824
372858475438538752
372808926418309120
372794746537648129
372790496944328705
372788459405975552
372781210038059008
372779591762329600
372766841644384256
372762619049807872
372722166078246912
372715534325805057
372714831893102592
372713842628775936
372712552540536833
372712298239905792
372710892669906944
372688295311851520
372403900923379712
372397047850102786
372370273254662144
372366765130407936
372365333476016128
372365001933078528
371938922953076736
371703569532993536
371407400219066368
371395342974976000
371356064886697984
371335041411870720
371330624402903040
371296078148034560
371279959458738176
371278330802077698
371276064951001088
371271228620693504
371214227395977216
370924901386842112
370920271235919875
370914595054944256
370914358101958656
370909821291094016
370890214488559616
370616672865878016
370575830054760448
370569255265107969
370567132485939200
370564556981927937
370537825055166464
370487535098548224
370269544406736896
370185494950203393
370163266208550913
370158376853831680
370150612958056448
370146272964927488
370138776397299712
370137961167212545
370137417824481281
370134416510578688
370127083206234113
370126280076697600
370126237282205696
370119613238886400
370118760440426496
370117105791664129
369960830336389120
369954807437471744
369953802440298496
369930952106991616
369902378067062784
369902143341203456
369898876464947201
369870056923992064
369859291152261120
369848779530186752
369847153394335745
369805680191877121
369801031653154816
369555388988801024
369523753790615553
369522507830669312
369462574074449920
369462407132758018
369461994992050176
369460919610261504
369460681533165568
369419229797158913
369096417811238912
368876500004511747
368875093310459904
368874564853321728
368873007571152897
368871977970188290
368870772057444352
368866292003917826
368864727507550210
368863653216284672
368725282363936768
368724408023539713
368704389742993409
368509200550219776
368437059951677441
368424569956077569
368422983041175552
368422347738345473
368422045232549888
368342239090458624
368338399305801729
368335794244575232
368110391613603840
368109938502930432
368106907770179587
368090846169538560
368090752355557376
367977477538213888
367973096763822080
367971184287023106
367969482846650368
367719748810731520
367718422244634624
367685833312051201
367679803547066368
367021059486121984
367012964630413312
367008310479695875
366913655821967360
366626141831835650
366501122430607360
366237969868263424
366237315124826113
366222082918465538
366201625628524544
365971309605289984
365929254317342722
365924753187414016
365922004496429056
365854135268028416
365851353836298240
365822452745515011
365610360474046464
365459307950641153
365458243528556544
365457566941184001
365452815478431745
365443003210416130
365442820753997825
365429825541906433
365418318712156160
365167246122811393
365154025244602368
365149637075673088
365103384598028289
365083988634767360
364760957785878530
364750822384467968
364688083129597952
364684657373085699
364404082242367488
364403381034422272
364403011658850304
364402779873226753
364402571529568256
364401930954473473
364401919898300416
364400498465447937
364044203271004161
364043905290870785
364043100110331905
364040223308517376
364032627675643905
364031669549805570
363675891584348162
363674568814116864
363673784554766336
363673524302393344
363673048869634048
363427408335994883
363226972723232769
363020414437437442
362941351119167491
362547078980833280
362545745733230596
362544594900103170
362325927318929408
362325780690247680
362250842033766400
362249772830179328
362244749710725121
362239661080453124
362236131598794753
362194615094362112
362120572257320961
362115046869958658
361898560024870912
361868556431929345
361862804367618049
361805864228749313
361800727464644612
361795935233249283
361618086899613698
361461961432637441
361446576062861312
361446277516509185
361444501291671552
361442815533776896
361438348348358656
361245754054025217
361244802584551424
361118871526187008
361106249615552514
361099317618024448
361048191916965889
360905498041647105
360882764897206272
360882564472381440
360874357985263616
360836877948960768
360834313723445250
360824780854792192
360783905533603840
360728246221938688
360349846370131968
360348472915927040
360337960895389696
360336052923281408
360324717707669504
360324029548208131
360322312815378433
360321971977850881
360321342928723969
360321145976799232
360319137047785473
360318561069174787
360317605048889344
360317388840910849
360316472242880512
360315720871059456
360158498950098945
360158279634128896
360158039472484353
360155560785616897
360155363682693121
360154146525028353
360153919705456641
360153730886275073
360153370968850432
360121526357475328
360119340781154304
360086077295439872
360084067049410563
360083933406306304
360083500415721473
360078069186314243
360077136121430017
360028878741319681
360020259677286400
360019237131141121
360017805707452416
359956502049587200
359946895256326146
359000218840219649
358999910328176640
358964686139564033
358964642736906241
358964212866891776
358961029918633985
358631452889448448
358624882004721664
358623788851662849
358618144157335553
358611050842685440
358604507267080192
358586947301687296
358328901203787776
358325011741814785
358323583686152192
358318155283693568
358299361559588864
358296303349940224
358293982373101568
358293407514365954
358292732801843201
358291989906735105
358290837307797505
358290484726218753
358290273207459840
358289585052192769
358266493722570752
358265669235646465
358235216382398464
357909442764865538
357804202707267584
357800438743040000
357799778379243521
357799565757390848
357551394900815872
357499517307850756
357448811418886144
357448721350393856
357448446761893888
357440145328312320
357439950859419648
356903880031870976
356885527854710786
356870759970377730
356776280852660225
356754777578799104
356752354277720064
356137883419152384
355993397728788483
355779414153363458
355774029770141696
355772316908650497
355768293031813121
355768256994357248
355763147962974208
355762288248102912
355762110413807616
355761763033169921
355750936058138625
355750415628894209
355742080376651777
355675866661003264
355070664450904065
355042890734501888
355033972423671809
355032299697471489
355032038887276544
355025565188751362
355023941473013760
355021296167436289
355021111718711297
355020323965509632
355019349096022018
355018798727839745
355016043762167810
355015107912278016
355013989756964865
355013613221711873
355012441790365697
355011583321186304
355011223688982529
355010556962418688
355009039500972035
354894529410772992
354893263557246977
354888478795898881
354843970506993664
354679635793018880
354295214229295104
354288111162888194
354283659156652032
354278348786110465
354007555460182017
353866790989869058
353649861368885248
353224048647471104
353205607941156864
353164698994216961
353147559033831428
352561943376175104
352412797948264449
352167164289101825
352166986521903104
351824992691961857
351386070308487169
351027852323463169
350638612737568768
350597234150215683
350587278319558657
350008737647439872
350006069159931904
349964375689400320
349963499511885826
349962313371095041
349881488558403584
348917269369327616
348917062413979648
348916963097071616
348814045522055168
348809892095721472
348809177923215360
348808836611731456
348808324705300480
348805635766358016
348801373040701440
348796060614930433
348758493777506305
348758257277485057
348757985608212480
348751700837924864
348445961699328000
348445768157380608
348235815844995072
348232426016866304
348146514901749760
348091589589094400
348051176211750912
348027264568545280
348026541143371776
347760714083086336
347510183389450240
347506794828005376
347506384994177024
347487840491413505
347486706754256896
347468027316555776
347463587977113600
347345770468495360
347040648903413761
347038957663576065
347011592577236992
347007741845442560
347002442598199296
347001297716776963
347000229054279680
346998725488562176
346306906685575168
346305384027398145
346304642419941376
346303731358375936
346302887497986048
346300100311674881
346298369058160640
346051557651001344
346046354591735808
346001576273539072
345979862705635329
345977486309457920
344903874806706176
344867639006461953
344867491551510530
344865554697449473
344848976438247424
344840495702364160
344793187015065600
344524400055435264
344524325476511745
344512199080939520
344512003651559424
344508978400751616
344508840596877312
344507950255185920
343772986215632897
343698128098181121
343697710781706242
343697490199068673
343697187361939456
343696965361614848
343696685152739328
343696594669015040
343695678381363200
343655441261285376
343436666662445056
343431384481800192
343430602793578496
343428879232413696
343428471558660096
343427841498677249
343427590209560577
343171251726061568
343170969629765632
343168616625238016
343167441540624384
343165952508170241
343163644009381888
343163007645413378
343162418249216001
343161029267689472
343160386838732801
343159827700260864
343159330717188097
343158567450312704
343157763876200448
343154925561327618
343062683567939584
343060315405180928
343059170741846020
343050530223955968
343042253046026240
343042179528261633
342981441598140418
342657564070252545
342441692693135360
342427754828017664
342394290816831488
342361321519591425
342360265054093312
342316246248857601
342310292501454848
342305677680734208
342279244535197696
342278927273828352
342278378663067648
342276893027995651
342267680990035968
342259575916990465
342256972059537408
342253366342197248
341859171781734400
341856569077678080
341686939449176064
341677936245624832
341676240698216449
341674427924238336
341673082446028801
341669349255421952
341667816337989632
341667066320924674
341664667179036673
341660499437572096
341658187956629504
341645892530610176
341643429375258624
341640360029724672
341639737733439488
341638771286097921
341635163685548033
341630720982269952
341630287786147840
341627786907234304
341627026215694337
341625869455982592
341623029635354624
341566922447536128
341542049713098752
341538797533663232
341536277289635840
341278084978311168
340889038795993089
340752113300803585
340611498831384576
340432594241986560
340415292557643776
339815938914390016
339475679097802752
339473548336836608
339369872461004802
339369800700661760
339363871942905856
338623358906290176
338434926372343808
338321086305427456
338320971599589376
338320050232647680
338312554701008897
338311261685166081
338305956595265537
338261577897750528
337981077547278337
337963622808580097
337954301852921857
337942822982402051
337941038180212736
337939363247845376
337934159257419776
337856333434982400
337109710463447041
336926428954243072
336884721139204096
336872258146537472
336871994496782336
336865934046265344
336852707807752192
336852380618473474
336851473910603776
336847905690361857
336847604375764993
336847363492683777
336846186185101313
336846118975569922
336844048348377089
336842311730331650
336579938859749377
336518932498354176
336178033587261440
336168907335401473
336168457383067648
336075852276170753
336062458076753920
336049189031116800
335524822350188544
335524408166846464
335524069485195265
335523113389395968
335522620890042368
335513052130725888
335428992024846336
335402771631177728
335387285774286849
335044389762134016
335044210937958401
335044049360781313
335040713081380864
335039353074118656
335038243500335106
335035293835067392
335008139759976448
335007433686659073
335007144497803264
335005051380699137
335003748717957120
335000322877575168
334993306884907008
334815540109537280
334813646184132608
334812232187801600
334718563875172352
334702775793496065
334688083662487552
334687309020663808
334684078072803329
334675530857189376
334675452557922304
334675388267638786
334626012925157376
334625364829691904
334601219454685185
334451267793469440
334084479138271232
333875930693001216
333865634087714816
333865522116583424
333736218170892288
333733529387151360
333733223395901440
333731789044588545
333731383564439553
333727042879246336
333717939142406145
333703325340024833
333628255590551552
333611676001775616
333593929784115200
333593218476281856
333573997314846720
333573332337307649
333569763521478657
333523031349669889
332108815581454339
330818390388244481
330654163287543809
330650607478247425
330632629491752960
330347272317571072
329930242703630336
329274899145293824
329188109566767104
329010589437411329
328520609959120896
327487330527096832
327166742650552322
327063753134841857
327062654390767617
326985938007904257
326959889530355712
325987888439390208
325725439085649921
325618810033946624
325617766528851968
325617061743194113
325394222263971841
325393705760587776
325389597922164736
325353357936050177
325339642729730049
325339389456678912
325339117095358464
325233790068854784
324843751786827776
324843299951235072
324828691421077504
324822760406806528
324588950171836416
324587439568089088
324469055698382849
324278482811121664
324170599024979969
324169549475901441
324146799512268800
324146732587954178
324146327028109313
324120676413878273
324119344701399041
324119170209968128
324118478153994242
324116360030482432
323814875002449920
323536642809925632
323379060115918848
323349686763257856
323344841251618816
323343634181279744
323188925193662464
323161013463683072
323150889131053056
322826046225391616
322780987782209536
322780178805837824
322773864797069312
322716948259536896
322715624583348224
322710332667731968
322326634504019968
322325833417121793
322090121400840192
321723570298421248
321631639664988160
321629384240934912
321628308792037376
321602889267154944
321027125786312705
320855664777895937
320842679674101761
320820815337750528
320477586444677122
320237689922269184
320218232466337792
320200913094582272
320199108210089984
320193568583077888
320177354095857666
319820292929249283
319381146909700096
319380252331741184
319207163966918656
319136865917759489
318828714873987072
318825635193683969
318739402081849345
318655412494807040
318653295587622912
318411559510605825
318362839221956608
318357240958554112
318161172715167744
318151004262653952
318147603781001216
318144430680977408
318128252684210176
318125029906853888
318124044941664256
318121231465476097
318118740933877760
317931838586892288
317774460075769857
317689793851047936
317675894384783360
317657722621394945
317657531004633089
317656396315365376
317637400002179072
317393743168802817
316910547989827584
316907065467600897
316905132245778433
316903821009895424
316903216174477313
316900814943813633
316898349540331521
316893833831014402
316854600487538689
316791989356089344
316656940363177984
316559163511681026
316557520456007683
316544075186724866
316518347258863616
316518268829581312
316511097307947008
316509931593428992
316453231263903744
316253344274456578
316241302612242432
315825395721191424
315605407517265923
315602909448503296
315602701583020033
315602430022795264
315601237510852609
315598452220383234
315591063572213760
315588242604965889
315584389037838336
315534304270749696
315523300212232192
315514392508776448
315223042395631618
315220733829718016
315216455161487360
315202366783778816
315195755172335616
315195339638456320
315188170826321922
315165909092282368
315160424796545026
315155451530588161
315149351578112000
315143312359170048
315084622218289152
315079576994861057
315063959269019648
315051986116554752
314659662471495680
314437247871102976
314391423392821249
314377867322593280
314317122836758529
314309953525534720
314060426709196801
314056725403664384
314054336596570112
314046887504252929
314046421068308480
314045060763226112
314044789307895809
314044564799356928
314043507289518082
313711893699231744
313665861028306944
313652653299232769
313648914534387712
313627433645518848
313625648713318401
313625305984151553
313623834995601408
313621586823507970
313597347991023616
313545075235897345
313545010517774336
313439152647581698
313438711742361601
313432761862066177
313430471340068864
313428976301395969
313428023439421441
313414792989769730
313384935664799744
313373435738861568
313352557999292416
313343373324996608
313340981888053251
313340251114442752
313317579018076160
313306607255707650
313299950605828096
313054598116016128
313044563705094144
313043773150068737
313037477772423169
312991819745091585
312970095511101441
312939274976776192
312939210451603458
312938125183823873
312937409002221568
312936623648165889
312932463510945792
312919186986917889
312910819958587392
312705679611801600
312700310839783424
312685174615834624
312684932902297600
312683441038692352
312683316144910336
312682590157033472
312682221951664128
312681879885197314
312681100285710336
312680572411580417
312674529459728384
312667578046746625
312660730031788032
312653730795372545
312651730988965888
312651530656415744
312645899673292800
312644750874402817
312644304843710464
312630683480760321
312625163562807296
312624437738500096
312620144721551360
312618301991829504
312616167149826050
312613592472113153
312613036852654080
312612378770550784
312610616890236928
312608156415049729
312601253010087937
312601031659892737
312600539055661056
312510996629569536
311986790800183296
311983745190219777
311983412334440448
311983096729837568
311966632979333120
311963366090473473
311962364297768960
311922585451515904
311920644809969664
311919268327473153
311913482683576320
311896512286306304
311896317943234560
311896190918733825
311884321126498305
311857910248525825
311856806244786176
311525285352857600
311524317051645952
311510819097677825
311502620277755904
311139197379571712
311128663724797952
311119986326376448
311031587821199360
310772287269908480
310462008682217472
310307781095870464
310168310513811456
310153877045518336
310153810096050176
310151430990340097
310149864958869504
310122782086279168
310063287050055680
310062887232225282
310055427272503299
310046447594770432
310046123417022464
310045879958650880
310045626454908929
310044900756426753
310043096056475649
310040878242725888
310026829035622401
310022629023178754
309973782699839489
309645410526445569
309552054341357568
309418638992080896
309370509240451072
309283160489857024
309281975687057410
309212036464787456
309199563204476929
309037250195357697
309004823620108290
308979615534292993
308932289558102016
308931697272037376
308690583105437696
308684235038920704
308626355615043585
308625348537487362
308528112470224896
308341808235151360
308330069410074624
308329603271905280
308329542517391360
308329186152546304
308204398679572481
307905146929704962
307891543631597569
307890674966097920
307890070889828353
307835347717455872
307832779557699584
307831320183189504
307537496898678784
307480927498563584
307190360315146242
306895642469482497
306736617324953600
306545254729932800
306542944075276291
306542833265950720
306542135623163905
306541692318797824
306518908653936640
306403109855444992
306385890329116673
306317194613108736
306126855960928256
306077315169935361
306046710629691393
306017185363525632
306012859844939776
305708073249554432
305342924164591616
305196615726141440
305196395743297536
305007941046652928
305007095978287105
305006882978947072
305006112502079488
304979217802731520
304972581457514496
304610893189218304
304539000755089408
304455855041019904
304264922295070720
304005554630692866
304004851581460480
304004365562294272
303996894969987074
303948183447408640
303943696628469760
303942385862316032
303941694099968001
303939881351139330
303937123424288770
303932928457572352
303931689699250177
303870178041688064
303866872128999424
303862155512516608
303862054933127169
303848827117502464
303848652898697218
303823396930719745
303536861714997249
303205545840627713
303125619078737921
303100820638015488
303071950471823360
303037158577561600
302855583575445504
302506267635761153
302489828610670592
302489233057255424
302487480400220161
302470481834024960
302458362723958784
302446758687039490
302446180137328640
302434239855595520
302417850608529408
302369016595480577
302366569172971520
302362849634816001
302357989757698048
302145387748265984
302119361731256321
302107348112117760
302106311607336960
302103534080495616
302102602861133826
301816609406844929
301777850946691075
301745209224613889
301741072793616384
301711652808716289
301693092640219136
301594732977586176
301399245108441088
301392193925570560
301372941675945986
301074520561827840
301071612499853312
301035449831522304
301005942953213953
300963586501652480
300872292530008064
300695945073553408
300668155620126720
300632220945768449
300625850473275393
300625617332883457
300624436200079360
300623651361927171
300621953495101440
300617890753826816
300616840210706432
300612149569536000
300522152266977280
300521602372755458
300520394694201344
300518005140496384
300495422521212928
300340715278450688
300339513547448320
300337878045704192
300300989150420992
300275259435802625
300261206235705344
300257143817375744
300225803524915202
300016701339222016
300013553845432320
300007363929309184
299990781245140992
299985873334857729
299941330124169218
299918517782863872
299899949267685377
299843664522379264
299224828622290945
299177420186058752
299172233782378496
299167354401742848
299158337847689216
299154030855335936
299132151230787584
299126878638321664
299126462513033216
298883016476999680
298882818472280064
298881154310864897
298880217827663872
298879942622584832
298879436948914176
298878830582583296
298878272345870337
298874916156096514
298846074741866496
298823602944487425
298520670277623808
298518840147603457
298518791132966914
298512815310901248
298512616878383105
298510302142668800
298510183821365250
298509714021552130
298493998950137857
298185281352396800
298122641921933313
298092755463319553
297738683048669184
297703075873964032
297634633456160769
297435556307140608
297432635481939968
297431664546701312
297430958901182465
297428198424199168
297425514224828416
297423097059999745
297410598029897728
296983913916690434
296983406460420096
296982376754593792
296980180340195328
296971691412824065
296969276550705152
296968292059459584
296968126933897217
296924192958464000
296920121878904833
296917889078927361
296722141703962624
296655798875086849
296654826224373761
296654220151648256
296653541412573184
296651819076182016
296643682302582784
296603383597518848
296598542397616128
296575528339656704
296371848969584640
296370835164389376
296364084058783744
296360732134608897
296358053660479489
296353570117259264
296341867564503041
296319057874001920
296283525357903873
296283166753320960
295937523077742593
295900981240139777
295886890316484608
295882669273800707
295609001104789505
295572665551421440
295571741735002112
295563223506227200
295561650784837632
295561604429398020
295559842695897089
295559340549623808
295559056897216512
295558568810270721
295557826053562368
295557362780102656
295555075902955521
295554575564410882
295200151704834049
294865131144364032
294859681569058817
294837725301977088
294835442585587712
294787609266376704
294743800310530048
294735952830685185
294730764870881281
294702447744659456
294601221896028161
294593786263252993
294590354836029440
294589165075566593
294587190619557888
294532508660420608
294486197173100545
294484249204101120
294483244555059200
294469152872226816
294206863027879937
294202407573934080
294200237864660992
294198475179057152
294133183044284417
294128422920278017
294124275760263169
294122697871474688
294115410113093632
294101614313238528
294068354770169857
294063450861211650
294057653007708162
294057475777380353
294053497350017024
294011075236601856
293860647039545344
293857675035430912
293857324672614400
293856668515708928
293856083213156352
293855036537180160
293854810514530304
293853510171246593
293853042812522498
293848730904449024
293779673740091393
293760886487777281
293696310182305792
293685491361009664
293459642539995137
293397866087591937
293387563031470081
293385297264275457
293383087172251648
293381176146661376
293379768315953152
293377738444775426
293375817780707328
292957381506236416
292783942090768384
292783352556158976
292783153460940800
292782805983830016
292782764971929600
292782733019734016
292782725264465920
292781866212290560
292750516243533825
292750354330841088
292749343553900544
292747024795844608
292740358037721089
292736640890318848
292716524941225984
292643226018541568
292614905301966848
292605576079355904
292605420558749696
292559400017735680
292401139641622528
292401095844708352
292397510843068416
292374999958953985
292374747025641472
292352714145415168
292332947749613568
292330502478770176
292309184245018625
292298983496359936
292295209327423489
292295022957703168
292294954213052416
292294350451376128
292291312487657472
292243542431109120
292239445514657792
292236140512174081
292233788442943488
292232258495062016
292223408077422592
292223193677180928
292211105382670336
292206800806223872
292202813159792641
292041288356872194
292012399974813697
291984200725323778
291982988223344640
291979652438847488
291979075059322880
291978041243103232
291977546940166144
291976890045054976
291975363154825216
291974263374761984
291974224187359232
291973412727967744
291962770470084608
291953223625998336
291952246655172608
291951424567402498
291950845770231808
291944773902815233
291943315161616384
291929418153218051
291925419995828225
291923233391915008
291922818487181312
291881252963876865
291877885638225920
291648750697451520
291648137725112321
291617598309806082
291614643703644160
291323179106967552
291306382970454016
291306044632727552
291303741066473472
291298750612267008
291298348328185857
291298181260656641
291297457487351808
291250807733620737
291246877897273344
291246093029756928
291244926304395264
291244364376711168
291241681674706944
291239622518910976
291236323686236160
291236285287378944
291236251288342529
291235200862679040
291205190604972034
291169185021718531
291168759287259137
291168588323225601
291167566683049984
290888781630930944
290887450027511808
290886686894862336
290886429603676160
290885379412881408
290885199892467712
290883147812438016
290881933943111680
290618089152843776
290615826149691392
290612490902073344
290611392703258624
290598315911954432
290569807223484416
290569338707128320
290569177104801794
290567389567909888
290558991254306816
290441420572094464
290394090623873025
290159332136452097
290126887546671104
290118380390858753
290100587507376128
290099547609391105
290080381246529536
289901713358471168
289850516610088960
289831017781547008
289801932464353282
289799189251104768
289797886030540800
289724152934432768
289722654305439744
289690083211243520
289678621361180673
289432352998957056
289418647968022528
289080751125823488
289042542362779648
289001702131130370
288999589422440449
288753610249080832
288689973618671616
288661969425285121
288582725848428544
288405447654912001
288374472443060225
288333152257196033
288327301064695809
288321774364532736
287975102061092864
287972929956880386
287967341197815808
287934487067774977
287930186882772992
287924329218445314
287923139999068160
287921193783263232
287919879082889217
287577034195095553
287568730345570304
287565284150231040
287541221717581824
287539975166259200
287539504640823297
287538683022831616
287535784607748096
287530527655862272
287529731841196033
287528640948883456
287523591937990656
287222760164425728
287213522641903616
286959854139105280
286916304408035328
286915670954868736
286914561116889089
286903806673969152
286880944592412673
286861875570962432
286631554258722816
286629806076997632
286625221446877184
286623616274141186
286622302970466305
286620957559382016
286620144829071360
286618689309114368
286617632331952129
286617124707905536
286615839782887424
286614864233914368
286614299856760832
286613172809510913
286612795229868033
286579764699996160
286541047251750912
286500623954882560
286479275668946945
286142595741126657
286141753994657792
286140149920854017
286137969386074112
286135190089265153
286133548287680512
286128365180686338
286124583227113472
286121741208674304
286091635551510528
286090943042564096
286090667426471937
286090148851113985
286079182843305984
286065401497006080
286055311486365697
286053235872129024
286049731979915267
285887167039942656
285767982989316098
285750126356619265
285734733248335872
285730848551092224
285728065043193858
285727114634854403
285524711667015680
285524243356200960
285517447971368960
285514101466214400
285513625962180609
285511867491815424
285511777612083200
285510824926277632
285510710149128192
285509613539966977
285504473948880896
285477503580139520
285476540203024386
285474937483968512
285439723558813697
285438290566455296
285433844742643712
285430761400721408
285430300887101440
285428844377284609
285428199914086400
285426888929841153
285426074639282176
285424285940588544
285382578041659392
285381577993777153
285369161251704832
285367484121509888
285364844906033153
285363925992734720
285349971954376704
285331768704368640
285326495579246592
285300230382026752
285299223065395201
285131181459120128
285090524174626816
285085341550010368
285083554843615232
285083460308189184
285082356904243201
285081698859884544
285077270438219778
285073987787165697
285060769505243136
285059749525979136
285056928898482176
285023054571122689
285021579727998976
285016075664519168
285009963489832961
284993291009814528
284992974855753729
284992860502237184
284972923482144769
284969076609142784
284815559118438400
284813422191861761
284812617518837761
284812414724210688
284811299974692864
284810262006071296
284809246200176641
284808975659184128
284808516546469888
284807381110624256
284800209383473153
284758243945885696
284751952141754369
284749204767797248
284747781724307457
284742748286902272
284740433857359872
284738955176448000
284732957271416832
284728745514893314
284726770970791936
284725734784774144
284725503364059136
284724231562997762
284723991917260800
284722673123225600
284722065184010240
284721520436191232
284717143168278528
284714408012308482
284713503368040449
284712450975215617
284712289377062913
284710898118049793
284710230607134721
284709758974447616
284709389246558209
284709213765267456
284708481536237568
284702995910914051
284653577643896832
284637790707269634
284606403925114880
284308120367415297
284292012751081473
284288193543684097
283981367937728512
283668182152126464
283594568019091456
283586815104000000
283516430694100994
283516328957050880
283191193540624385
283170863430369280
283170565949374465
283168428490108928
283168218879766528
283152792204505088
283132247761100800
283022281700147201
282992670467584002
282992234968793088
282945171119820800
282942242107305984
282917117022588928
282850659462696960
282604709154545664
282491172503580673
282490520578691072
282445594507759616
282260255713423362
282246046183206913
282228633202987008
282223762080927747
282204450427375616
282195869221142529
282183778464583680
282182372965879808
282165767338852352
282151684753477632
282149412237627393
282148135634092032
282147178330324992
282146835143999488
282146611382083584
282146376308097024
282145821540114433
282142902182879232
282142490302238720
282140772055252994
282138422360027138
282088682918404096
282076386259259392
282072738728931328
282071815378051074
282067605534171136
282061568756289536
282058957604929536
282053390538776576
282049852626583553
282049807911100417
282048590405332992
282047733337034753
282047528462057472
282045981900558337
282042158985383936
281868504381157376
281836716229292033
281812286266568705
281800318147231747
281799193507553280
281796527301730306
281794480519118848
281793857891471361
281763641810898944
281762047799226368
281761834397229057
281519287670284289
281519260952567809
281518714594144256
281447705073549313
281446727070928897
281436066353917952
281433932887642113
281433791698989056
281429783949230080
281427010637660160
281424144061562883
281423021896523776
281373571270451200
281137424350969856
281136124997558273
281135979832692736
281087089049735168
280975383665442816
280773484513222657
280733910495801344
280733335582564352
280719025208696833
280717128250818561
280712096260435969
280711835357954048
280710545181659137
280704330808557568
280689389397479424
280686801490935810
280686169023459330
280679711800172545
280675041593663489
280433068295200768
280431648363917312
280424415940968449
280423923290624000
280423629378945024
280422343816384513
280418819246280704
280418715365933056
280417868741488643
280417248034816000
280347555248881664
280346036352978944
280344379892301825
280333045985320960
280287147980894209
280275894172540928
280274632928546816
280273032906436610
280033211973779456
280032609772396545
280017181369069569
279913676851539968
279026347068764162
279026249362460672
279023382656344064
278859661388689409
278855549448253441
278631358685925377
278625444759216130
278624479477915648
278614578982711296
278612883548549121
278611845995184128
278611340753526784
278604620337651712
278269338891476992
278251475744997377
278128967301599232
278118844613144576
278118549501906946
278075050354176000
278073362587201536
277914767648256000
277914192865005568
277914124007124992
277913888081711104
277913227097169920
277911676030947328
277900481572003841
277897163097395200
277895225593176065
277886842236465154
277886711898447873
277872352086331392
277863810755338242
277708330590404609
277676703617269760
277555109267898368
277444880379305987
277196571140050944
277187326273261569
277174967039303680
277163074824331264
277162004727341058
277062155721904128
277059332946931713
276999384103792640
276993379471089664
276986980817059840
276985543663960064
276984326514671616
276404549533708291
276368722183217152
275955787115950082
275895012368211969
275722820011560961
275721830394908674
275721637280755712
275715642626277376
275714881464987648
275657459304112128
275647275609497600
275625986194829312
275235441299582977
275162059937816576
274897844803076096
274864790789308416
274850532907167744
274842698391879681
274840021188612097
274836987054272513
274836247132917762
274805302099075072
274571295017021441
274570126991441920
274567410466557952
274567272444596224
274567039769792512
274562253389430784
274490524805758977
273917712760201216
273874886341038080
273841503187644416
273835324021563392
273835117317853184
273802386936586240
273738864571592704
273735506511142913
273730358732804097
273728471035944960
273518532954820608
273457095800668162
273456464893464579
273450056131149824
273142352418336768
273104131328188417
273080274034769922
273074184589029376
272668266449743872
272643876479696896
272502873630326784
272498508362301440
272497385446469635
272489303026827264
272486534152871936
272358602046599170
272353156481040384
272352221881069568
272351652776923136
272350540569120769
272350401632804864
272344559856533504
272330474054111232
272277404951642113
272263459478065153
272263373243166720
272262894610153472
272135382068514816
272134511142264833
272090008658259968
272088120546164736
272084301821124608
272083159888326658
272082569401597952
272081770806124544
272001355311357952
272000338159087617
271994124952039424
271933349382205440
271636823908954112
271636172139270145
271635298516103168
271631763233714176
271631550376968192
271629789780131840
271601894131126272
271591319456071680
271584625359462400
271578709352386560
271574597147713537
271548204699508736
271420248245288960
271417037065170944
271404154344312832
271397509648244736
271396136890273792
271394584901332992
271393620819574785
271393444231008256
271376201258516480
271376088146518016
271376029627584512
271375686449639424
271366227258118144
271365870209613825
271365273112702976
271365021265707008
271364107196829698
271363855886737408
271349710294495233
271339543087706112
271339094808854529
271338507988004864
271337256428658688
271252159956393984
271243396692205568
271236905742499841
271214593882337280
271213377752281088
271212991951802368
271205358620512256
271200344762114048
271199786206650368
271199208579690496
270972186607632384
270971979660685312
270971368101797888
270970238672195584
270968045944594433
270809870394073088
270534746407333888
270284516558532610
270183545312538624
269550468081004544
269465528706420736
269460198605856768
269030371180556288
268854486502612992
268837192892289024
268813298508648449
268811967651782657
268805829489217536
268743121800671232
268714195028152320
268710141451464704
268706523595800576
268685696754122752
268450733081382913
268445777892896768
268412023518400512
268388091843182592
268365531088818176
268364796813000704
268361109906526209
268354266077466624
268351267267567617
268351098409086976
268038549939576832
268033023025500160
268026961937444864
268018930600255488
267908708556734464
267725139867729920
267586151018291201
267324736755875840
267321142245736448
267320886221234177
267320242261340160
267319694694944768
267318555941408768
267268795201101824
267267747388481538
267263564564283392
267261508256423936
267261046958460928
266877575773683712
266877419078709248
266465935941054464
266464783535063040
266223037152624640
266220346187853824
266217711166709760
266217115151892480
266216857697132546
266211976152223746
266209519464488961
266207920658714625
266207740911833088
266207153994493953
266206878873288704
266205996685348864
266205178187890688
266204996968804354
265963384434999296
265957523188768771
265874589513568256
265854305314144257
265837870139457537
265813670041354240
265459400548970497
265458325385261056
264761891417624577
264740253213020161
264737875285901312
264679165230452736
264430269161959424
264425754543132673
264386269965062144
264321058486767616
264112906583543809
264081469482336256
263730342815485953
263727598583025665
263682804494249986
263682211268661248
263678768508452864
263659019045060608
263608463853248512
263607528833830914
263595347291545601
263576257504088065
263025654000398337
263019067085049856
263016246960873473
263009943806935040
263008268748722177
262953679865393153
262952509511966720
262927129484853248
262902128861917184
262892407719329792
262891581101715456
262891448561713154
262478114414809088
262474558613889025
262473030490550272
262217728797065216
262215028097298432
262214759737327617
262213264371503104
262192811573653504
262170314803384322
261902746792366080
261875500648124419
261761676330799106
261576782526951424
261551034323841024
261243127472463872
261239488032935937
261139843512418305
261120708556496896
261119781594333184
261113529715802112
261091717854425088
261042739460849664
261041582596296704
261041435871150080
261041345798488064
261041187471892481
261035840778694656
261032613865717760
261032508303491072
261030917869539328
261030263033831425
261030045164896257
261027943822815232
261027386332700672
261026116150624256
261025864576270336
261025571612528640
260835234025709568
260834621078507522
260812301878308864
260809819093614592
260723128899104769
260506491516227585
260495501131145217
260494249072680960
260449040825733121
260432203895406592
260427248493019136
260419693045751808
260418484033433601
260403301261123584
260396160559222784
260386987528314880
260386803964604416
260377223415070721
259929906803273729
259924841866604544
259757956730589184
259731069585215489
259706555673489409
259663310541160448
259581741646376960
259567476931710976
259408362255548418
259373984863375361
259373026548781057
259372845610696706
259369033504272385
259367609546461185
259365832579227648
259365042556903425
259364939884552192
259364881768267776
259351914020478977
259351399652007937
259350525580021760
259329152438636544
259267817889755137
259266436072095745
259263780016496640
259250424614375424
259246985360588800
259246807283036160
259246509164490752
259246406001389568
257238500989095936
257238411788836864
257237268429946881
257234663117037568
257234384472657920
257231930985181185
257217296630702081
257174330268594176
257166099399966722
257164721214586880
257153409017339904
257146968961335296
257137007619354624
257125044914884609
257121321782222848
256727136122048512
256468364531220480
256465736573259777
255630211507441664
255430382160322560
255428734977462272
255413304250494976
255413034288304129
255411786642235392
255377507442892800
255373728534384641
255363062163451904
255362966340378626
255361364737028096
255358245584109568
255293923839328258
255264792728719360
255263840982421504
255068072048721920
255067935104720898
255064445594771456
255061434990477313
255049610555449344
255045037203791872
255030827468083200
255030522886094849
255022666229088256
255017233238089728
255016916874313729
254973066327756803
254972680523096064
254972222727393281
254960177319641089
254933922507538432
254933828618031104
254577040790011904
254573549329739776
254572573533286400
254559399941656578
254534812168232960
254248393256341504
254221784876990464
254221395481997312
254221032565653505
254219507588026369
254219209469489152
254216981971095553
254216882884866048
254210155988807681
254193977740369920
254171439157100544
254168605258838016
254166762436829186
254163599575113729
254163569996881920
254155565696155648
254154717507252224
254153822891540480
253799743254327296
253541902610210816
253505826034184194
253505382171955200
253497379112775680
253471013399035904
253468732926590977
253458756262838272
253454555218575361
253454467368890368
253454213064060928
253452442728022017
253450462479659008
253450232011046912
253448744295624704
253447354571694080
253446993798627328
253443040893616129
253439995724046336
253428874329874432
253419704889270272
253416861826445312
253260317931495424
253253149077413888
253205714363883520
253201957047640064
253178102694428672
253138938867359744
253138878205157376
253138541486436352
252911446139215873
252909700226633728
252909595079606272
252909292074721280
252908068277469184
252907960894885888
252907733844631552
252900863394332672
252729155043594240
252721647780495360
252532495755644928
252491378976759808
252384853096550400
252384194272063488
252370696561369088
252201837896269824
252201307346173952
252200882169581568
252200519697825792
252200418980028416
252197487954239489
252189840928538625
252180935997530113
252175896553848832
252165835584573440
252163494076612608
252159999726460933
252158049094103040
252157939811483649
252153372185067520
252153145780752384
252152404894679040
252152272799289344
252151708992561154
252151501789736960
252149659357835265
252149290896601088
252148306959015936
252148217616154624
252148124930433026
252147873473519617
252147481087975424
252139117801005057
252138851215237120
252138269788209152
252137746708197376
252130813452361729
252128896160526337
252094560925282305
252054583302574080
252054482555396097
252053494696120321
252053332636610560
252053164147232770
252051614603558913
252046841565298688
252045880394383360
252036807347290113
252036620579131392
252036488882163712
252032673193816065
252032263754219520
252031870320140288
252027459124490241
252025521335050240
252015987610767360
252015191716405248
252011438883880960
251772262443806720
251772101499965440
251762667130327040
251762601825017856
251762433738276864
251757367513989121
251757005038051328
251756772354818048
251755267929288704
251755202015789056
251755102237519872
251743931769950208
251743765272858624
251743590131326977
251743541997494272
251743437282488320
251743357313904642
251741474792800256
251741208056057857
251739702082826240
251739362541330432
251739060018761729
251738053658439682
251736678136434688
251736176862584832
251733472215982082
251729514076438528
251728750314663937
251728644395905024
251727356874600448
251727144672190464
251727075273224193
251726713137016832
251707432508719105
251683429421293568
251682904449622016
251681533704953857
251677707413381120
251676920759058432
251674682590392320
251674585844568065
251674398606647297
251674335599792128
251673958041137152
251673429495934976
251666717133139968
251666565379014658
251666448714448896
251664161619206144
251662440767569920
251662228967813120
251662125091667968
251656852427915264
251656772497076224
251656250260078593
251655265919832065
251655215839854592
251655172948901888
251655103403151360
251655030753619968
251654967239270401
251654927741489154
251654887857848320
251653998128529409
251653934022803456
251653343364145152
251653266490920961
251653133623754752
251653015851921409
251652961242054656
251652908700024833
251652852571860992
251652764873134081
251652620018667521
251652542176571392
251652500732665857
251652434835935232
251652314908205056
251652264681406464
251652213842255872
251652101149704193
251652055972855809
251651989035962368
251651948456054784
251651868525199360
251651752506556417
251651588375060481
251651550274002945
251651432296636416
251640053074378752
251639205069983744
251638611076866048
251638559314944000
251638519049646081
251638337482395649
251638269555642368
251638175146078208
251637429725954048
251636944021360640
251636785233403904
251636729696624640
251636662105423872
251636616353947648
251636553418412032
251636458794921985
251635712665993216
251635649206169600
251635578045599744
251635349212782592
251633805952163840
251633770636136449
251633552108703744
251632642452238336
251632484633161728
251632235244056576
251632156756029440
251632030482313216
251631833287102465
251631814798618624
251631734075039744
251631566042828800
251631472207863808
251631414527807488
251631358500290560
251631273158770688
251631190044450816
251631047056445441
251630975140896768
251630924213661696
251630028352278530
251629545390755840
251629474817384449
251629297092157440
251629238363496448
251629159103750144
251629120067366913
251629036558766080
251628939099910144
251628883475054593
251628772342759424
251628556617125888
251628471539879936
251628364853551104
251628287116324865
251628211094552576
251628077996711936
251628014679519232
251627971306213376
251627910258122752
251627859699965952
251627814934167552
251627762215948288
251627721447329792
251627680204718081
251627627436204032
251627572037832704
251627508884185088
251627406304088064
251627241203699713
251627079110639616
251626671940186112
251624033962045440
251623902256709634
251622707077189632
251622454852734977
251621596010250241
251620685787586560
251406627499044864
251406512268926977
251406411857264640
251404571535101952
251402835600756737
251400009004761089
251398724008427520
251396545172348928
251386103590944768
251258939814068225
251098457400541184
251093623683297281
251093603869417472
251093146711244801
251091409514401792
251090379397554176
251089382243717120
251084364987920385
251079219667410945
251071205283618816
251070812457668608
251058818727944192
251057212099796992
251055940642689024
251054747098943490
251030618354364416
251030554902921217
250617100413046784
250579394400223232
250567206675562497
250526551433691136
250351250279890944
250331042429431809
250299318802710528
250292909558099968
250292858416922625
250292315904684032
250291935451963392
250291734267977729
250290175396175872
250287089441202178
250285242684960768
250285114486030336
250283339334959104
250282885423177728
250275084328136704
250249834337038337
250216044839444480
250198497175928832
250198412803334145
250193517123624960
250001549688991744
250001280376905728
249995173285748736
249995133322420224
249994940413771778
249993290932428801
249993043124551680
249991871219249152
249970985904771073
249961490482864128
249961432043626496
249957374641721344
249944629967994880
249943136548306944
249941730923782144
249893116205748226
249802550130376704
249617947675480064
249617446607151104
249533342544953344
249523748556918784
249523410378567680
249521006656507904
249515861134692352
249503741047365633
249503513753833472
249494264785027072
249492951259021312
249492112444375040
249490344331325441
249486003721605120
249485425905913856
249481912706535424
249479965723222016
249474816036462592
249468200813752320
249467289559248896
249466478485729280
249466266052616192
249461206572752896
249460129450315777
249456086992691200
249453610809823232
249453499753058304
249451964767825921
249448350640910336
249429059908558848
249422557940441088
249123572235243523
249119098263437312
249112883546427394
249106002794921984
249105732811767808
249105003925618691
249099326175977473
249095197244395520
249095107679232001
249093682920304640
249090164054425600
249089570040324096
249070148718325760
249070129516793857
249068684218339329
249067396650913792
249066966692790272
249066074568523777
249065514696065025
249063373747142657
248907593609797632
248907004159082496
248906831253082112
248905690104602625
248820076067827713
248818363470598144
248817403469897728
248816053990326272
248811177277259778
248810949438488576
248805021959999490
248804132864008192
248803323816333312
248802237852307457
248802058495483906
248801917881442304
248800357923295233
248773340414754817
248756454180388865
248081562929876993
247989229878120449
247806517242363904
247802477620109313
247799778350616576
247799194469953536
247798237933735936
247797213739249665
247797051939749888
247793144903639040
247792578316099586
247790277446742018
247786679958663168
247778006934888449
247777972734541824
247777925385031680
247776649746214912
247776338876973056
247773773158297600
247773297910091778
247770254946750465
247767962168221696
247767896397344768
247767428057161728
247766583898935296
247725997884067841
247447834360696832
247441033259020288
247440889184665601
247440675862347776
247440004039708672
247439947584401410
247439861785698305
247439687562715136
247438583504437250
247438383884951553
247432840273338368
247383146381860864
247372923847970816
247372622281728000
247369940166914048
247363647863676928
247358558805581824
247188535596167168
247184293456130049
247146833653153792
247140937078304769
247137938121580544
247134792385187840
247130471480303616
247127527204745216
247122710856073217
247121231348912128
247119965646372864
247118857402212352
247112683307020288
247109141057912833
247108556967534594
247104559082778624
247104380019552257
247104071398465536
247103966775750656
247103733073317888
247103241228267520
247102664893149185
247102449276571648
247102265146626048
247101780528340992
247100916875018240
247098906666733569
247098868913811456
246574459773923328
246569732340330496
246263664456388608
245997123856900096
245963741726928896
245960512951693312
245959411619725312
245958794809602048
245934875960557568
245934639603138560
245914406159007746
245913780926705664
245912430495019009
245911633837318146
245899120156475394
245896281787084800
245876665291522049
245829215595945987
245819110565482496
245815061128548352
245630055668121600
245626818676273152
245614211017887744
245608468923445248
245596634564681728
245596185295990784
245594302955274242
245593022941786112
245567932057411585
245566989123338240
245565796921782272
245555313527382016
245546424782168064
245540510490574848
245529923345850369
245527423230300160
245484837899739137
245456951612416001
245327068659863552
245302387571576833
245301615844810752
245300902150418433
245282054605004801
245276421193351168
245276188866662402
245217979539795968
245202531100278786
245185084863442945
244780440181944320
244768098379505664
244766234204332032
244762530273181696
244531823839948801
244516083170697216
244480421491003393
244412168378925056
244216712357085184
244209337906655232
244205144164683776
244202528324071424
244200433688657923
244199650033291264
244195274975768576
244192306478063617
244192239394361345
244191950411030529
244191871021236225
244191711025311745
244191216642695168
244189404183269377
244188964003651584
244187358772207616
244182085793878017
244176880805232640
244176511895220225
244174986443644929
244174118377897984
244173623919792128
244172079598022657
244170605778321408
244170077287616514
244169180537032704
244166994474184704
244069060009132032
243843839675219968
243840584664641536
243837469404049409
243833044111351808
243832682650402816
243828912960962560
243786176270581760
243654020072353792
243361605985906689
243359518883454978
243320399939649536
243319028653907968
243316721681854465
243316229094383616
243313636179836928
243087442566070272
243087275699879936
243014917370830848
243013404091105284
243000377191043072
242994717921517568
242985435083714562
242982299497545732
242978897929568256
242963515294498817
242960721040781312
242960447937056768
242959843193942016
242957180578443264
242955841412677632
242920442715856896
242774769559302145
242774731621814272
242774631864492032
242774496438792193
242774348874784768
242774223335063552
242774183099133954
242773663965925376
242768959340949506
242721897035489280
242679465266802688
242679096063168512
242671729422499840
242618056696819712
242404137961152513
242398199678128128
242397162670010368
242395675629854721
242395309462929408
242394933628137472
242393967197556736
242393731330883585
242392887516622848
242391181236006913
242382888446873600
242334925372678144
242334820544425986
242334718517989377
241894451952373760
241894363045691393
241892923250204672
241887579094523904
241887207701479425
241885294209687552
241883804170608640
241883680249872385
241883568857559040
241860289203666944
241857633299095552
241855129270247424
241806772065681408
241806674137083905
241805533533847552
241802072528416768
241710295205154816
241708933549535232
241705613841801216
241694138859397121
241690781310652416
241684006775713794
241676056032059393
241656351879741442
241655421205635072
241651286204874752
241634974137204736
241634538332229632
241634481528786946
241627282786107392
241626637651804160
241623286218371072
241620997743190019
241620607253495808
241609106400636929
241571818723504128
241568729807339522
241537444166639617
241536459125952512
241536101511217152
241267004995158018
241266919842402306
241266542153703424
241255481933434880
241155469454999552
241139052131278848
240923935053582336
240914060282044416
240910721452478465
240892046532042752
240869317594451968
240755216180469760
240431078819631104
240429821941936128
240221660593152001
240188646777569280
239437609741475840
239434223457533953
239413485426069504
239375117468176385
239371792328830976
239349800334680064
239349653324308481
239129940291907584
239120676185853952
239119125224505344
239118637141729280
239117850902675456
239009657497198592
239003902144561152
238928499900047360
238928156000653313
238923777608654848
238746191473565696
238654789955776515
238652678962556928
238651773773025281
238622184149512192
238554724557783040
238550289370718208
238406937916604417
238404660094984192
238397908171489280
238396384712196096
238375253976440832
238367450490630145
238306196656906240
238291122470932480
238290736628510720
238290712800665600
238273700955316224
238273318946488323
238240133990727680
238039930935324672
238028250532675585
238027769097891841
238015068036554752
237988241104584704
237980744880902144
237936357543129088
237936325435748352
237934522606419968
237929423251333120
237926223962075136
237918159921897472
237917140806676481
237915413135110144
237906979736133632
237888854055596032
237888230001897472
237887699472756736
237885624898711552
237871271252197378
237858291059920896
237837960953876480
237685805555007489
237683657672908800
237683320304054272
237681548797808641
237677152714252289
237676970262024192
237676282345820160
237675267575926786
237675062797426688
237674296003145728
237674210556788738
237674137445875714
237673984945184768
237653997270495232
237641581543448576
237635673870458880
237606688704847872
237606627409268736
237581018947780609
237569685472833536
237567224674660352
237566529150021633
237561626725855232
237558190454231041
237557356530118656
237554753989656577
237531308060979200
237527039303897090
237525795197825024
237524016221540352
237523715900993537
237523571851812864
237523196084105216
237523111820541952
237522955893104640
237522351636500480
237521065998422016
237520909454409728
237497579699589120
237466795324346368
237466630823759873
237338559038767105
237332978596999168
237332318006693889
237329757270863872
237329405515534337
237328653703344128
237327363459923968
237327133653995520
237324296584835075
237324226296700928
237323668378746880
237323399762935808
237322622373863424
237321256414887936
237321097433997312
237234996258160640
237227359252664320
237227044986028033
237225021397925888
237223572412706818
237223431517642752
237203415049043971
237185204962336769
237179106268160001
237173329218375680
237164676654456833
237163556729135104
237162677879844864
237162403261988864
237161850012307456
237160540227633152
237148979824058368
237148141659504640
237147644064051201
237147425939283969
237146998187376640
237144689575346176
236944443570282500
236854253447151616
