398160995535044608
398136197320830977
398095813676908544
398090584118001664
398090114137468929
398013460757643264
397806123568619520
397804755738963968
397804652789760000
397796767284355072
397794410135433216
397780440834383872
397780046439784448
397779999086084096
397779597858983938
397767817275400192
397763443731595264
397763225556877312
397737382021459969
397728683588583424
397649316816625664
397540121006055424
397432380530909184
397373048820871168
397314180128452608
397313786589483008
397293969740414976
397293137942839296
397223240143482880
397222812521594880
397222558980112384
396766348845780993
396727884033064960
396363819104366592
396363777031286784
396306364945145856
396300439865794561
396293187884838912
396289515687772161
396289348184059904
396288571843575808
396281343036104704
396241916641439744
396239724773670912
396076630944534529
396075983272693760
396075302210002944
396056207183458304
396004644675387392
396004009062191104
395954048844984320
395953940254457856
395951772659113984
395946863893176320
395937754640838656
395937061838286848
395936821131358208
395907768873668608
395859375203823616
395857373262516225
395245743508045825
394917321296596992
394895492163047424
394593625914761216
394497157216346112
394358863136579584
394144009750593536
394142883236052992
394142080970534912
394139309227655168
394010836702093312
394010085447696384
394009826826932224
394009426170232832
394008730997911552
394008191434231808
394007700298031104
394007179822632961
394006614711496704
394005411839639552
394004883965476865
394004546022047744
394004008966582272
394000059647655936
393881283224674304
393879155252555776
393878353310416896
393877415870889984
393876830148886528
393876745507860480
393876481031831552
393875176737505280
393875021405622273
393874522207965184
393874504797396992
393873870165659648
393873507408699395
393872794544799744
393872637698789376
393871934678917120
393871385761939456
393871153460420608
393870908433375233
393870405687328768
393870171414478849
393868961752031232
393868618284675072
393868313128075264
393866708920057857
393800690419900416
393787404219203585
393774659176779776
393771528632143872
393770718007398400
393770407771504640
393645961308041216
393378802833035264
393378353597927425
393374941405777920
393374713155944448
393374520578699265
393374212876169216
393374033422852097
393373575459373056
393343203942080513
393337245794852864
393336763936440320
393330666341142528
393330306805403648
393330081357398016
393323576033828864
393323323868069888
393321155354198016
393319780222246912
393170913291939840
393170440996532224
393145353585061888
393145190766358529
393086583064494080
393083578298679297
393083201100734464
393081961910386688
393071776160555008
393071566848012288
393071472824320000
393036650365718528
393006512895188992
393005358341697536
392954272222302208
392948026106339328
392685879418183682
392679788475076609
392448600648990720
392448381681143808
392409984988119040
392401232406794240
392398039086014464
392349715763068928
392348714213601280
392339409590583296
392338908870365184
392338391960141824
392309728791248896
392292184227328000
392287353781616641
392286503256457216
392285964099653632
392246297669169152
392074857086992384
391924282265440256
391920373132169216
391693539517956096
391693291961729024
391618198187286528
391607156983992320
391603999528742912
391602602531909632
391601892302008320
391325317878800384
391320663958781952
390893094658650113
390892319702265856
390549611863363584
390537879715577857
390536385842905088
390450238005460992
390445992123711488
390150287044145152
389977868933292032
389792499365343232
389763492947185664
389000308896329728
388695568958369793
388688787175653376
388687871810764800
388687104022437888
388686669995835392
388686479909982208
388686270840725504
388657314208944128
388656765094875136
388637187098808320
388615819363885056
388345735940689920
388344796513071104
388297912234831872
388005800066969600
388000585720803328
388000454653005824
387989649714855936
387959959562227712
387959864557043712
387959260380147713
387937432832049152
387935897892950016
387723465031421952
387723004777885696
387374966234427392
386918573324517376
386913833140629504
386913553753858048
386909633505673216
386904791487492097
386904277618524160
386904254575038464
386631912724639744
386624620318953472
386616340708356096
386615436764524544
386613503588827136
386611554755829761
386610639911022592
386585834314825728
386571896680382465
386571312287993856
386530144242135040
385908596665765888
385429904168615936
385100697135767552
385099768911134720
384303686815850496
384299743293083648
384070033720479747
384008483613335553
384006966206402560
383772725149315073
383737966373240833
383599997771456512
383455687390420992
383356255797927937
383353578166816768
383315832891142144
383314003767721984
383306412647927808
383251778755493889
383251689349718018
383239203418427392
383063587465347072
383016621591502849
382290400666320896
382146723717844992
381907118095622144
381829777168302080
381828511461556224
381746960996511744
381746697871056896
381460048893190144
381111779126181889
381109892201074689
380900592132325376
380778544600977408
380500076667600896
380499750862454784
380499149612777473
380458760101437440
380414082647875584
380412737740103680
380402490052997120
380402210867142656
380253100583702528
379750697656672256
379673470319493120
379672612416528384
379651760996233216
379611326831935488
379608852733636608
379589700564303872
379589499623596032
379073793693859841
378857432409464832
378853594864549889
378853512727527426
378828160919678976
378730923791228928
378636491041546240
378634328240291841
378633857601642496
378621569196912640
378619557805821952
378619096218480641
378611141532200960
378610717005713408
378610234518155264
378610143908610048
378610013407035392
378609873325686784
378602982457495552
378367055160156160
378302451348434944
378299920916434945
378279708183388160
378273411401003008
378263593915273216
378178020361506816
378157251233464321
377996708531015680
377996531002920960
377974694848118785
377934174965219328
377918280184655873
377916448242688000
377916033077899264
377915963901218819
377915427198095360
377584986641027072
377548672579276800
377548535816028160
377547741884207104
377518275359289345
377517593491673088
377505504781938688
377264351943860224
377230801663832064
376830854611226625
376820734460309504
376447073190563840
376411687093428224
376407395854868480
376337128000479234
376335877519048704
376334239731429377
376328889565327361
376217262614528000
376170283616325632
376156094311059458
376145850063269888
376145518864244736
375934389525286912
375934172097150976
375933769532063744
375932464428232704
375930505939918848
375930015021821952
375929647684665344
375926730672066560
375926379998871552
375925869795377152
375923173998747649
375922544408535040
375921779388477440
375920956403101696
375920545562648576
375920539061465088
375916954701557760
375916593228038144
375916377045221376
375910410810961920
375882362502262784
375882009471893504
375872398094249984
375537316938665985
375321290665885696
375313626783289344
375312978213490689
375273350651998208
375272078209208320
375271618224070656
375269281858330625
375266832606711808
374540970668613632
374522964446035968
374322458188214272
374321003813294080
374320826834628608
374316346445533184
374316153868267520
374315177291681795
374314234730905601
374226858532814848
374225230467579904
374224893983723520
374224763557666816
374224322123931648
374224069819768832
374223906065772544
374223735227568131
374223555644252160
374223326668783616
374221789527691265
374180130643398656
374179586524712963
374178099698491392
374169988858257409
374169457494482944
373989140104114176
373908269552525312
373883253519704066
373869461012357120
373869030282510336
373853955941347328
373852523573952512
373851150346244096
373848779725606912
373848429698363392
373843741850628096
373686159097872384
373684807567306753
373684426653179904
373684225859280896
373683351506276353
373637131417026560
373590344077553665
373586531543314432
373554687980478464
373554285285351424
373553430934986752
373535722512195585
373534868497383424
373530014483894272
373502547274633216
373496899073892353
373312507504369664
373269646033440768
373266860025712640
373218906023813121
373217053194203136
373206999183265793
373178704748236801
373176853042708481
372836339076448256
372833717418328064
372832469398994944
372112137822281728
372058364437872640
372041792604344320
371856865589592065
371855760738631680
371855100630687745
371456000714240000
371133769606242304
370997375940460544
370754371489120256
370747478758658048
370541554760695808
370397644419784704
370395753128398848
370395096442626048
370394373810573312
370293013073125376
370054943970824192
370050828893036545
370050502383267840
369982649634287618
369852979894947840
369852460984070144
369851864881180672
369840119190011904
369544078121115648
369533772208685056
369289146679844865
369190780314722305
369080632623644672
369080363911352321
368766676247904256
368512360790515712
367960544525172736
367713183626452992
367691555827900417
367646493618233344
366336366830813184
366336143941320705
365819236863574017
365725236160761856
364924064428593152
364826869708750848
364315302105841664
363798499256987648
362920837910777857
362734545428570112
362683047184834561
362535813583605760
362067840947326976
362067215266217985
362061823756877825
362023887657111553
361326355658448898
361325343606444034
361324465734418432
360865653214818306
360315503010512897
360140004615409665
360138236804345856
360137690122948609
360137396970463235
359794446298128384
359793529893040128
359578389868331009
359539435282497537
359139782963634177
359137919967047680
359077129150930946
358680653291724800
358680363796668416
358679887344713729
358669243350384641
358668979432206337
358668845927497728
358663932552028160
358661748531798017
358656619996913664
358653537850359808
358652333896376320
358649355017797632
358288207802138626
357583820410716160
357583721693577216
357517234232508416
357510231732924416
357506329121783808
357505640987521024
357394693983707136
357299393327677440
357288560405131266
357285256484757504
357284794545094657
357284452034035713
357284348946415616
357008296592412673
356825024239370240
356764376344170497
356596260687446017
356589953918058496
356532364794535938
356117308051177473
356075021866762240
355773684222402564
355083960591728642
355021285618745344
355020895875629057
354686540301074432
354674897445855232
354674638653095936
354501441412546560
354417342408687616
354416834700775424
354387310353203201
354387023513133057
354373082330304513
354366275377569793
354317845351497728
354177279053664257
353217654875635712
352834364226281473
352834184991084544
352825947529019392
352825736505204740
352823425800224768
352822988569198592
352822619638214656
352810463937044481
352615320202145792
351786208617185280
351475589552680960
351393447455891459
351358364757929984
351356505720754177
351018762079715328
351018472874049536
350716490779082754
350706471887048704
350704612006838272
350690370746724354
350675668910096384
350409821180280834
350348592365580290
349905873495269377
349905628740849664
349900761594998785
349900483525218304
349900151424430082
349899879356710913
349899250160762881
349538384621993984
349504114188759041
349503859107954689
349450460190621698
349450074721501184
349323696688742400
349320954310176769
349210243516993537
349184460949946369
349162986394497024
349118337789329408
349089545867890688
349089506252697600
349081045641084928
349068124454256640
349062306971398145
349052939177959424
348894172381601792
348847462859030529
348805734982619136
348804528130359298
348797294419779584
348797066899767297
348790874672594945
348790316305879041
348789183038500866
348788210241007616
348237071086923777
348231028655128576
348230333126279168
348229853948026881
348191023748485122
348133702976548864
348133207444701185
348130535454945280
347985902657748995
347985876271382528
347985844176556032
347985816976498688
347985789671575553
347985217404956672
347984213787684864
347983866952302592
347982857949573120
347982040362270720
347981618956353536
347899205022515203
347830843387031553
347830782104064000
347828833036152835
347828247360319488
347761446345654274
347391897851002880
346959287672795136
346915971660922880
345530901796646912
345319550532845568
345307212211712000
345304502334791680
345269148621893632
345253929518518272
345252450028118016
345251904638570496
345196228172189696
345195842946351106
345195664516468736
345195385872064512
345195105382191104
345194360826105858
345194135591997440
345193514289754112
345193330059137026
345193155668353025
345192896959504384
345192478825140224
345192211882860545
345191573073571840
345190209102688256
345188386627264513
345042724925362176
345034872349405184
345033333689966592
345033139011342336
345032807166402560
345032518845734912
345030853560250368
345030772467568640
345030146299940864
345029969715531777
345029578928050178
345026979067736064
344967175922130946
344966709062549504
344922775443611650
344905612938846208
344892553734262786
344892372326416384
344891964807852033
344830730414747651
344812336130969602
344812235945803777
344806925168418816
344802179795783680
344799959805202432
344610073227714560
344601952237256704
344601654559117312
344599271481409536
344598070501199873
344597099561754624
344593462693355521
344544444713934848
344541244057329664
344533618896539649
344533107870924800
344528368739418112
344522534672293888
344521939936739329
344521758059139072
344521491188154370
344520810804965376
344519803505102848
344519062367395840
344518918230114305
344518831684845570
344518633323634690
344518534707150848
344518111258607616
344517759847239680
344517555626577921
344517232090558465
344515608844570624
344505681937838081
344505410876735488
344505303582253056
344505020571594753
344504736717889537
344504573542662144
344503997161406464
344503879167262721
344503727518015488
344503397241716736
344503188310863874
344501961976053760
344500674404425728
344499973670449152
344499816052699137
344449574984876032
344437754630901761
344431187122601984
344424820093624321
344424617164820480
344423246680186880
344397899649662976
344313698321580032
344287961409527808
344283709077336065
344283461974122496
344276636054720513
344272632113410048
344271822646304768
344249486702419968
344248994471501825
344248834823704577
344246817703219200
344202929919623168
344202705767649280
343917631100829696
343877151826788353
343877029361487872
343876687676706818
343875751973621760
343818961609183233
343809456229986304
343809215359483908
343809139148992512
343809073801732096
343808681432993794
343804249710399490
343609502240763904
343535484007489536
343467282061721600
343466305518706688
343380743793303552
343280042228469762
343279369998987264
343279203933904896
343274823142739968
343274592497967105
343274360813015040
343271851927166976
343271463085809665
343266444563320832
343266172474650624
343167782537535488
343167515255517184
343157653821853696
343157213822603264
343155896119087104
343152782083227649
343108068948717569
343022672625684481
343019909053288449
343016725798875136
342906321080840192
342905813767159808
342905675896197122
342904267197251584
342904051891048448
342840472206733312
342840226500186113
342839616396738560
342839302885081089
342833570953437185
342833379571531777
342825977363185665
342825273164701697
342760277575598081
342727962413629441
342711017337389056
342664925950402562
342657894950502401
342657692751511552
342657271131680768
342655765334601728
342654876754526208
342651906864316418
342551549790281728
342551381510586368
342551362690756608
342550790638010368
342550173441998848
342550041514369024
342549249143218176
342544844931100673
342544648625074176
342544144054484992
342528532754345986
342461190850621440
342460510010216449
342429800662724608
342395850821074944
342395241132859392
342394282822496257
342393997207166977
342393912951980033
342389896058662913
342389412182769664
342389175754035200
342382060763226112
342341878756290561
342341765879189504
342340431612350464
342339101757947904
342338722924220416
342338432032452608
342338307998494720
342331315724640256
342328817429385216
342328420908269568
342328361093312512
342166659018141696
342166267991564288
342164691042308097
342097462057644033
342074211696783360
342061529564340224
342061151569444864
342007524268060672
341784616023257088
341765223545450496
341749114704379905
341721460211056641
341720540995780608
341688718236729345
341688545603379201
341684588227215360
341683666306600960
341683260948107264
341682574277615617
341676712603570178
341660405271248897
341660180313935872
341658017374273537
341657922276823040
341576514309062656
341467465362063360
341464420242825216
341463482287419392
341462505916338179
341461752095076352
341455282506973184
341349033975103488
341348954312671234
341334924093169664
341334679758192640
341333977723961344
341332243437977600
341331093254987776
341326433664245762
341326373027192835
341244782208770048
341233128712568832
341203802445189122
341051419710865409
341038209096097792
341037955583967232
340942722682716160
340853487057387520
340655897942556673
340623962579017730
340619995312705536
340605928208494593
340602905704927232
340602702860009472
340602438815973378
340595545708064769
340585421492850688
340585079409623040
340575982157180928
340575696722219008
340573988768075777
340566822006947842
340565942859857920
340565688789913600
340564518738472960
340562739288215555
340562576352092161
340561524710047744
340560039959990273
340526324621901825
340526071072051200
340525892562481152
340525578643984385
340524426472865792
340508982538039297
340508651645202433
340508136857284609
340507848482111488
340506284728139777
340506149331795971
340377219941683200
340376842676617216
340374634551721984
340374100792979456
340372038218809344
340370830083117057
340241103204806656
340240949823283200
340240455797202944
340240165492625409
340239727410176001
340239514645716992
340239334609416193
340238868706123778
340236751761190912
340226581345755136
340226366974853121
339894500845580288
339533159395889153
339490583070527488
339411512630341633
339019033733115904
338557999780085761
338426579174690816
338329170268520448
338325157032640516
338252896435056640
338010657049935872
337998856610516993
337924337707388928
337923870541635588
337923834382536704
337923471575228418
337723538939195392
337688824274640896
337688569785249792
337682680579780608
337605901374590976
337599965746585600
337599708044345344
337599072250757120
337598834790264834
337597475571507202
337595955467657216
337548965350367233
337545557046341632
337158912161755136
337157778885984256
337157720710995970
337157485423116288
337157214752083968
337156872010338304
337156538177310720
337155232603713536
337154890101047297
337153948848902144
337153305778221056
337153009047969795
337152878307311617
337152027543093248
337151761850707968
337151572867964928
337143474535137281
337142380077674496
337141107769094144
337140318367514624
337139535458729984
337139363492290561
337138968883761152
337138744572379136
337138516268044288
337138057960628225
337127109774422016
337123450583920640
337123194278383616
337122705415471104
337000995966025728
336894386199740416
336855815266902016
336847500055023616
336847030133600256
336846818258329600
336846686330691584
336846474136670208
336846332063002624
336845641890275329
336845337312522240
336844991592812544
336843824091508736
336843541655478272
336843266320371712
336842951932121088
336842605755236352
336841622463578114
336835020146741249
336618597721972736
336097582608707584
335868619131068419
335868406198829056
335754574646353922
335714940583284738
335502067798011904
335490261452992515
335489978807234560
335489878638858241
335489711365836801
335489503445803008
335489106945638401
335485988413526016
335474176703987713
335448414521278464
335307149599195138
335180912667013122
335177263605760000
334744529217396739
334696380721401856
334508878962241536
334507424583122944
334345474360360961
334339157629480961
334337901292838913
334203183591215104
334202657046667265
334198403993055233
334059206296616961
334033271564431361
334033118669467648
334032353045389312
334031936999796737
334031685526114305
334031490843287552
334031355669254145
334030978416779264
334030870895800321
334030524572127232
334030209261137920
334030136804528128
334028072410025984
334027869334405120
334027557181718528
333979028270747648
333820280080330753
333731495317475329
333681858845999105
333672129000255489
333671884631728128
333671364668030976
332907772956004352
332907634204241920
332905481226047490
332287997384994816
332160223840182272
332158117850783745
332031186622881792
332026229882511360
332024240880619520
332023894041042945
331951419374583808
331927988776087552
331539642178473984
331538370843013121
331526681405833217
331525152057724928
331524401642217473
331524203947896835
331524045982011392
331504153190875137
331502388416491520
331275496463667200
331274339355865088
331273794842943488
331266973201756160
331256408764977152
331148257688449025
331116496493371392
331114164372258816
331113550657495042
331112908668956672
331103686099095552
331102109338595328
331090005747445760
331082465038974976
331082377705164800
331081770999103488
331081601289183232
331081454777937920
331081330068684800
331081180516593665
331081052296736769
331080350283489280
330878674863783936
330876936165396480
330875273413267456
330875101694271488
330858936859234305
330858705895690242
330858362633850880
330858065995898881
330858016024952832
330857766166069248
330822021204303874
330761946079059970
330757776101998592
330753675238711296
330752684367945728
330721054240677889
330570430886846464
330569151494103040
330510147971592192
330507677098717185
330480193246466048
330215105667153920
330214328210960385
330155420322783234
330151624699940864
329846395353845760
329840102488563712
329836671883419648
329486257191268352
329456717207314432
329437590795214848
329437471945400322
329424085039857664
329102733003091968
329084938672562176
329083975710691328
329007393721704448
328999983569321986
328980837813063680
328980642824060929
328980542508916736
328980169765298176
328979591869906944
328978808197758976
328978602479738880
328966459227246592
328959148337287169
328958696203886592
328958369312419840
328957951857541120
328957727055437824
328954278058274816
328923844809199618
328923638906638336
328922411401617408
328276208678752257
328275644620345345
328274669843136513
328267172017233920
328267071983058944
328261176767168514
328260852669095938
328203528147447808
328172667255525379
328170603360157696
328076071750733824
328075062404071424
327944354914254848
327943987950387201
327894096234557440
327885674864848897
327883691726606337
327846877204733953
327708055179522049
327671722964819968
327662451543908353
327648649045753857
327648382086684672
327618583611965440
327617524017537025
327614173502644224
327575821646700544
327550373680271361
327549898918592513
327511044123680770
327255730518360064
326836720626700288
326706636251078656
326359932582629376
325356586728038400
325125648257531904
325082060572221441
325076580714041345
325066447812456450
325066233055690754
325037205762490368
325027778930028544
325027586788978689
325022335910440960
325019930057637888
324991549412884480
324752504623603712
324747878818013184
324747461400870912
324686575218851840
324558450925395970
324346697423654912
324343647380332545
324333427836997633
324301706022248449
324236546804944896
324236155254104064
323834727054327808
323223911821086721
323223564943781888
323223128404791296
323207098433409024
322950067768143872
322938217320022016
322929801105121281
322863498008866816
322615644145197057
322584984860905472
322580711573966848
322573441750401024
322572898348969984
322571331696742400
322543879071084544
322532109564641280
322469868874133504
322123479157710848
321808410469363712
321775138825703424
321693211041071104
321411998413893632
321342766615523329
321099122335690752
321098528799748096
320810419860168705
320808813538197506
320740062067314689
320706750879760385
320706325527023616
320641257133203456
320640470617305088
320640221517598720
320640096141451264
320616014201102336
320602554184646657
320600213733642241
320576475675897857
320323490941132801
320279047672315904
320278493676072961
320276862498660352
320276317583069184
320274769222172672
320274353449230337
320274028159959040
320273837369479168
320273611858530304
320272972864688130
320107493558714368
320105647502925824
320064271914508288
320063845328625665
320063505938124800
320063428326748160
320063269593292800
320062238394302464
320062001634234368
320061745366437888
320052219170942976
320039087773990916
320004195765866497
319969472314220546
319969308535050240
319969092050227202
319968993664438272
319968742324965377
319968623559073792
319963583490453507
319960457014292481
319719509650980865
319689283218862080
319684308803649536
319683199267643392
319647013056679940
319643812068749313
319321553680609281
319318079060455424
319258364922171392
319258041805590528
319257837987577856
319151349931589632
319150676443811840
319150015446675456
319145336146907136
319144673895661568
318538723270742016
318504564443738113
318499786401660929
318499685184729088
318465620075225088
318173395915264002
318078461812043777
318072051338452995
318053566575161344
317912849127182337
317912088397881344
317911623622881280
317803646299557889
317777622622957568
317743518565142529
317725299737497603
317721045131993088
317717962004000769
317549547909955585
317548632150798336
317547777502638080
317547523021627392
317546702414438400
317546384184184832
317545857102798848
317545406902960129
317544578825723904
317544312315473920
317543476151599105
317511280284033024
317497857684938752
317497753724919811
317466409011654657
317440432441290753
317431452918743040
317429257477447680
317428677317107712
317425521598283776
317425329629175808
317425059222405120
317424764350246913
317411290391924737
317411026582765568
317408778309996545
317408709468893184
317408678493970433
317408612333019137
317401211097718784
317401044718075905
317400809115639808
317400555192451072
317400477090332673
317400292612259840
317400028614377472
317390025681690624
317388597793800192
317386521806258177
317143438803992577
316694172990074881
316692216376614915
316690221699833857
316689692663881728
316689549285814272
316662365343072257
316640074068525056
316414984097763328
316414794766893056
316414393950814208
316384077605396480
316382538211938304
316382389406416896
316381818356109313
316354610057056257
316353504065249280
316353034756190208
316352866317135873
316050424107003904
316050360953348096
316050284554104832
316050175275708418
316049912917798912
316046079630118912
316038534307930112
316038010875543552
316037753827639296
316036957920694272
316031692462764032
316031555103510529
316031246306275328
316031123933253632
316030454274879489
316019697353113600
315956557303123968
315891626964815872
315697633060601856
315443874938122241
315290056162148353
315234734433251330
315234259445088256
315212200245592064
314965649896132608
314953971250905088
314925145963782144
314917218322370560
314900774343823361
314900051082235905
314899752271622144
314899648080904192
314893607800819712
314720521797386240
314508048729243649
314456546794934272
314454728245391361
314347546715770880
313992111617888256
313832080020746240
313824797358432257
313823939816214530
313806674047676416
313803392717832194
313794689495085056
313785486940450816
313781579732357121
313771763425239042
313755223728476162
313754664615165952
313744902884294656
313744775893377024
313689300522905600
313628980475465728
313628212355817472
313620352460800000
313618591926874113
313618235545223168
313617730039336960
313617599818776576
313617441718673409
313617350526132224
313617165997715458
313603840320606208
313603826370359297
313603812558532608
313600983831830528
313388202788519936
313385566282588160
313385067470798848
313384193864388608
313342516063784963
313335132159344640
313334935509401600
313334212063264769
313229198976225280
312656891178258432
312652496151658497
312651788518039552
312650486115348480
312650269546651648
312650045101072384
312649670650376193
312649518468448256
312649291502071808
312648685655818241
312648436673568768
312648157223866368
312648074709331968
312645315830349824
312641680660647937
312633727467520000
312442810760560640
312396844082819072
311950263789441025
311907695059943424
311810102371962880
311442485706620929
311407208955015168
311121292642377728
311079284309639168
311076768918425600
311076583664394241
310832288340508672
310771397385396224
310761668831490048
310748348057538560
310748074047848450
310740290745012224
310371789094129665
310371164595834880
310368697229377536
310362008610537473
310057995058937857
310057385005817856
309921330113953792
309863087677263872
309849988731658240
309846919490969600
309846845117591552
309846667748847616
309846337262850048
309844441059950594
309842640512352256
309805745170444291
309635518117867520
309282097204457472
309092382509498368
309069152176451584
309068763700006913
309004041617276929
308953340107173888
308937962358444033
308928152456003584
308926332304228353
308925864186372097
308922817557192707
308886590690840576
308886178332033024
308732760460242944
308732060732903424
308674336624103424
308674136031522816
308611904593600513
308609533654220800
308604496467075073
308583278619799552
308270386318041088
307998619380883456
307939280729276417
307939230422818816
307821047107960832
307717910405726208
307578564826517508
307385572022951936
307381485013450752
307337859327750144
307172693906714624
306851353735606274
306851209015353345
306545314540683264
306544562602655744
306521252108054528
306237290005553152
306138226710675456
306131169500594177
305964243696640000
305936002785087488
305934227537555456
305777950605864962
305655575017033731
305636671465091072
304799841303789568
304727936077004802
304724346134482944
304722277067526145
304638899119071233
303986505788035075
303970756700807168
303963009812934657
303944177492828160
303908972438646784
303908815928188928
303901732038123520
303548513210474496
302267868635078656
301850290800431104
301794275467853825
301781963847639040
301771920867737601
301108363612282880
300777436403097601
299772451963932672
299732026850951168
299447400538464257
298994224383283201
298993525184421889
298591185679831041
298589748816130048
298580153754345472
298550684868030464
298490514464964608
298482301363425280
298481520191094784
298480748372054017
298453976532271105
298443217223946240
298433804605984769
298420624274112512
297893445094236161
297892228926410752
297785982617534464
297761602680283137
297760723810000896
297704682573398018
297684814377656320
297653141640474624
297652747568832512
297652688890519552
297352602511880192
297322325366407168
297318717669392385
297303689461395456
297285754948825088
297283063522680832
296975906176647168
296844651351126016
296843703505539073
296768821438599168
296767706340945921
296767528426946560
296765784682795008
295789357296652289
295620474422038528
295618442424373249
295459503028199424
295222552945647616
294894324959813632
294678052775014400
294573458610872320
293857116471562241
293736430784634880
292431492204863489
292430379896410112
291934313174429696
291916856523124736
291475394450821120
291382038009892865
290501434934456321
289797178283655169
288890261147353088
287754099728977921
287749714013732864
287747869044269060
287744804723515392
287334247260385280
287216535758569472
286153244072366080
285409599585140736
285388681051795456
285386370132869122
284635241388314624
284635031882854400
284634349322768385
284632208826843136
284632061204111361
284631976282046464
284631871151820801
284631625483026433
284630660281405441
284009511742758915
282954079544684544
282570880624771072
282311457943732224
282157522113134593
282156834201145345
281917274846265344
281915711973122048
281914461529448448
281914205878231041
281692100880379904
281689810941386752
281688481850351616
281661687860445184
281661289489657856
281656617911582720
281542401514958848
281444235578855425
280926109271465984
280412776080498688
280229156883668992
280222080228806656
280147918655201280
279232646008156161
279089546589773824
279089291202797568
279087840288182272
279087099876089857
279030379564896256
278763723806621696
278763303059193856
278682071281594368
278677153053286400
278656041347059713
278656037358297088
278654992838189056
278654675694284800
278458738669658112
278440505963065344
278357365647110144
278334024911556608
278309378845724673
278308915110883330
278308393519833088
278308146852802560
278308014069534723
278308013822058496
278307774809645056
278307620006281216
278306819875696641
278306119833755648
278305860567048193
278304781515247616
278300750851997697
278274586695581696
278271386068340737
278035270681636864
277961353845690368
277958737791168512
277463716151296000
277343801192886272
277259646161543169
277041943110885377
276889191038726144
276672464522719232
276567626149425152
276561000868761600
276559119752773632
276519447093735424
276394591085797376
276228383099191296
276224918146916352
276221878115385345
276220902016954368
276141587032064000
276140180212166656
276118429033971712
276117815881256960
276117552114040834
276096341413859328
275836914769203200
275831477445476352
275831206694764544
275797252948250624
275723569747599360
275599779025793024
275431876435509249
275331485442134017
275297126127374337
275212015365156864
275153724098363392
275104009793191936
275103625188089856
275073303037767680
275073142467227649
275072814980149248
275054798410240000
275053887403208704
274883135299280900
274801403392835584
274780709862912001
274780601532432384
274773366156718080
274749436729622528
274685821355954177
274685348322344960
274677213096456194
274677091700711424
274675954478104577
274618677532450816
274402924707344386
274394608736288769
274394480990384128
274393375589924864
274391064528420866
274390859405991936
274386648031178752
274386466329747456
274262557244653568
274261863368380416
274106378925264896
274043752379711489
273942380086960128
273921389445144576
273728202051043329
273677279417208832
273673848526893056
273326440819326976
273262364109991936
273262020550352897
273259887637700610
273259684658544640
273259580350418944
273259343703592960
273259082457178112
273257405838671873
273244716093550592
273244396969922560
272828132824842240
272827175118442496
272815130205626368
272813673309929473
272812927688536065
272812848063860736
272812596283965442
272812310597345281
272812013208621056
272811825563828226
272811539231277056
272810995804676098
272809221580537857
272808797603512320
272804548748402688
271868038956068864
271868018714349568
271867996568444928
271850421952327681
271380754511060993
270980284894294016
270798918315548673
270394409349177344
270332440256577536
270324933979156480
270324318536339456
270324208775602176
270295888780464130
270295209835909121
270294368118771712
270259125399715840
269949388577701888
269901758459944961
269729920085790720
269698920576335873
269574083736379392
269572605818847233
269374052668416001
269273934799720448
269264525642051585
269219702553862144
269219302169772034
269218803722899457
269218701344124928
269218610243858434
269218377946509313
269217850512785408
269217494831599616
269217413172707328
269217128350117888
269216879200059392
269216473111736320
269216104969293825
269203954280304642
269203872520749057
268883164913627136
268752961734316033
268752804678602753
268524885125521408
268522764959363072
268521231798632448
268470050221076480
268469721328914433
268468844409012224
268468265163034624
268467977316343808
268467721098891265
268467462381658112
268466575923896320
268466166077476864
268465677176811521
268465389598556160
268464959107788800
268464547931750400
268462933674188801
268462698877038592
268198555381026816
267801673878106112
267799714798387200
267412478718255107
267080025549963264
267079725351047168
267079627942543360
267079325713580034
267079110583529475
267078867401969664
267076437973024768
267070708402778113
267070456748703744
267069452129009664
266652506078187520
266313992853659650
266313865686548481
266313764238946304
266313115363323904
266312761548607488
266311589718814721
266303974859235328
266110864468357122
265917100156153856
265672605166608384
265663472669429760
265311675828277248
265311094015393792
265220504858816513
265213151988027392
265212591176032256
265212066611228672
265211658853548032
265210770214772737
265133497008652288
265133317735714817
265133065670623233
265132788586528769
265132509338140673
265132313615151105
265131462104338433
265131273201274881
265129280978178048
264602170605850624
264515628361207808
264444578545954817
264203771175915520
264203291620175872
264199779494551553
264198893347160064
264198654410235904
263410350198751232
262110068831563776
262109836039290880
262078436602945536
262065353838981120
262062225504735232
262061910319562753
261992881777156096
261901951988539392
261901634202918912
261299105832255488
261298391139627008
260556925782077441
260412675887075328
259364384437059584
259047715265212416
259023907342929924
258676214863126529
258394907243335681
258394320665706497
258393848571645953
258279990028804098
258279689716641792
257059011122323457
256563161392640000
256560052264136704
255754164330717184
254470878606290946
254333446216904704
254328227189899265
253637480849485824
252868710551932928
251415500834349056
250644246556717056
250329447985725440
249239709790900224
249227504508882945
249167706690027520
246357825524207616
246357222710472705
246355060571910146
246338860559253504
245945081180352512
245672977830649856
245672562913312768
245335219773767681
242946103769706496
242944103707447296
242943620745924608
242681720854417408
242677558703960064
240832401171943425
240831490227855361
239476697341239296
239324657944248320
239130355960016896
238659430827302912
238438258969808896
237929057034072064
237858454918799360
236936100302700544
236911557576126464
236838106270138368
236824395417546752
236191395822567426
236189876352086016
236188876367077376
236104824448499714
236078447095607296
236062375596392449
236051379385413633
236049420016291840
235856813302640640
234242253911101441
234238571953930240
234238114586054656
234237826596741120
234235251419922432
234233452814290944
234230670547890176
234053532213444608
234035483162845186
233946482372403201
233738928685989888
233603795463065600
233578945667297280
228985321969303552
228978009263181824
228275088498249728
228077015994077184
227965213553606656
227541058530205696
227506888143671296
227361889112428544
226957037869883392
226084511887265792
226037841652756480
225658963272802304
225658666181857281
225631059839160320
225365774552928257
225356646895988737
225339749156667392
225037074754052098
224990720828784640
222818140738953218
222417931437486080
222393904719347712
222350935710629888
222197881271107584
221823837904441344
221374344574681089
221044060381659136
221027641912864772
220743237051228161
220388805734174722
220259627630202881
219964595106889729
219575225631780865
218881178109886466
218815218648748035
218486431067275264
218395378922426368
218135776708411393
218124948034686977
218089574516269057
217841535776075776
217788835394887680
217755350349266946
217385822620614656
217363932426416130
217347289595916288
217042773046591489
216713297909653504
216218723743318016
215965055815122944
215919730727452672
215608031403184128
215595149806419970
215564238536708096
215248514786148353
214808140724703233
214808046755516417
214557982845972480
214362796056510464
214357075499810816
214342802425917440
214322119604047873
214054175867277314
214036573472305155
214028720627908608
213675296958840832
213558066904432642
213224475884396544
213210270980517889
213033590299172864
212995743953321984
212989193624887298
212474784741736448
212205424374595585
212182745491849217
211854280427192321
211201283363848192
210825176177319936
210796793896771587
210796723361169408
210190067510157312
210152793594527744
210152543513354242
210149401132408832
210033811738738688
209830755411566594
209745581281779713
209745237084614656
209744647864594432
209494614384705537
208964951719682049
208772819134328832
208681206697562113
208659990238605312
208659620812697600
208394475234529280
208394216873803777
208341238825496576
208341040116150272
207900708085841920
207898532168994816
207599544060489731
207536442770075649
207535379652427776
207214748692004864
206818927962099712
206817066672599041
205534163560964096
205340606715793408
204946757292003328
204790131578769408
204784173687386112
204783916471689218
204751145661505536
204750610946457600
203895319312871424
203879329707458560
203876887175495681
203874037133344772
203862016945963008
203854636464082944
203854183500234753
203848506874658817
203478185906671617
203215914127208448
202089948357206016
201794916920209408
201722717198761984
200954657550508035
200954400527745027
200953790113923072
200953551919390722
200850422670434304
200840229307953152
200839300915539968
200838888439291906
200837590079897600
200837513013755904
200837324483997697
200837193785290753
200836867627819009
200836779509682176
200836673867759617
200836574102036480
200836349207642112
200836274251235328
200835903374098432
200835405946433536
200835268645883905
200835141508141057
200833490474901504
200646987891212288
200598881241796609
200562646578237442
200191780052942848
200110638826127360
200083759394066432
199870697282093056
199567361198657536
199566948021960704
199088801736429568
198519208261337088
198497022062505984
198174620468248576
198173669246251009
198173290735468545
198150395963514880
197931472378802176
197931302597574656
197876359618494464
197876272611868672
197866000685871105
197829466607726592
197510501780041728
197466754799243264
197131814253502466
196773241291931648
195898552017354752
195634384878043136
194975165833150466
190239984215789569
190221196107857921
190171716713062401
189968842968145920
188858258763685888
188104904349458433
186895619485470721
185478704342904833
185258922272227328
184477593905537025
182896052783943680
181464214945267712
181051094309408768
179973999525232641
179973266167955456
179648478245433344
179582241679212544
178996662939815937
178929019906039808
178329369201217537
177462328026079233
176472783688175616
176149990618566657
175371480379555840
173903402391179264
172022853175218176
171752857849180161
169584660656046080
167160751499382785
167011515419996161
166226450435932160
166225241276817408
165882557966200832
165511936384053249
155014914694586368
152059704674230275
148387975481409536
147628216201396224
145947507967541248
145947351939428352
145946731987746818
145668101902577664
145353131612581888
144911777749151745
144595960943738880
143257751139786752
142754857391108098
142475987857309696
142439163000668161
141777983798132737
141719596263673856
141275126405660672
141247391998283777
139490623924350976
138755315704410113
138721361085476865
137968731350515712
137966984141881344
137965415593820161
137786876642861056
137695206278565889
137690396384964608
137676419793825792
137652763101364224
137652367796613120
137637724206268416
137267120550592512
137263571007569921
137263291910209536
137263021788631040
137245555817586688
137243792976777216
137243300469014529
137242843407323137
137242681511383041
137237703593959424
137231577947193345
137231147708059648
137230998554415104
137230867876683776
137188011707351040
137174132289835008
137173725207470081
136959766651084800
136953302570119169
136950289033990144
136948146516406274
136946411194421248
136944857993318402
136943258965250048
136943071932854273
136940257626165249
136933676054360064
136924313591881728
136920721573158912
136919141562056707
136915318462349312
136915072382545920
136914791989125120
136914551638732800
136914350656061440
136914210918629376
136913316432973825
136913087151345665
136912959468351492
136912738575319040
136910675472691201
136910173838118912
136909938298601473
136909731125145600
136909511259734016
136909156157362176
136908495567077376
136908159313915904
136894505394782209
136702728352174080
136637656560971776
136634743700725761
136633971898454016
136633661192802304
136631729116033025
136630169879326722
136625051922481152
136623144579497984
136597757019435010
136595035444617216
136565824608677889
136559042037432320
136524403990212608
136505956166148096
136490230697046017
136469324100665345
136464344631345153
136461146994642944
135897328153403392
135309868604203008
135193600890908672
135083654534807552
134409448830681089
134345705165828096
133218368491757570
132932087345987584
132260429371146240
131543364041580545
131507381615071232
131072903608406016
131058473260695552
130471991676370944
128301029530939393
127545376428408832
127146334233952256
127121889733771264
125761367293698049
125639423374266368
125354491359928321
125344900744085504
125235961436176384
125235404914962432
125234653769637890
125234567274704896
125234336944488450
125234187887316992
125233521320132608
124906199903772672
124289492558413824
123424637320298497
123314746534531072
123127489139707904
123112483102785538
123072047185268736
122758218144432128
122757700974157824
122756782107000832
120638905044303872
120249835810070528
120238388925317120
120216149270085632
120208961550024704
120208315551723520
118739487470780416
118721650677121024
118533194567004160
118370075991478272
115210956514144256
115210071176253440
113719672683241472
113239813330710528
112964352490995712
112579194545901568
112486921518850048
112482636068421633
112148156933881856
111771114467897344
111512957636186113
111474642589450240
111320609786576896
111320097108393985
111319383799898113
111030455855362048
110822589353562112
109995544088289280
109207755813957632
109137871847432192
108958913717743618
107555273681543168
107530570111791104
107267633455443969
107234538765299712
107233776651870208
107215208174465024
106870608637341696
106773369868922880
106425860579536896
105802044698398720
104265071168978944
104264584633921536
104115975246462977
103313136949534723
103312126554284032
102797544001773568
101728355669377025
101262483020464128
100093817402822657
100001411525382144
99992388583424000
99586295029972992
99257622921875456
98821786183008257
97839428340428800
97811858312019968
97808648784453632
97764007057965056
97116163812753409
97004919814488064
96995203667345409
96989252679770113
96341894199644160
95061950932856832
94983110290186242
94543059425042432
94211020800786432
93868432763781120
93620377028268032
93539821707993088
93537959013400576
92890553439621120
92889690704850944
92887357820375040
92887113728655360
92886494615830528
92885750311436289
92885405493506048
92883960358649856
92365817232113664
92365355762188288
91316500559958017
91312630945431552
91300358348996608
90939350463938560
90935722810421248
89038092173971456
89009644986572800
88673039289565185
87913600823463936
87802974025416704
86232875720118273
85961839443316736
85759255004708864
85567176253259776
85490229288505344
85439363000971264
85054461436903424
84657488909172738
84453701326082048
83602951372931072
83601974670528512
83601821905596416
82891706701332481
81776548440588288
81515971910705152
81280427989536768
81279940120690690
81279632887922688
81035348314042370
81024706114883584
81020765977329664
79249285748756480
79232910040907776
78849463195668480
78571562399309824
77835874926215168
77809162448420865
77168430880530433
77167811893526528
76829025917603840
76762827729281024
75727289756823552
75605577631412224
74934965535637504
74703122446024705
74587492074004480
74238963841384448
73997393699409920
73910862586445824
73802924685410305
73801556658630656
73688417828995073
73305252648071168
73304882962104321
73304290072080384
73092256768327680
72856444147478528
72845767085264897
72754137242152960
72246849171501056
72243986567413761
72243115653726208
71756966048964609
69874318552739841
69871112875548672
69867749463166976
69656428654235648
67115565344505856
66991504815697920
66004297195847680
64964943321104384
64821629255036928
64760689474027520
64760126896209920
62824014275551233
61517298309144576
61063944068022273
60822974474878977
60591525167509505
60394316245385216
60355276490022912
60275428656553985
60274982244200448
60114263473266688
60111066042085376
60110651082801152
59984665821450240
59969508319838208
59911412939624448
59527248675471360
59372805644484608
59358239036407808
59357988200259584
58859734807216128
58780164959637504
58679010024095744
58667608672698368
58662767825129472
58662015660601345
58660977654247424
58659622428487680
58659386201083904
58405833511407616
58367048182530048
58366823736950785
58364366768189441
58359182189006849
58359038085312512
58289660476129280
58277700221153280
58277229343420416
58030617937448960
57919284961226752
57889200384643072
57597823184670720
57565852974858240
57530645517303809
57523079252934657
57510326945579008
57260006680182785
57172678632677376
57169858319753216
57169549484761088
57159653410344960
57159513278644224
57154266120470529
57148105761628160
57141387749105664
57139683737616384
56793850320130049
56366143677542400
56156903612489728
56067684076490752
55687235470753792
55666960821784576
55647318883577857
55391550359879680
55390804893642753
55389102593421312
55387677641543680
55387438188736512
55379524128485376
55375064207601664
55374903184080897
55374727367233536
55374424903385090
55374008044101633
55373866842853376
55373260132589568
55372853457059840
55369334574419969
55368020876460033
55366278625492992
55365209317048321
55353926710591489
55305676804734976
55029755463999488
54952520761610240
54924358237421569
54917511170359296
54634024202805248
54616357278466048
54609378489274368
54452969508323328
54343749337231360
54342812833038336
54335489137836032
54335235038527489
54289722046029824
54287970164932608
53895656112259073
53894282502864896
53857812148793344
53852512528248833
53540335791517696
53538741041627136
53538480298536960
53537491139051520
53501301694279680
53499931251580928
53320307842367488
53318716972212225
53318610394951680
53317322252881920
53185421487775744
53181258414563328
53180758466113536
53179736272289792
53124685696741376
53097771892359169
53097312783839232
53095360473731072
53063577862545409
52828535198461952
52778715322662912
51821965702463488
50793035616886784
50511181076635649
50349098238349312
50322194143784961
50265592036466688
49978561947377664
49593561557114880
49219709022908416
48866467428569088
47475277059727360
47400771033120768
46951213249470464
46943473215078400
46762862579941377
46761806806515713
46761505651298304
46761143947116545
46412443806728193
46412148146061312
46407533249835008
46406317446934528
46405835240378368
45143211894771715
44926000563363840
44879621329666048
44791404219744256
44790650859814912
44593466440810497
44105991305957376
44075529715986433
44075114752507904
43157607279632384
42405430848266240
42370206944866304
42189161083568128
41995587905658880
41980455741825024
41934933534441472
41934552167358464
41931208891965440
41243608640258048
39768257577619456
39753280246652928
39752919951736832
39742306936422400
39741819428409344
39741291554144256
39739894976749568
39601385578311680
39600353494171648
39405023171588096
39391453079814144
39391285240541184
39391182241013760
39390890292281344
39377834522841088
39377237618868224
39064043381592064
39063636919980032
38945988391469056
37853557952610304
37782882143440896
36765379229388800
36172406238224384
36099330192449537
35903094634061824
35074753505005569
34244024646770689
33257058400739328
33254410989608960
33250109273804800
32912603743260672
32900726665510912
32897095316803584
32882443937652738
32558461174685696
32137556829151232
30372279309312000
30368939989016576
30279948799315969
29781879896940544
29767792991404032
29494469304778752
29055392868737024
26389875905273856
26100547811549184
25820521841041408
25815292034682880
25814502167543808
25814304318029824
25814069151797248
25811916945362944
25806594511998976
25459071150727168
25259542757507073
25254832273100800
25253509054078976
25253234281025537
25009233678303232
24970335900143616
24941215577280512
24905646520401920
24283622039097344
23904018120052736
23903559892340736
23898416035667968
23511280904052736
23148341089017857
23041865473335296
22848130902921217
22460813289725956
22457148046835712
22451248703741954
22404944288026624
22134458547183618
22133008597258241
21651248222572544
21648698475814913
21343632137134080
20914917901074432
20914529009410048
20572472927588352
20440159694626816
19125620134903809
19057646699020288
17595486189916160
17585961848283137
17585267154092033
17581612417949697
17580439019462656
17579991000686592
17579797177696256
17579481271115777
17578768725970944
17578561363775488
17575589686812672
17575038228111360
17574731024695296
17317179665944576
17300804067131392
17032105234014208
16993569147461633
16376108479942656
16210306015432704
16209915659943938
15374482625536000
14989430557249536
14830493761536000
14827660354002944
14361735641174017
14334235976409088
14117620181639169
13740945803583488
13699558013931520
13691896492720128
13689752880418816
12985157283749888
12957624387502080
12716873237921792
12693537149689856
12033935189999616
11557513690357760
11503203224911872
11501090717569024
11500812173836288
11500612076183552
11500059392745472
11500021014855680
11499798188261376
11499712297308160
11499430570102785
11499392901054464
11498561480949760
11495168226103296
11491727906971648
11491082147725312
11242119662411776
10999277983633408
10998568601001984
10949215161159680
10450438490955777
10395695555022848
10374369259823104
10069084494364673
10068122635599874
10062572896133120
10062081688604674
10061761600294912
10061504585928704
10061007854510080
10059223241068545
9867604759945216
9739571285725186
9739243756724224
9739127402528769
9126019885699072
9125449934307328
9124828627865600
9124484015460352
9121185535107072
9116048452222976
9114031709229056
8255875009482752
7850587022426112
6512372067864576
6511862728364034
6511511568654336
5898797389447170
5323611090976768
5258101313769473
5081663759458304
4003948415422464
4002923679846400
3585292506238976
3565549661454337
2345404129611776
1961469574905856
1700065903120384
1699171945943040
1278136708763648
1269927814107137
1253011187830784
1239062543339520
1237228525199360
1236056506634240
557221519822848
29462963503
29378974238
28989359468
28627773652
27831562287
27729157564
27692817805
27692437914
27661460493
27633056677
27545075074
27395064489
27361914681
27283187373
27234633576
27211330985
27174815507
27173609288
27129268293
27112541036
27105742388
27103252483
27062433369
27061764094
27047648023
26930414875
26875923594
26871745536
26857495341
26845110886
26844981166
26840778699
26840192146
26776265829
26762373968
26762175403
26753480219
26751937126
26675280884
26657115934
26645935400
26636790660
26635593397
26635400521
26634334043
26634202671
26608557913
26557351647
26554650349
26554121647
26549357091
26539446988
26479255701
26479071904
26476000970
26465434367
26465359319
26465263695
26452607113
26452600682
26392545931
26357465591
26342034282
26295047543
26162606661
26142583502
26138677468
26108678081
26095004852
26073088107
26069188153
26068636053
26028868503
26028342719
26002475271
26002415698
25985899434
25978703169
25969429505
25961429604
25933507810
25933363133
25933281300
25925194132
25924723977
25924615364
25908612727
25901163533
25870985971
25870907295
25870873604
25870832787
25870792864
25870770117
25870684154
25870019060
25743664784
25743266978
25738421412
25632088012
25605088926
25542917229
25542827311
25380965629
25380727971
25377212592
25376636674
25374103416
25282620519
24976216435
24973951622
24785763595
24614965838
24614770164
24576254248
24576178202
24576043360
24575906839
24417728779
24416172362
24404565573
24346326876
24290045508
24164900444
24164536306
24139943264
24113005931
24111640391
24073370151
24028134777
24025265015
24013631142
24011494910
24011330108
23998090773
23954122695
23953384781
23950109268
23949911336
23944447258
23857198961
22971107153
22970918094
22694889473
22653562402
22393646292
22370937101
22127811478
22113104418
21951479035
21950008861
21942619412
21932591472
21916834061
21877158594
21869686054
21718073215
21693883287
21529362955
21528479561
21481409739
21431118500
21362100752
21361608333
21333020411
21147177363
21086661780
21076434359
21019516828
20989081785
20818529958
20787341039
20758199207
20561663007
20351511750
20330000110
20322061417
20180003566
20166915352
19853684635
19678575367
19677990056
19587547606
19586676849
19586572852
19586476877
19377146047
19269974462
19105742975
19105340596
19105149364
19098426795
19098298728
19098118083
19097669359
19053076165
19052599671
18907593387
18820677811
18815379483
18798001752
18795239724
18555571890
18555454658
18555375333
18538017464
18396890008
18380009012
18368372689
18238816243
18208967315
17808308153
17728966345
17566533139
17429783098
17429682170
17337095411
17336984600
17336869621
17169135325
17165773158
17165327731
17165112940
17164694076
17160977568
17160704242
17160333829
17158762411
17003562266
16991077287
16956859165
16867871654
16867644453
16867553344
16857693364
16840262266
16765225473
16764876053
16759669876
16759538162
16759506267
16611403560
16611323205
16603520381
16600050837
16599880608
16598667422
16466172079
16430374661
16430037300
16316773627
16297427606
16288651644
16288350205
16258778993
16258452104
16258036427
16257922595
16257519319
16238129530
16235024505
16029495055
15924707873
15881507778
15827411037
15823708719
15823266139
15772555114
15759078512
15683885812
15678476283
15612025303
15611848810
15608277520
15606082061
15530345627
15530283444
15530154493
15449732849
15442576194
15381939342
15358232247
15357441478
15351576464
15351254411
15351125074
15350967065
15347596512
15347524346
15347375883
15344996056
15344883894
15344640724
15344464544
15344312442
15344218869
15344066730
15343888640
15343736060
15343558155
15343303207
15334875853
15334271009
15334169179
15334088889
15333998059
15333859540
15333791180
15333724765
15333620824
15333350612
15322903278
15240397487
15226835600
15173422757
14941940761
14941870447
14881518596
14873143900
14873048043
14810007388
14801903633
14772931567
14669373493
14659307868
14659182158
14659100806
14507170398
14507008497
14506780261
14395814859
14376428768
14313552212
14250797912
14205289426
14199976406
14192393856
14189395497
14178095093
14094627025
13970594513
13939055610
13935076247
13752313489
13730152722
