398192335663947777
398191226257948673
398190851308130304
398187959133802496
396684023017111553
396554303974174720
396553866059468800
396553403218014208
396552941366411264
396551907600527360
396372182005465088
396070030863253504
395952050171019265
395925647727411200
395925384480321537
395695368757063680
395651684011364352
395651060830048256
395538052946198528
395531630623719424
395167130884521985
395103052795248640
394965929689223169
394815367224111104
394815021290504192
393752255150972928
393687774496174081
393103075017097216
392962129172901888
392951494691262464
392951105090375681
392706736190390272
392570871531175936
392381922770313217
392297840258461697
391957850819657728
391886384904273920
391885788503621632
391885416984760320
391885233496555520
391610783408222208
391562194540048384
391297124362903553
390884971742633985
390852161669959680
390744866575364096
390744287794966528
390743687564906496
390499341968089088
390499024924463104
390226730973405184
390226521094619136
390225481603481601
390225386283741185
390222379676209152
390219527591854080
390219064141815808
390218391933304832
389721107852713984
389043006474829824
389017028209541121
388781245402210304
388717797359902720
388701815476207616
388701255142354945
388700504580050945
388635554897993728
388624028631855104
388623953507655680
388623827342983168
388622775193468928
388622647212662784
388614413277995008
388602095274053632
388601966081081344
388391798713769984
388385525461442560
388385379700994049
388046971250151424
388014708608880640
387592002051002368
387309650913148928
386548901173788672
386224738785566720
385880280965197825
385879998067785728
385042248800296960
384798115837915136
384436103165804545
384435153059450881
384393007027724288
384353896933519360
384076450518687744
384076237603213312
383661278142537728
383637140330254336
383561457742647296
382963393889853440
382709803740430336
382670335897645056
382668863269122048
382590627487416320
382589663963529216
382546815075495936
382545617010323457
382545289128992768
382333162539745280
382332761211944960
382289392024313858
382288759951081472
382283187499847680
382282831554441216
382278056695451648
382275537680351232
382275260608819200
382234747478769665
382223420601417728
382222239707717633
382156000436166656
381953077244600320
381514401955999744
381193727332847616
381193093829390336
381068060012335105
381067367641788416
381056999364235264
381013788071587840
380781761480761344
380781552935768064
380781295778795520
380780928429076480
380742251158462464
380742116890386432
380741776312922112
380721302740271104
380249510565670912
380249198291353600
380237998681378816
380237359972757504
380236795394289664
379878856859336704
379648453955317760
379632354702028800
379576790412705792
379576523680153600
379341087103389696
379220241575731201
378430152520118272
378145420813168640
378145358108307456
378144381787578369
377791383069020160
377769754712219648
377761425478791168
377756756770054145
377756345665327104
377751503702065154
377567112471904257
377562340083777536
377561623390478336
377333484182073344
377333017796431872
377332906798362624
377332668486389760
377195530574508032
377185765257539584
377185423832776705
377155131487170561
377152645909073921
377150394717044736
377149806541426688
377149696633872384
376747244818407425
376746240223883264
376075418412916736
376072979722944513
376057757952008192
376005488992727041
375922588565786624
375916654120562688
375339382716125186
375312809619230722
374838046044082177
374653498056380416
374248024123658241
374190325125758976
374189832756396032
374189711280979970
374180192274509824
372673531160453120
372657723818516480
372655969580224512
372654027206455297
372652803765702656
372479767091494912
372479470717767680
372479072934195200
372475740173762561
371392945573724160
371392432094474240
371015314080686081
370660417313312768
370258528809664513
369796962632994816
369550436027482112
369545568193765376
369545066898915329
369439076048326657
369413408434569216
369413168281305090
369406361181757440
369405729720922112
369405709944754176
368323707300622336
368323109998190592
368101965361725440
368101142468636672
368100665479798784
368100209089196032
368100147609100288
367748478996594688
367619457696268288
367604628781027328
367600526671622144
367600427719618560
367566742006284288
366595594996813824
365447480919330816
365445906931257346
365444058920914944
365403986561474560
365401998511718400
365176026311049216
365175098644242433
365174838110863360
365164290879139841
365164087807709185
365163863571824640
363774038927097856
363773679286898688
362958697770651648
362613750932586499
362613204578353154
362610573722140673
362609688245833729
362136291279777792
362135481061867520
361952663144902656
361578137634607104
360888725561028612
360508712504406016
360507882355175424
360506227068903425
360506190024802306
360504495374999552
360170016689225728
360166890791903232
360166461488111619
360166075314356225
360137970998718465
359791683191308290
359773498819874821
359773364212072448
359764895119577089
359764754228719617
359764531708305411
359763698174267392
359754701773864960
359754628675538945
358729124950441984
358724221578387458
358723001988034560
358720089576574976
358238010946502657
357993202415960064
357993139115540481
357970810494926848
357823438993371138
357812319197212675
357811752655781888
357649996079833090
357649582219464705
357649342213005315
357649253532835841
357649194246348801
357649116723027969
357648878822100993
357648592078512128
357648535962910720
357073949273755649
356806135820455937
356187952105267200
356137036006174720
356131442926944256
356131223619375104
356130825336651776
356130723981295616
356130471354171392
356110854434996224
355977469150511106
355977305870446593
355835847096020992
355829700096040960
355828602094370816
355797322900307968
355797221876301824
355706107668340736
355704402411130880
355658463017320448
355657893648928771
355652982752296960
355590941077278720
355579814540881920
355568894406172672
355463640721264640
355463180102799361
355462828003557376
355462747418406912
355462486218125312
355462394937487361
355459800236163072
355459284194181120
355375966815666178
355361489982455809
355359387616952322
355359131592433664
355356776713043969
355356404472745985
355356076104876032
355354718597419009
355354651077509122
355256445694001153
355255903706034176
355255768955617280
355255695916007424
355093031139020803
355063713574830080
355004524936691713
354994189076926465
354904504732368898
354903215046787073
354862733839187968
354735963303448577
354710910813741056
354709984199704577
354638963631329280
354628262699352064
354499821031268354
354373079121666049
354334453813882880
354334338046889984
354326263437074432
354313183915290625
354311674976681986
354310200834002944
354232052691894275
354231034801426433
354169900228550657
354169776744046594
354169503392858113
354169471444844544
354158226553577473
354158163966169088
353925671304691713
353925642099765248
353923375929896960
353299036347957248
353291427637243906
353290946437316609
353257847255072769
353208063018274816
353131522976522240
353124000819445760
353123716038803456
353115522864381954
353115322527662080
353115232303988738
353115173583716352
353115124816547840
353114787372220416
353113388974473216
353112807425847296
353112462276571136
353112237679984640
353111915150589952
353111302580867073
353072280533872640
352938485432336386
352799947848024065
352799758093529089
352799431562768385
352799319105077248
352598096858988544
352577896633729024
352481437313794049
352459081782525952
352416861117353985
352205389628047361
352193076514664448
352191507350032385
352105264519987201
352105224422440960
351841526512500736
351831233614987265
351830780995043328
351830765325139969
351821940857634817
351805133031608321
351804909307445250
351763531307298816
351753793458810881
351752730307604480
351752202508959748
351751752099434497
351332605670600704
351300037428523008
350704983605379076
350637562177658880
350535699017117698
350534504210890752
350380933007949824
350380289584934912
350375696599756803
350315522090471424
350292757824274434
350203311166722048
350001506759622656
350001487985905664
350000579642261505
350000116087791616
349958864155836416
349955219284688896
349954276153503744
349953286071255041
349952884584091649
349951055079030787
349950496167038976
349947873842049024
349947513488412673
349947457158918145
349906639064809472
349545021810294784
349540105909841920
349254079949701120
349253626964881410
349154222861848576
349146562649264128
349146364766199808
349098359044308992
349096669322813440
349096614008328192
349096054651748353
349095978470617088
349094649585078272
348396029860790272
348116717190389761
348116360544522242
347773841226989569
347772798627885056
347772507748704257
347772116566937600
347470117434687488
347470022286909440
347469847212462082
347469664965754880
347462016685977601
347461205163659264
347460964137984000
347460833154048001
347460733673537536
347460100660801536
347444509157773312
347391983943286784
347391829852950529
347114249929232384
347109903200051200
347108778241556480
347108318550032385
347107359610531841
347106568820629504
347082831735975937
347082574578999296
347069423397523456
347065143609417728
347063652295245824
347063583458349057
347053543733211136
347053422060642305
347011041957396481
346950488639537152
346949754401468416
346949576336494592
346945806030475264
346938742252130304
346906975814164480
346906930163355648
346900107884630017
346782927729864705
346781611800539136
346780611194789888
346777553563942912
346776115932712960
346774460138942465
346772668646821888
346762717765447680
346762546935627777
346761929194348544
346753338081161217
346753232351137792
346695365447254018
346650013855789056
346644691720228864
346622887681200129
346622191695171584
346608621376905216
346363524446040066
346310193736454144
346310081689817088
346309890366664704
346274077234827264
346273421828698113
346272390524858369
345490976934072321
345295795672723456
345264277248151552
345225223500603393
345224317941989376
345221527991640064
345135538958897153
345124552600326144
345124302871486464
344873487879516160
344873312700211201
344746156791828480
344743604402659329
344743487637438465
344743426287345664
344742993066065920
344731696626798593
344423445574078464
344369014295904256
344202920214011904
344072463359021057
343408699634749440
343356013921067008
343354941403983872
342989931548905472
342989858161172482
342949754751287296
342749862565146624
342749147968962560
342748968205312000
342748644849614849
342748591233826816
342742101840248834
342731378003148801
342730877387800577
342730522872659968
342707087572340737
342706886656815104
342057300296605697
341969820931194880
341887164587573248
341618535199539200
341467188659646464
341310179666706432
341305898960052225
341305644906864640
341277078798360577
341277026516340736
341276601360711680
341276543072477186
341276391783940096
341275671651311616
341227915897352192
341227809345245184
341134867209281536
341100018750603265
341087938802765825
340951159961427970
340935487655124992
340927350365622272
340926980306374656
340773801396686848
340773025152638976
340562983413497857
340561364823195648
340548513702240257
340545059248275456
340540394754412544
340471198150438913
340242643671982081
340168362485231617
340010952244207616
339854227411202049
339845988447571968
339845236450799617
339844582927921152
339843563502333952
339842735995510785
339842315474567169
339842013258186752
339623310704910336
339622646864031744
339622033728106497
339456149801795584
339287341015371776
339013422467391488
339000388248281089
338634334879764481
337922027002421248
337884470403268608
337806740177428480
337496460545359872
337471353798160384
337278131062837248
336853658710990848
336597518311895041
336595194680066050
336594705489993729
336588498616320000
336585964765999104
336585433087606784
336583886513516545
336583544379953154
336540334425268224
336539579479883776
336539358607859713
336539238466203650
336539091019657216
336538377459486720
336458368115941376
336378349180043264
335816030804905984
335815584929443840
335812894740582400
335797931909185536
335682458139897856
335490432366682112
335489688867581952
335488822152404994
335426058885152768
335415148137287680
335410308527034371
335321970495324160
335115762358435840
335115301660282880
335114586233651200
334759827093979136
334066582500286464
334065963815272448
334065316298649600
334063293155123200
334056299543281665
334054957290516480
334049796719513600
334044761558220801
334043343795396609
334042971169230848
333650237002502145
333634438216966147
333152631277109248
333152352439787520
333151710367330304
333150521131167744
333146837571743744
333144769687601152
332895448438304769
332890932066279426
332865023888216064
332864134469263361
332199090551132160
332187569079070721
332187185539325952
331905831517945856
331904609771732992
331904338794528768
331833737404899329
331750311150641152
331750139762970624
331749493932425217
331746270156816386
330728856841502720
330727696634097665
330455538099949568
330409620537495552
330101992410206208
330050424516247552
329714144754405376
329689620176588801
329689187278258176
329688453396701184
329687273014706176
329687026851016706
329686843434086402
329686680158232576
329363336464576514
329361719484874753
329361135616786434
329360977944526848
329360893232156672
329359199630934016
329359108778098689
329358510267695105
329273492195389440
328871839558430720
328790057840427008
328788705395478528
328498872345321472
328101199435931649
328100999782875136
328100534882037760
327865658580819970
327813464204644352
327790587786969088
327780729926848514
327780374388281344
327779440249688064
327777362370494464
327762137449652224
327527476123279360
327527103866208256
327525971173441536
327525799945175041
327511367236079618
327510701541302272
327510546700189696
327510408422363137
327449478204358657
327385289737768960
327385196741672960
327319844552835072
327319521260089344
327318922296709120
327318838121218048
327309160318373888
327062872733646849
326788841962889217
326624165576732672
326623599538601984
326482322801164288
326400929731600385
326394757003763712
326042615495659521
326041212912029696
326010439047733248
325994750782107648
325994748999516163
325994743731462144
325984693847719936
325983019875835905
325637514050273282
325591498626318337
325289870304096256
325281638755999744
325277917447847939
325275460789493760
325274798722785281
325240077611577344
325223918912815105
325082142533103616
324910023455162368
324908949654630403
324905988358561792
324905502406479872
324901215894896642
324897276646543360
324896467779219456
324896255178338304
324895965825867776
324895378090627073
324895262852136960
324894393175777281
324894384116084736
324835741723152387
324832158357282819
324829982197153792
324530461881806848
324515573616746496
324515197698060288
324514473874452480
324513991101657089
324101730017083393
323900167948476418
323813411353935872
323777831706439684
323776954597793793
323560358067441664
323559139500511233
323557708106190848
323557013860802561
323556707269750785
323130394335662080
323076694321819649
323073697835515904
323066166442598400
322852410726944770
322851525816901632
322850766610128897
322784875587465216
322750291353157632
322672435294007296
322671772195512320
322671710455357441
322497767752732672
322472127561338880
322471529894014976
322470808305950720
322470587412922369
322470303282388993
322470214367322112
322470131135565824
322469691899654144
322469188293771264
322468628735873024
322098838032769024
322098405709078528
322089584601227265
322089411045126145
322083658045480963
322082808887668736
322081714832814081
321969975311093760
321881778824552448
321870369097125888
321299914153930752
321269340097871872
320446726794260481
320305373594656768
320253998353510401
319706106840637440
319517445222191104
319514404985135105
319514348122951680
319514072292917249
319513749226676224
319513647435108352
319513300910108672
319513085033459712
319479273155096576
319476005469294592
319475716385296384
319218386607427585
319052032235409408
319052015483379712
318411541189890048
318127931102744576
318127253722632192
318126595284013056
318108835355168768
317759832411226113
317756499151708160
317755752141971456
317408172493131776
317365844579581952
317002696274083842
316943193713287169
316856827088343042
316704666022973441
316701344427810817
316666431850823680
316554270663131138
316332612069228545
315943490209079296
315943365487239169
315943273208369152
315588363673538560
315194326588198912
314749004988706818
314748719402725376
314747293058334723
314746736683933696
314099634937155587
314010341086478336
312677528424824832
312531852328071170
312483360545054721
312482300975792128
312482091159928832
312365112604377088
312288756575125504
312288503637614592
312189433166311424
311943901349048320
311935754907578368
311561625033392128
311561306266271744
311561170958024704
311524458101874688
311441225557372929
311158398685151232
310830225669881856
310788372924866562
310356147880210432
310134083332231169
310131613843456001
310130696368816128
310127366934499328
310124597884375040
310124311249817600
310119725457891329
310119230169292801
310119065702244352
310111170323427328
310110825589374976
310110033050488833
310109052191531008
310095318576418819
310094278078648320
310079360008855552
310057492589731840
310030104426340352
310027245546795008
310026454618488832
310025680769413120
310024455529308160
310022210733617152
310011602713849856
309985690211471361
309961851775623168
309961311905792000
309961013166493696
309960395353907201
309960173173231618
309954213365030914
309954058444222465
309953963208364032
309953834879447041
309776737888260096
309776038714544128
309775364530524160
309775074238550016
309035287332405250
308902220970205184
308895722131046402
308895206772715520
308667191560126464
307598899235942401
307539837689417730
307460823054442497
307418448592506880
307254903649222656
307194692804685825
307194153303957505
306867233886461954
306518858330673153
306327933075742721
306325182027538432
306105525282680832
306102556462051328
305076539895197696
304937039080599552
304936843823181824
304936764383035392
304715566915137536
304664556859441153
304664419663757312
304236043778027521
304235173015351297
304234862934642689
304234601029713921
304233438834225152
304229473157533696
304177542955401217
304177274624815104
304177207033602048
304176897288450048
304153057002913792
304153005224239105
304142299477180416
304142191989755905
304141821066502146
304141462113763328
304141289941778432
304138171409653761
304137887866294272
304137809185353728
303584870314160128
302740753040420865
302513012307275776
302512395811692544
302331683909279744
301104483335811073
300971565355520000
300970825232814080
300970044752547840
300968011211350016
300309478077784064
300309334318002176
300206088010227712
300006963910168576
300006791117422592
299968761665040385
299643668506222592
299639659787608065
299572023426957312
298839180698591233
298838330630610944
298837192183259136
298717425212477440
298118313173737473
298097479562452992
298097113189978112
298096773501706241
298048325876322304
297760159005040640
297424697195376640
297423239616028672
297129021987225602
297125775029723136
297121934397804546
297121326706065411
297120909901316096
297120756398190593
297120230273085442
297119345589514240
297119110570078209
297119006685532160
297118901874081792
297118576635150338
297118476093513730
297118459144318976
297113784957415424
297112942552428545
297108533672038400
297108502613204992
297108111532113921
297107570106195968
297061592670035968
297001438335361024
296659334824341504
296659101855936512
296596146913177600
296595930864553986
296595787306110976
296595564911534080
295998992293191680
295997839228682241
295997608009297920
295922928992800768
295670006736379904
295668225746825217
295476593625804800
295223384680300544
295120394086670336
295118021452759040
295117136379138048
295116708094562304
295116373523300353
295111587503693825
295101190771990528
294910867894566912
294888889536110592
294850869164380160
294850856858300416
294752334775468033
294752283655299072
294752125739737090
294501525408083968
294501365680594944
294418042329366528
293847314139856897
293824608933646336
293823993989959681
293709158916710402
293699632268193792
293651543700410368
293489819135397888
293365841880301569
293365667330129920
293087184364400640
292616148439166977
292295395017629698
291977193339379712
291976837159071744
291701031182675968
291585369382744065
291585124154368000
291581376958955522
291135001754484736
291131590686416896
291130917530005504
291128984433983488
290857187893444609
290795793659600896
290477293179133952
290432345796915200
290431235971506176
290234595671150592
290154208982876161
290137860290519042
290137119832297472
290136837635309568
289842441413070848
289842148558372864
289789143754625027
289788850358853635
289445090496245760
289444470712311808
289380133033357312
289351510704410626
289272367610474496
289270061741518848
289163622486261760
288379162807398401
287342225011138560
287332079618912256
287330232422264832
287329925931884544
287329457432322048
287329001721167872
287328791070638080
287328184486203395
287203873410674689
287159920539889664
287159529878192129
286793590083043328
286788246229368833
286787699208249344
286604672259727362
286572647301672961
286257555611729920
283272207977811968
283271917895557122
283271815856537600
283271711317712896
283271637485383682
283266097929666560
283220623235366913
283220391571369984
283220375570108417
283220330535862272
283220168681869312
283219478429433857
282847836943560704
282844902721736705
282585261664251905
282580456451489792
282159492743958528
282093941946462210
282058432524214272
282056813514485761
282056018551250945
282054548502228992
282054421733588992
281817076061065218
281735479248945153
281536200643325953
281496866439454721
281487999370399746
279374798793093120
279373862100160512
279371949887594496
279258491284246528
278976521966845952
278976362168061953
278976271734685696
278975992796684288
278975259410059264
278630663417118721
278621669625565184
278621078836899841
278272483818360832
278269572430315520
278268558327296001
278266908996931584
278266543886962691
278266140738867201
278151383616733185
278141868817129472
277813652009152512
277428174722306049
277160774634467329
277058968029888512
276827699786416128
276800532440563714
276739778425257984
276738550312099840
276727124994437120
276699780242079745
276648763349680129
276595372145647616
276439753056985089
276439099903205376
276438935801057280
276438914133270528
276368603379544064
276080831745908736
276070856243961857
276027750580621312
276027667537612800
276012459268132865
275867237397712897
275725267983540225
275724175765803009
275713826618494976
275711666308661250
275710972671442944
275710176353452032
275710053108023296
275709863584223232
275709720852058112
275709553167970304
275709393960566784
275709233599766529
275709173851885568
275709068922982402
275708962937135104
275708819466768385
275708766639517696
275708580844412929
275708362853867520
275580670053609472
275018567576059904
274962185657143296
274891942456852480
274891297389674497
274887873877135360
274887076472840192
274886293115252736
274662213816569856
274661678879227905
274637906092630016
274594620544008192
274593199060832256
274592860760862721
274502582888722433
274502275614007297
274501825925898241
274501008414085120
274499907098902529
274454694536036352
274140532442292225
273816068538118144
273758440139128832
273757852471005184
273715635626856448
273578982102949888
273576690184232961
273555395652485120
273555150470262785
273555040248156161
273503322449776640
273498981173194752
273498793104777216
273495388986671104
273449401605832704
273449134369939457
273427769839468544
273343297924239360
272648559088771072
272291984041996288
272104729901924352
272014732024770560
272014558544142336
271987272004534272
271957493255651330
271892571113000960
271892407518367745
271892258532519936
271777131674087424
271755411332423680
271754045750915074
271753926603317249
271708052850343936
271704832946106368
271702947669344257
271692884514844672
271691430479675392
271680986348150785
271370385088475136
271370080170958848
271369960088027136
271171680532037635
271171275819474944
271170738793373696
271168778958675968
271167634505093120
271167327981170689
271166854075129856
271165999057870848
271164773511610368
271164393935486976
271163669927297025
271163271032229888
271051531317571584
271051182913499136
271049902182768640
271049395376635904
270947476402499584
270947059417358337
270618778734321664
270618722912313344
270616662569525250
270514818203672578
269744863631773698
269566381777899520
269467207753428992
269435224860028928
268830230993588224
268751303918891008
268675084506501120
268674152754475008
268672492539883521
268607186928824321
268606808581627904
268606740034113536
268606403852259328
268506677437947905
268433332600193024
268433310546554880
268429567931338752
268426423243505664
268426121467539457
268140200071409664
268140078503718912
268139830003761152
268139610209673216
268139467431346176
268139251261140993
268139092703866880
268137701084114944
268134178867015680
268118609497313280
268118293502640129
268118163537924098
267931081922183168
267775365513109504
267775301029883904
267745808005353472
267745714308784128
267729556885102594
267729182392459264
267728290599550977
267728091755982848
267727954019225600
267727326811398144
267724532071145475
267578217127350272
267434349639655424
267433973993570304
267421429295890435
267421328775204864
267421268217839616
267421247086936065
267421212739776512
267421123828936704
267410601645580290
267410379297148928
267409469976231938
267407432538537984
267407058456936448
267404418054516736
267403728976478208
267402858436120577
267402166736678914
267401702498500610
267401044101836800
267400522724696064
267400302146240512
267397744740687873
267397660405813248
267397128672907265
267396641861017600
267395894142459904
267394979566084096
267394348096843778
267392651744133124
267391722391216128
267388538507628544
267385794971455488
267315289534914560
267315261730873344
267301086723985408
267301046395736065
267300630262071297
267299963631980544
267299676598960128
267299634043576320
267299498869522432
267299400446013440
267299271152386048
267299100435808256
267253981418500097
267026169734520832
267026071625547776
266968718532296704
266572695955726336
266572284469325824
266431781593567232
266414931832864770
266414394471243776
266413074125320192
266409827075502080
266160037095931905
266144590296412161
265902379545788420
265886233270575104
265447591729319936
265447495700709377
265233732779266049
265107411122151424
264459641323401216
264459565284880384
264459430731603968
264148672474927108
264145949071376384
264073574602645507
264040402246582272
263922856369463296
263922806641803264
263790529521799168
263786924005806080
263786648343568385
263786351806263296
263785809600188418
263784470333779968
263735297920081922
263733334667055106
263733193289654273
263562038821941248
263550147995250688
263550032261808128
263548463894122496
263547150384902144
263436334516035584
263420140220215296
263419564786872320
263405732853059584
263401142539661313
263386227158417408
263368913885208577
263368680669331456
263368539551969280
263368322391896064
263356414033006592
263356248064401408
263356076055998466
263348150079733762
263347799129735168
263066076319973376
263065997970378752
263065711604297729
263065617282781184
263042912311447552
263042433183518720
262904077514588162
262699279955673090
262695456667234304
262197109162401792
261950562659074049
261943193841586176
261942832749744129
261935678223421441
261845693327622144
261836930549952512
261668831213256704
261666829926273024
261666659717230592
261657219823714304
261643666358145025
261628305801875456
261627638051913729
261627572205547520
261453091373711361
261452000674324481
261203956045336576
261203682417328128
261203513584001024
261203202987413504
261201658464329728
261136055972016128
261132110570598400
261131166705385473
261131112582098945
261131062124613632
261130992327225344
261117226269167617
260929159461744640
260928290708144128
260801589013536768
260801258611425280
260658492694740992
260658172824535040
260658104448991232
260417278045200384
260415607844007938
260415033752829953
259673377579614208
259350879617052672
259281402393141250
259270987961466881
259270049595002883
259050186523938816
258914809637122048
258704557327147008
258702763956006913
258701036892590080
258674577876598784
258286680707067904
258286380692680704
258191827688112129
258121584819195904
257982144708763648
257950790965161984
257950071793000450
257948654650945537
257947810765357057
257894291014299648
257894275373731841
257840573711540224
257840469835382784
257840382640001025
257783394988089345
257782453731737600
257779722363207680
257778734390718464
257778335516618753
257582278987902976
257529699364909057
257529529101340672
257527239946694656
257526535848878080
257526107623026690
257525967738765312
257525761483890688
257525654860484609
257524216725913602
257190045608472576
256761647400640512
256401828445581313
256382290127646720
256361732195356672
256301290064334849
256143324442943488
256094499833528320
255952536584986624
255806301177802752
255743066881798144
255722059907362816
255600122468118528
255343268848623616
255341256467697665
255316375378202628
255266498795425793
255266197589852160
255032449095053312
255032189295681537
255029399043309568
255025100255014913
254968899802640384
254967711048818688
254952448551157760
254901955556671488
254898507842985985
254898145102811136
254874671961497600
254874275138396160
254870769572646912
254870418350043136
254546896557842432
254502877316407296
254272867724820482
253979356244885504
253907323926482945
253813765903106048
253813197033852928
253809829087432704
253792892693385216
253784921770962944
253599531239886848
253599339472109568
253599105694187521
253598967504453633
253598788281843712
253598706580987904
253435231640637440
253252907544240129
253251936852267008
253250211999281152
253238052904914944
252849893046104064
252849466581860352
252818164260425728
252795354322452481
252794114289045504
252780826390061056
252712695466430464
252710565158453248
252009343753547776
252006061148602368
252001840009457664
251767240473587712
251767230730235904
251765956223832064
251764470202908673
251719897778888704
251718830567596033
251458289697701890
251399151512854528
251380771535872000
251341246138826752
251325186002001920
251042192397832194
251028726765191168
251028289538375680
250968035077279745
250899751967551488
250899585080373249
250750817211150337
250734085494943746
250729525917396992
250594938356629504
250593183573086209
250592839912800258
250592596131463169
250445506726215680
250444670713356288
250440846367940608
250435269466128384
250379248085389312
250361325153300481
250327061107986432
250326986210287616
250319497653784576
250271702490181632
250065563685117953
250065475399204865
250065069222797314
249994646191734786
249696729212022784
249696485376143360
249645878674071552
249645250639966208
249644948843020288
249632499356020737
249553116456968192
249523029829378051
249491639276556289
249342055896203264
249341514810003456
249340739841052672
249340657280376833
249340409266970624
249339738199322624
249285582986022913
248936814684012544
248738131480834049
248391182156181504
248349064960286721
248077558267138048
248072115796967424
248071387871318016
247986185459363840
247985674450513920
247849297293484032
247849284362465281
247838823625658368
247837226665402369
247836754063814656
247685071128121344
247452488700157952
247395039280496640
247382517886369793
247102723923800064
247071300764446720
247071092039090176
246887582896648192
246884804493193216
246707730910429184
246707706113691648
246603280875151362
246603157587763200
246540783191199744
246189070257119232
246186765126344705
246140477940838400
246140108145831936
246023025215037441
246022468345679872
245925629109866496
245900504666890240
245663106569740290
245630973004378113
245630519390380032
245630262996783105
245630001079259136
245626758471249920
245254816136302592
245254236173115392
244884697598017536
244836873187504128
244554661946851328
244554189785669632
244553765917687808
244491442322550784
244347667789008898
244346806681624576
244344974047580161
244082628809089024
244017877957627905
243965864087519232
243965388050800640
243832072945426432
243831891885694976
243831732216938497
243831692178104320
243769327445213184
243768119385010176
243463700021903360
243453207714615296
243251271363067904
243075006773489665
242699135034208256
242696125931483136
242393843046178817
242393818136203264
242393671780155392
242387344848736256
242385906173100033
242382921405714433
242017433194475520
241652939595341825
241491160042971137
241190191480586240
240956853448736771
240956779423481857
240956710649487360
240956660905025537
240939706936856576
240902610893275137
240896310365007873
240895941010395136
240841649180262400
240767625435701248
240416847042867201
240169715656450048
240135136597901312
240076943905669120
240025347876323328
239679962033045504
239626921292492800
239626595554426880
239626389303742464
239441471894339585
239437048832995329
239435715207892992
239435474689744896
239435207713902592
239432216248213504
239429441019842560
239111006226374657
239110095584256000
239052203111874561
238743392434130944
238742885967728640
238726287814950914
238725593049493504
238706281496584192
238682611545939968
237678980604506112
237497488884518912
237214782606938112
237180210372554752
237147848737689600
236942553826594816
236939953106472962
236939135896678400
236926855373000704
236908663061757953
236908634590814208
236905934805401600
236905463390806017
236903614231224321
236902743900557314
236556741909819394
236492753159204864
236146404165292032
236145871807447040
235833419865657344
235743709067612160
235694931329572864
235507527306072064
235505676674297856
235505642155175936
235505619380088832
235497277614063617
235367276277297153
235126872801951744
235015563435454464
234679718597758977
234677731214888961
234649699800453120
234598855671418881
234598742991450112
234575407712727041
234574877338779648
234574824196939776
234263285892005888
234254786684411904
234254687921135617
234254542722711552
234230950756769792
234229500634861569
234228559776972800
234001555148398592
233572286471487488
233569076495126528
233568430954004481
233532407091965952
233530169942474752
233529785752637440
233511501275738113
233112298074554369
232954246285385728
232951166542163969
232950369024634881
232924284354445312
232814475231768576
232813925035552769
232187722226339840
232187601942102017
232158320448901120
231862633492529153
231042625875107841
230986315620040704
230978757144502272
230978261943975937
230978185771220992
230977818866098177
230977345459212288
230977172838445057
230956591241895937
230926997986086912
230926561560375297
230781971054333953
230748463011344384
230689515533131777
230675568352444416
230424780623454208
230423975061225472
230423298050244608
230410653096108033
230410599723585537
230406787923320832
230370086983180289
230312255743488000
230312011202973697
230311786379886593
230300213506613249
230297810539532288
230084265667338241
229907758831513600
229879022497169408
229878484644802561
229264088423866369
229128137965961216
228987095107129344
228984764646965248
228983510956912640
228952974267932672
228947898086326272
228942237365579776
228941998466424832
228757703298805760
228261864864378880
228231032657285120
228230578963632128
228230388517072896
228229786525384705
228229195908669440
228228650716233729
227711766581346304
227647703549607936
227647220432908289
227531865672802304
227476797024002049
227181390855274496
227134871733161985
227133841117159425
227127540987351040
227127378466455552
227122243921141761
226741610870886401
226722479836626944
226716279162163200
226714954999398400
226714078754783233
226711183422529537
226688458276605952
226075474831503360
226048639578034176
225938528964587521
225937673582440448
225913208144281600
225661996375351296
225648262198210560
225500074061467648
225276516634857472
225223714294337536
224932449841459200
224932277120020482
224932032285917184
224931895933288448
224242477153005568
224242253105860608
224033045626355712
223836153080590336
223835887199453185
223835764516073472
223835367713943552
223825723117408258
223772312577642497
223766093037182976
223738396177211392
223724227117854720
223439895392292864
223439166715854849
223317060237799424
223086745024069632
223086371009601538
223061409754390528
222998669119602689
222998531449958401
222988690509664256
222627561539239936
222457845856219136
222400217717288962
222399710814670848
222399143006584833
222398956536209408
222398663299837952
222378474319519744
222037435473862656
222028200740519936
222020147085447168
221997455900815361
221724440306794496
221698415413837826
221698118956232704
221693454948909056
221693104485437441
221624769781563392
221624613568917504
221624491246223360
221616248746811392
221565989215674369
221540723680485376
221535231038078976
221534736949055489
221354916264939521
221178034244427776
220967674853855233
220963719042187264
220628587437494272
220628222927314944
220503998325727233
220481107051819008
220465466882265089
220449822837194752
220270559370555393
220202403666997250
220202107763044354
220090338201702402
219189556694614016
219188948776386561
219186181630476289
219186094846124032
219099719648018434
218997481634152448
218972258591457280
218831610089443328
218774824292589568
218768842170695681
218733825621098497
218721077503852546
218720206242054144
218646157532999680
218641929322242049
218509728110747651
218509270424109057
218355032125480961
217965038353391619
217962553102442498
217730889730375680
217729913690669057
217615933894705153
217509812869660673
217370471417643008
217360203597885442
217338411030282240
217338388615933958
217227214436052992
216833398952574976
216591587520692224
216577217247969281
216576909121830912
216568648008089600
216568595260506115
216517053320933376
216509825717248001
216503797692907521
216498961865900032
216476850518630402
216476017064292352
216442794468847617
216408324428677123
216313669401841664
216309425928024064
216226474779357185
216166134104342530
216164934839570432
216108368694231041
216107886676410369
215934339291160576
215934084185198592
215933471988781059
215932793014853635
215928419819589632
215928257592303616
215928040834859008
215927712001437697
215927506216288258
215817393140809729
215574884405874689
215557748526551040
215557544763080704
215488629596897280
215376434108182528
215131520300613632
215101991809056768
214705843885711361
214668453993394176
214668303287848960
214110890184814592
214110509975347200
214106936378015744
214100301634998272
213614619036626944
213613012903403520
213612814680588288
213406432454901761
213359017408479232
213352816792711168
213040993933598720
213040426335215617
213039898284916736
212561555110375425
212452861194403840
212442777374564352
212222388149039104
212219252671909889
212217619971977217
212217064159576064
212214039344975872
212213557213925376
212109053634166785
212102841836371968
212099891818799104
212099039372644353
212098731254874112
212084220129050625
211863933299081218
211862025448599555
211210650280669185
211198967755710466
211195442283806720
211084182695317504
211078857657290752
210765264915144704
210765076314062848
210698091823775744
210678193076703232
210313881724260352
210313180751208448
210063909338628097
210063457930842112
210032125930504195
210030093718917121
209401316378820608
209401138921996289
209400842003034112
209378469694554115
209378325662146560
209322226045034496
209251160861839362
209041962907615232
208686277934063616
208670477391106048
208664819153371136
208664453909184512
208662561703460864
208662407608938496
208621876233252864
208320585921605633
208320171671171072
208266439562498049
208265306345447424
208164373578006529
207949845275750400
207949333155422208
207947886980374530
207947619669000194
207947440479944704
207947034441945089
207946913696329728
207945074808586240
207906842834239488
207729166139932673
207554395515273216
207537583264247809
207474067366879232
207466922105774082
207217567448842241
207216887673798656
206811568434974720
206802304266018816
206801380537675776
206800630323494912
206800274029948928
206800202156343296
206799838141100033
206799437215961088
206754983771770881
206754310955089920
206296189606428673
206296153388613632
206267639490805760
205990408302501889
205990182892220416
205901876900798464
205795593061285888
205790356778926080
205790104093065216
205789819304026113
205753848017584129
205753506622218240
205753161707819008
205432815439986690
205380457225916416
205380235657617409
205380055168327680
205352847129325568
205346812473769987
205346287367888897
205203111323766784
204968645179351040
204968342421909506
204885218254000128
204480065633914881
204232162550099969
204119969687019520
203275527786741760
203250975048339456
203215597234950144
203131351522738176
202959985829875715
202957662583926785
202748595487776768
202742316656640001
202741860400234497
202741158550581252
202733547604283395
202523933046620162
202494803802468352
202494445906698240
202486019185053696
202483929498923008
202482898367029250
202375163029889024
202174925073686529
202165300999888897
202164353833779201
202123614517075968
201684848463708160
201677955498385409
201429020770963456
201428892001640448
201397061147557888
201351668229603329
201351314003861506
201289172445696000
201288829649420288
201288792156536832
201051241760038914
201051194280509441
201051070758273024
200669096226996224
200585393874276353
200585183248908290
200584669287301120
200530223689773057
200482228273287168
200261313321123840
200259954068819968
200233305017290752
200227576604655616
200159797906116608
200153295040425984
200148282465452032
200148111904083969
200120607449415680
199960877200445440
199960416019955712
199952696088862720
199914156994994177
199902863370092547
199754284429099008
199611889867685888
199605055811362816
199230398444736512
199229454990577665
199226752298524674
198749069416464387
198504768417701888
198470426312183809
198461220494389249
198461100361121792
198321676893691905
198189867346296832
198111058488066048
198110702580404225
198110221753778176
198036694837104641
197980427024220160
197953927818391552
197941578357145601
197667534265270272
197609745522245632
197609069035520000
197461850391187457
197443501707894785
197377208845742080
197377071679406080
197347791931064320
197241134379057152
196988410668400641
196958460687024129
196957714369359873
196315923009904640
195894566228996097
195893998370570241
195853344978378752
195822813943308288
195577561802215424
195577433695584256
195577247296528384
195572658157522944
195568282584100864
195562523863420928
195536488358883330
195535949470515200
195535398422839297
195202689427185664
195135629535879168
195050286291755010
195045367480467457
195044625650688000
194916825421717504
194915540404408320
194915391842160640
194811058479837184
194781590679851009
194781196666945536
194709034065076224
194706385345327104
194685958787043328
194545738838052864
194440630347370496
193654055300644864
193651641076027393
193617122679726080
193616638225035264
193613214129463297
193457543136280576
193392750396321795
193388945785094144
193388035679846400
193387284425478145
193297272790990848
193291832887746561
193291592075984896
193043811147071488
193043578329645056
193043366525669378
193019590547226626
193019192142868480
193018019239301120
193017699201327104
193017254747717635
193013311397314562
192878463189913600
192663773151100928
192660880641622018
192660087054139392
192589462855892993
192568298758619136
192557273640476673
192527082381770752
192373164129525760
192241594806710272
192167649235578880
192045081719611392
191851387636826112
190624827969769472
190623194665852928
190609008233684993
190578519250706433
190569752379392001
190568228580360192
190139519142600704
189754427597520896
189754222806441984
189754061808074754
189753867901210625
189380072770256896
189194365107834880
189194081660964864
189192781741301761
189192162070626304
189191131706294273
189000176222994433
188827852463013890
188827695604441088
188827556865249281
188808489844482048
188808219211214848
188807851693719552
188807599725096961
188807335773356032
188807139970650112
188806859803738112
188806811854438400
188149082072678401
187788682923741184
187625018014961664
187624682940416000
187591697880989697
187420774339055616
187351649327648768
187168833851752449
186994403515179010
186993813506629632
186986368411512832
186986034918199297
186984140518858752
186983352719515650
186948246806069248
186871573582594048
186577470680604672
186562652414279680
186562016213872640
186561646964121602
186345987319668736
186208249798868992
186049087878078464
186049049705725952
186048795769970688
185852688376922113
185852240647561216
185851993674366978
185851462235062272
185851070898114561
185833696388071424
185482092673646593
185312666045263874
185302056205172736
185263296474132480
185061957345353728
185056479399788545
183951618432172033
183923575391133697
183923298097307648
183609053619027969
183519184804782081
183322579371687936
183322219601072128
183320621235716096
183267344674586624
183266628446855169
183227751879278593
183227123111170049
183226558385885184
182867030167396353
182851323195174912
182528002662465536
182447813869834241
182241082355097600
182206555419185152
182206312313126913
182085303329230848
182037243127533568
181902416340459520
181902062559301633
181901742785560577
181901564997414913
181900809552932866
181900435387449344
181900088417861632
181899738893914112
181886045208576001
181781171691196416
181671076844154880
181670615881756672
181650410354900992
181649787697889280
181436746620350464
181338707788447744
181337947143024640
181335812561055745
181335686945837057
180788701910142977
180788417607630849
180721863167721472
180721418244325376
180720123185856512
180719638450151424
180719255518588929
180445223728590849
180443965668069376
180443221892141056
180373856127684608
180295290765590528
180290502363590656
180290479458496513
180230363812069376
179709835816873984
179660821645897728
179657607039029249
179613593313087489
179608924339707904
179287126913974272
179286770804994048
179286589149679616
179280957763883009
179280045284667392
179277337681072129
179276586145693696
179275493483352064
178966094600609792
178965658804031488
178578716312616960
178552076488556544
178551696803368961
178551520466436098
178549519787622400
178549010821431298
178548963249623040
178548206618148864
178547983481192448
178547786625716224
178547593310244864
178547429887574016
178545970982813696
178545351521869824
178544806476251136
178544486740275201
178544142362742785
178543680423075841
178522992312197120
178520962730426369
178499760452415488
178499710825414657
178499333203824640
178499272155738112
178268197773000704
178223209634742274
178202216002363393
178144483039395840
178099032311349250
177958305057087488
177857331458084864
177849106776064002
177848470852476931
177830130763317248
177828689910837249
177819665492488192
177756044532002816
177755299665543170
177755198230507521
177754581021892608
177739275754942464
177737634188238850
177726850771058689
177726756474720256
177726232887173120
177725070238691328
177597210094084099
177538938150469633
177523454118068226
177519388184944640
177518421624360960
177518367064862720
177518138072637440
177517625067315200
177517250360774656
177398871784308736
177389181130113025
177371716849373184
177371674990227457
177360994744549378
177353884401020929
177344246137888768
177343644683091969
177343384955002881
177232209583947778
177147272096776193
177146847813582848
177093224538705921
177093157471797248
176708250434154497
176684187896655874
176601174751977473
176456861590093826
176071348878180354
176071219081265153
176036354097033216
176030351636971520
176029052904284162
176027854734229504
176025849701744641
175888143642398721
175887958929457152
175887663721750528
175669342179041281
175666842503872512
175666794147758082
175579252006207488
175574816408076289
175574367831461890
175571678401789952
175570448355045376
175569538006532097
175509094495559681
175508956159033346
175301776419987457
175301145584074753
175300960162295809
175172139937300480
174996394283761665
174996133091880961
174995900341555200
174995701237956608
174995321510821888
174994983961636864
174994688422588418
174891862535049217
174873196997246977
174571469303595010
174571398130438144
174507006399488002
174506800106844160
174506459357392896
174485970035552256
174153814822240257
173928152874221568
173761920476786688
173761726901256194
173761532725960705
173761054038425600
173760856851623937
173760680237862912
173760571722838017
173760314347749376
173740181604667393
173535685154844672
173481766089273344
173169268333092865
173144593011982336
173143880064172032
173143156915847169
173018741284671489
172787787622395906
172787772191547392
172725388588486656
172718442791714816
172718336411582464
172718052381700096
172717684901953536
172715398532317184
172714312740249600
172713355201622017
172655201646424064
172646940020977664
172645282507534336
172643975235239936
172604137559699457
172596312984915968
172595871366651904
172581546035908608
172572485936615424
172570327384203265
172569386295627776
172457693662023680
172457639509372928
172439949356965888
172439429456199680
172438799320748032
172438428951126016
172435667706589185
172426448039186432
172426160767107073
171947533336182784
171931096072716288
171930773266509824
171916578500247553
171904896134680576
171896809545932800
171726407800602624
171717253597892608
171717131757551616
171716707927330817
171715650434248707
171715275459272704
171711973296324608
171708886397624320
171625184372072448
171625074502279168
171624854401982466
171519446224076800
170990288129630208
170989839930499072
170987946239995905
170987671047503872
170987299260207104
170986783209828353
170915080865722368
170914463925538816
170843136380248064
170838358308814848
170619376465215490
170492067024355328
170454418028888064
170277092662059008
170276977431945217
170276488485146624
170276222239117314
170274542902710273
170206354328399874
169923378734571520
169890424385835008
169879147097755648
169878808810356736
169875557138448384
169872693909389312
169857191640174592
169448666862583809
169332685976776705
169329230826586112
169329067676545025
169129031164370946
169095644282228736
168831057301479424
168826831955427329
168283008741277696
168038536837206017
168038356301774848
168021612585697280
167960634795896832
167709307184488449
167678564651630593
167672762238902272
167623729373908992
167622706991345665
167607837319630848
167606366037487617
167393094243848193
167393027600547840
167262147703865344
167249571368538112
167227682470371328
167221121391935491
166664551041994753
166664356858298369
166663890732716032
166581309353902081
166509274929967104
166506276824682496
166505758731677697
165878008379486208
165730523535261696
165564863282823171
165564385404792832
165517982808813569
165480941198901248
165480849523998720
165468863121735680
165359913596497920
165146836385005568
165115097759490048
165114995447824384
165071756074295296
164828660174561282
164785169318940672
164781766215860224
164700657801117697
164700250844561408
164700217248194562
164700176802512896
164492845657497602
164492619601293312
164492140569821184
164491859526287360
164491709265362945
164491503136276480
164481429240160256
164371441964425217
164370073757302786
164316300859023363
164300660978884609
163963119452950528
163943531809996801
163715812149039104
163604899777622016
163603451178262528
163603230499155968
163392513904877568
163363790577090561
163362708178210817
163345893515476993
163345838754639872
163293632701534208
163292997197365249
163286657905336320
163285969347428352
163284678294503424
163276914587484160
163166915198590976
163148766596177920
163025836721717248
163022783411007492
163006925091516416
163002591473700864
163002219166310400
162919766149963776
162914024961482753
162913878022434816
162913589873745921
162913014918549504
162912879576752128
162904224211013632
162902440671330304
162901406112677888
162900899017134080
162818285623181312
162680622475788288
162680198284836864
162678562283978752
162678192627388416
162670633925349376
162668132283072512
162667584506957825
162663322796310529
162606714410115073
162606605421133824
162601286469029889
162597020199174144
162540282850717696
162540127502073858
162517162521661440
162515721363009536
162512753561579520
162510799020105728
162510190833438720
162508841970434048
162507619603451904
162507100906455040
162506578946306049
162505702361931776
162505228019703808
162504114599772160
162503634452627456
162503129684914176
162501781727870976
162499600882737152
162491379543588864
162480932593467392
162476185182420993
162475778875994112
162474198911029249
162473558830882816
162472953508921344
162472164929441793
162471782262124544
162471175946117120
162470843073564672
162469858158718976
162469240639717376
162319156904071172
162313358090059776
162312171525636096
162301286178492418
162301085212610561
162300986340278272
162300768311984129
162254671044558848
162251703834525697
162212682299224064
162212020819726336
162211517855563777
162209373312135168
162168986698653696
162168930968940544
162143834543886336
161937855134961664
161937012427980801
161936285974540289
161933911813931010
161933158160416768
161917641102082048
161821844972896256
161821355342434304
161820983886487552
161478106656423938
161477783879548929
161476433938616322
161475866159890432
161475822581059584
161475753135972353
161475598248722432
161475400046874624
161475301182930944
161475227287699457
161475016255483904
161474697320603648
161474473437036545
161474389697773569
161474319703216128
161413261189849088
161226183948771328
160845183133556737
160844315101364224
160721303169536000
160671451366699008
160671235955630080
160667931804569600
160338250815373313
160295129998049280
160291368193900544
160277926217138176
160136387985805314
160098522270674944
160046501358350337
160045719758184448
160045365830225920
159595416541859840
159588380789841920
159587126177046529
159586054612058112
159570489625411584
159547023794765824
159539275271114752
159538680539791360
159405334472044545
159405002601934849
159404670228512768
159404365738819584
159320504656867329
159320368916598784
159204080944816128
159063618783154176
158942782432608256
158679054646640641
158678195816759296
158605018625359874
158604594736410624
158604462238334976
158603943587487745
158603640268009472
158578602500308992
158577696107003904
158571790422130688
158542320432721921
158520272041943040
158294926084415488
158288422052691968
158288372446670850
158288279555407872
158117098122526720
157925407478390784
157794347486679040
157780961424183297
157780620196593664
157744643994431488
157744448200118272
157616662709936131
157615366485458945
157603057696378880
157601903696547841
157600720709877760
157235785534414850
157234580183728128
157234406883475456
157233701347016704
156886300593618944
156886104199544832
156817325029474304
156782270030692353
156782175457521664
156779450594377729
156740012505968641
156739930637344768
156685900556943360
156499730380234758
156499507314573312
156499157677383681
156498700561166336
156497225084715008
156497044020801538
156496456080048128
156149507229356032
155666515826450433
155657384851812353
155433067098537986
155432216338509824
155419291162918915
155391208884142080
155390452688879616
155360902554730497
155311911653740546
155303141108219904
155302879534649345
155224426890280960
155220402124230656
154970142533627905
154969536276332544
154707524883451904
154705973573992450
154705685232361473
154705400183263232
154705160587849729
154217149324464128
154215656542310400
154215220418592769
154205236901322752
154204915101736960
154204798063886337
154204414071144448
154200363665330176
153977515487137793
153975323539673089
153941890562146304
153941741190385665
153941462017507328
153799110883950592
153606320195514369
153600511692644352
153549047175725056
153548585428992002
153402576057016320
153208994343825408
153208927591481345
153172207114260480
153171789315452929
153171607941160961
153171137222819840
153168126664650753
153167588753555456
153167077451108353
153155387288326144
153154634347839488
153099969136574464
153099620447297536
153099293576798208
153099151972900864
153098869113237504
152874231275864065
152370931103301635
150670588501950464
150669550503985153
150668587135287298
150375179443376129
150149116817719296
150148554055364608
150148451332661248
150139295716483072
149985254810193920
149610973509058563
149609740715044864
149608246884302850
149608051433930752
149244974146404352
149244022467198976
149241942264385536
148897220391993344
148867680382877696
148864627617435648
148862273493020672
148861785913573376
148860109613842433
148859802615939074
148858632220585984
148858381216653312
148857805275799552
148853835740352513
148813662612766720
148169033777283073
147967736281186304
147826190529462272
147811732503531520
147493961391554560
147490465531428864
147490180184539136
147464820701143041
147464350553210880
147464229547544578
147464092410593280
147464018444038144
147463576012079104
147453196158246912
147444994112892928
147419750237089792
147419703353163776
147288436422868992
147286108739350528
147286021917257728
147031228615368704
147030805410091008
147011528221138944
147009464468389889
147009028332072960
147008998787395585
146686566524387328
146615456843825152
146614012556226560
146573325018206208
146566963693498368
146543871197855744
146543274214178816
146542419863810048
146541494713585665
146269289278742528
146168629749219328
146066992414208001
146008553541476352
145807352115900416
145272384902004736
145167215086419968
145167177002127360
145146052645888001
145084273421070336
145083723975639040
145082759461863424
144890160423768064
144890104543051777
144887379528912896
144887155863457793
144887051664359424
144864557834317826
144864285401677824
144863449011339265
144863020147945472
144862803944148993
144861752553766913
144567891977707521
144567828501106688
144563716975902720
144562263666343937
144402644549644289
144336724095545344
144180479585828864
144178843022921728
143768680600322048
143747788956643328
143745909237362689
143745155051175936
143744771230416896
143709838650785794
143709595276288000
143672366059368448
143669436212195328
143369148666351618
142991924444401664
142991527277375488
142547876772454400
142392268974854144
142308348879052801
142174962902499328
142173373403901953
142172800864628736
141831308753113089
141831029693485056
141795382756773888
141794510043742209
141668581506162688
141653367880560640
141634931775377410
141633062625746945
141532084106825728
141531760004575232
141246904339136513
141246872797974528
141246593675427840
141244998325768192
140444710668996608
140444483736178688
140325207125667843
140147622982852608
140147328882458624
140096849263599617
140095597955915776
140094751851544576
140094311655153664
140093765774884864
140090437988921344
139775626818232320
139773678853427201
139663500950769664
139469936044154881
139402975230689281
139402431997034496
139401913136451585
139065347289530368
139050659629641728
139050313993826304
138730801725571072
138729888768204800
138365638174453760
138338957166526464
138336806117715968
137872180217249792
137839572053803008
137493898225385472
137493400143409153
137319751046270976
137225645192261632
137222885566709760
137222804276908033
137202044384706560
137201736539570176
137198051109515266
136920069539250176
136917366415175680
136887253908717568
136884490604777472
136883764113580032
136881799291871232
136697607228633088
136517091820974080
136516610218409986
136449262916612096
136431935328239618
136431592867495936
136401256133574656
136386569492905984
136076572120723456
136041213571772416
136040677631995904
136036641486802944
136030214605115392
136029334975692800
135738809408172032
135716327309582336
135714506641907713
135714092164980737
135318253550571520
135085867869028352
134753630778699776
134753125499277312
134714945345564672
134357085734445056
134351897749499904
134349944160129025
134348336311447552
134298164663558146
134033779399471104
134033579553472512
134014241425461248
134014006519271424
133901318514409473
133853485782413313
133835558253375488
133701679576129537
133694039076782080
133691452361416705
133691049846652928
133690416829693952
133690348248629248
133689739105681408
133689652149362688
133689503348039680
133689264906051584
133687245344473089
133686086542168064
133674542752202752
133673503474982913
133673124494454784
133581421523632128
133581173145350144
133580615739113472
133569747374718978
133341910856241153
133338126285414400
132888916788387840
132884752708550657
132884354388070400
132883151319072769
132883085103603712
132581382802243584
132580452392378368
132551929204178944
132541093827973120
132540882284052481
132493850425032705
132493642341425152
132438402162360320
132399119569395712
132144304197079040
132025293652238336
132023032972722177
131775125472284673
131724622747013121
131722308862742529
131722174393356289
131520078779920385
131519333846360066
131090571640061953
131087309918572545
131086009730465794
131083688187396096
131059665470619648
131059556708130816
131057507358605313
131046429635514368
131017161241133056
131008940581453824
131008289776472065
131007431512821760
131007142776930304
