398170559055687680
398121753412923393
398075420366880768
398052980190371840
398034776386707456
398005377536901120
397868604630507520
397730824524955648
397729357390938112
397423376245223426
397422810991456256
397320058307117057
397319198499930112
397141189348306944
397139204234551296
397130300083695616
397121514543513600
397118848631324673
397115092124573697
397110067163836416
397106723561168896
397106386867597312
397106268269477888
397105692982919169
397105051078262784
397104745082806273
397100749718818816
397100573881040897
397100423263580160
397100028076232704
397099388960788480
397051493322620928
396757365124780033
396643879568801794
396416692366348288
396337513415331840
396241524868280321
396027188686123009
395992377271533570
395990362105589760
395851265282146304
395619147234934784
395618814106533888
395610903506583552
395610299816239104
395493754360307713
395325078772412416
395322675436204032
395319728786657280
394557622659334147
394433853286514688
394411733370294272
394405482229940224
394196268203126785
394195466935869440
394129287533846528
394113401024413696
394079935004168192
394056765547216897
394056559288156160
394056185718247424
394055850647883776
394053842524180480
394053332580708352
394049806202863616
394048493989679104
393881918414282752
393450266600939520
393449904787718144
393448293600362496
393447535282757632
393445986741530624
393445290289930240
393444677355311104
393444290992828416
393444182733651968
393443511082950657
393442451299774464
393440041642770432
393437830443462656
393381506233954305
393349489039511552
393349289348710400
393326557756162048
393322961887039488
393032176750825472
393006883289956352
393004804924276736
392994104931807232
392993201906520064
392960193782611969
392950686230806528
392801754704003072
392799398855708672
392643428204683265
392643121781432320
392642958811734016
392642869863149568
392642614807523328
392639723837337600
392638987414044672
392629710951550976
392594574004465664
392305776485990400
392267864620957696
392267712816492544
392218894771163136
392038622507323392
392017875290316801
392017563418656768
392016853893382144
392010786459361281
392010070198059008
392008058593095680
392007427941728259
392007327085498368
391961285740728320
391668377464606720
391667588599930880
391667267500781568
391666333177638916
391665886580707329
391664705267585025
391663941438672898
391663183389532160
391510437390721024
391306619247935488
390904110280900608
390904007507841025
390899123056312321
390898816616243201
390898472276467712
390898289526439936
390898054083407872
390897735031070720
390897527962492928
390897305517576192
390897009986904064
390896752859316224
390896721875968000
390896234099003392
390895303567888384
390895088022609920
390894873110675456
390782379994148864
390782170983583744
390776270277341184
390771199783211008
390598749405601792
390130680455520256
390033418467409920
389810993226080257
389810697775095808
389786966528905217
389786348481425408
389689759742038016
389495130396561408
389473111609188353
389404542766706688
389404472201719808
389173303266791424
389151184168448000
389143882463969280
389143081372905473
389111995800498176
389109904411471872
389101994528755712
389101934298542080
389100898183831552
389100195868590080
389099786663911424
389099005101506560
389098737844645888
389096604202184704
389034131877027840
389016522678890496
388991810686947329
388991624124321793
388964456610668544
388712075985711104
388711647709515776
388659665812615168
388658921361408000
388657517691420672
388656336353112064
388656059705221120
388226123571937280
387974658957799424
387877375465521152
387532424802234369
387531616958308352
387531219443150848
387530797806518272
387356304261779456
387355700244283392
387354829561278464
387354620617850880
387255897229373440
387255239231168512
387254700946767872
387237493827194880
387237204902543360
386944435927666688
386944099271839744
386599661848760320
386568549160189952
386567932274556929
386567484016689152
386295061983821825
386194771712438272
386088383271174144
386087589796925442
385812136645361664
385811000181940224
385810619083268096
385810242069880832
385809734156431360
385808027338932224
385807596856569856
385806937772003328
385805842005884929
385803334604824576
385802544448278528
385799821866844160
385799659559858176
385790355175899136
385790236544233472
385751719705337856
385749120092483584
385748591509524480
385698705279823872
385399760657874944
385389198473437184
385387080991670272
385386381339799552
385385795034820608
385385112311181312
385384610068459520
385382719905349632
385381543881224192
385381323269238785
385380573797441536
385380007948087296
385378893836079104
385377607644364800
385376944369717248
385376225440829440
385348854830616576
385346184992546816
384994058634264576
384983467454631936
384982296409161728
384973878315208704
384725208244170752
384724114684280832
384653392783896576
384611545957027840
384391392912740352
384386773394399234
384382049983148032
384381739621441536
384380592022093824
383648500602634240
383349923498196993
383346003623280640
383345333398679552
383287262546763778
383287015049285632
383281906852593664
383281624861130752
383280329517461504
383280185757282304
383156959509479424
382907645407297536
382905789834625024
382905402238984192
382790469132255232
382789526248493056
382604861055197184
382603947569319936
382603830967668736
382603581826031617
382603072989839360
382602520012808193
382602307407716352
382601974744903681
382601805961916417
382601382509158400
382601137486299136
382600797327872000
382557216303505408
382556044972793856
382555623520739328
382555375608008705
382554668834258944
382553597625380864
382553039137423360
382491572971253760
382491036754644992
382490747863592960
382245344731742208
382123916338008064
381893582816559104
381870617970348032
381861702842998784
381825967943344128
381824563698348032
381802283329409024
381777878914179073
381723343894114304
381500129867755520
381360515886645248
380717360438865920
380716789048832000
380716347547983872
380716061559377920
380712881714896896
380712361520558080
380711690801020928
380710897511329792
380707659743494144
380655160147861504
380454393608691712
380439996735684608
380373403410374656
380334699220320257
380320813901438976
380247573141135360
380078771841564672
379925577375158272
379877543631134720
379643410665455616
379547052621189121
379279728924172288
378880589384151040
378816289017708544
378625907239698432
378624946622459904
378621813611577344
378620993163771904
378618334021169152
378609665355304960
378270595953491968
378142794134863872
378140952516644864
378139712726528000
378139527346671616
378136563831832576
378126254605864960
378054597103087616
378051373562347520
378050446742781952
378050161282654208
378048374911823872
377911834353098753
377847993871106048
377765266593435648
377764144294166528
377763738713333760
377455373135122432
377437887438266368
377436725242781696
377425629471596544
377424515099525120
377423591702552576
377407615388901376
377183079766720512
377062416754171904
377061894022234112
376726928033853440
376468022510493696
376446254936764416
376442164605358080
376441761234944000
376438676135641088
376437961640136704
376291236354990080
376050401038336000
375755110628216832
375656883727892480
375655336679866368
375629256363352065
375628978390061056
375628807577018369
375625947275616256
375593172178829312
375332888163917824
375243718967955456
375242953633304576
375242490443726848
375159949477044224
375159734598643712
374925259243540480
374923502111178753
374920029911150592
374918355846963200
374848541837242368
374831757742583808
374614303393214464
374463981509169152
374386103278518273
374305034827464705
374263216052113409
374262815022153728
374154695029563392
373968991251079168
373968721725104128
373968187693727744
373968029945958400
373967032393674752
373966729116147712
373966443702149120
373965424742117376
373406271946653696
373405918895288320
373405660509401088
372746907225178112
370675968018370560
370675536496193536
370608459181735936
370608195477446656
370547299803742208
370540626666074113
370219383706374144
369152562458423297
369151988816027649
369104002111127553
368691747615801344
368416055280279552
368414846683217920
368142876825624576
368142608797016064
368142302851923968
367776339824508929
367750294819864577
367739497284259841
367598107707838464
367398582087086080
367398258496512000
367397107013255168
367396488055635969
367395532916146176
367394484327571456
367394033137901568
367393565099704320
367392230551478272
367390456495476736
367386939886141440
367045180987564034
366957087512735745
366723073799487489
366722476715155456
366720029460406273
366719462029787138
366320732545884160
365139601523875841
364826071515926529
364076584833392640
363986201193496576
363985573905580033
363983700843044864
363804843003371520
363798054279053312
362539503166038017
362169447970127872
361985334432628736
361984971327549440
361984377841909761
361983108557455361
361919905366421504
361919337390546944
361918692235280387
361917491733200896
360897887430914051
360896462139297793
360892570194292739
360892459741487105
360892276442005505
360891909348147200
360891672902639616
360891318257467393
360891170609569793
360891052686716928
360890589409067008
360890343824162817
360890029750501376
360889684194361344
360889170182414336
360888755185397761
360888614667821056
360888342256164864
360888300178903041
360887809269186561
360887111223754752
360886794859970561
360886373168848896
360885955525218305
360885586602627073
360885101078380545
360884388323540992
360839512097685504
360837151564378113
360836752560226304
360835551651303427
359399141220159490
359295306627690496
359273500516687872
358913226378969088
358678863921946624
358678286861221888
358565944966123520
358564954405740544
358564172520361984
358563209902424064
358562597139783680
358562302414426116
358561459749400576
358561126881034240
358560431251533825
358553821514969090
357163276867612673
357161866147020800
357091295799427073
356748082110668800
356747828967645185
356532910448316419
356481133229252610
356480891549261825
356181948797947904
356095770908311552
356068952671125506
355826611574169600
355824933743497218
355715049777664000
355714961940557826
355713855936143360
355713443279540224
355662655630999553
355608574640140288
355377960057962497
355304337913806848
355303207934758913
355301437821038592
355300944960950275
355276166489325568
355271956397957121
355025674270023683
354955561688760321
354955088478994432
354954974175830018
354609832302632960
354603835928506368
354547456853282816
354338521483444226
354167599694753794
354163759155122178
353912550276087808
353909858543730691
353871720484052993
353871229809201153
353864365981700096
353863466441916416
353590158144192512
353588746152718336
353558680358223873
353254672041132032
353237481816199168
353225138487046144
353192990396780545
353134489251233792
352776205889572864
352769996734214145
352768682763616256
352735173441359874
352721354514108416
352001234556833792
351443358457135104
351441813254582272
351415098977435648
351001355206406144
350701748475789312
350701222975647744
350700632413442049
350540607036461056
350254038715084801
350236520273289217
350221628589883394
349980550209077249
349976160714760192
349975604763951104
349966544790499328
349963277121499136
349957697195614208
349953277401640960
349952878284259330
349952578479607808
349845793169080320
349841401707642880
349841096257441793
349792836482375680
349792386873950208
349771173279703041
349504221005103104
349503741856190464
349502950932099072
349500652487049216
349500357958832128
349499814033100802
349243225040633856
349241232477794304
349211988779483137
349141368100233217
349096810104647680
348916014827843584
348900427699462144
348899598380707842
348898809591500802
348894587571560448
348893941506134017
348548417770885120
348546476705738752
348545771211206656
348543507864113152
348489926364516352
348489625725181952
348200792039247872
348198652898078720
348197116449026048
348196872231460865
348196404784660480
348195067472801792
348186974206697473
348186366028423170
348185811449159680
348185252784652288
348185110077640704
348182942264197121
348182632623919105
348181868534980608
348181514724462592
348179717146411008
348179031239323648
348177114723409920
348176644424474624
348176473783431168
348175520304885760
348174368263782400
348174245437796352
348171849831702529
348171226641997825
348170802736267264
348170485625929728
348169136477716480
348168771892019201
348168580325572608
348168081081761792
348119593304350720
348118277526024192
347691518208905216
347687028772724736
347678624759029760
347661914417008640
347428854970847233
347428392016171008
347410720910098432
347410563367845888
347410029655244800
347401797213769729
347329307271655425
347329005415985152
347326301931200513
347297462710575104
347089239676174336
347082883799871488
347081359422021632
347081235299966976
347081053955047426
347029699047874561
347029529929326592
346967838386425856
346967404972220416
346719643714584577
346662183901487104
346660956216127489
346658769645760512
346208623409647616
345987886916702210
345987274305073152
345986455170056192
345985970266574849
345981774767206400
345981398718504962
345935068163883011
345928325098774530
345927695894446080
345840670654734337
345538133460398081
345537974747938817
345511793302568960
345141555918688256
345111228240244736
345073721230360576
345073395345539073
344905773878476801
344905446714380288
344905273057628160
344904992144109568
344904476819345408
344891739489832960
344891210017693696
344891068761919488
344809342568116225
344805684069691393
344804808751976449
344804339103182848
344754020319105024
344753845353717760
344736327247482880
344544648766816256
344540188569116672
344539713543213056
344538263354220544
344537376040824832
344537217361928192
344536824498245633
344535843270172672
344535684746457089
344534184301318144
344449401802076162
344448609435140096
344448432267751424
344448012803780608
344447732737519616
344444936575397888
344443531496140801
344435194872336384
344434903355645953
344385921094938624
344375352526794752
344159647508357121
344158795091558400
344139321638539264
344101527033622528
344100454453637121
344066024301293568
344034552894865408
343769094799097856
343768568665620480
343474108635422721
343473720263856128
343465980690829312
343465714558054400
343464860367069184
343462682134978560
343459354592288768
343458844883709952
343458142014816257
343456916103655424
343455994971582464
343454687686688769
343454336405344256
343448627240378368
343437983376097280
343437670107725824
343437364816908289
343312814817038336
343148795728654337
343147994142609408
343147105172475904
343144210419048449
343143787712876544
343143044381544448
343030958800371713
342957498522820608
342355132769517568
342342129122676737
342341125828382720
342340582586327040
342254604425261056
342230726466469888
342012830708555776
342012564085043200
342012163403169792
341967541670920192
341966466159091712
341966300916101120
341947188865273856
341946419869007873
341945396530122752
341943417854623747
341942625512878081
341942093205344258
341941746722275328
341940809748336641
341940366431375360
341894674803458048
341894545786683393
341894429642219522
341556920785727488
341227928325079042
340913910880301056
340913644286119936
340906970242510848
340858757540085760
340858186762440705
340858087407755265
340857346983079936
340856739631079426
340856493316390913
340855660721885185
340852768124325888
340852446681251840
340851754541383681
339863391319515136
339857045568229378
339852363009507328
339851785177034752
339851348700983296
339850769098498048
339849905810071553
339848289404989440
339149949105209344
339141543397052417
339141169122516992
339140900133408768
339140498952433665
339139886483382272
339138908375896064
339137285381562368
339136974902394880
339136591471726592
338967198695579648
338959213176950785
338958335770492928
338957942252527617
338957529042276352
338619492517179394
338324379886821377
337905620701282304
337903656546467841
337902698735210496
337902325370871808
337901070703525889
337900772886994945
337607315601637376
337590305870192641
337543477342662656
337543323990515713
337322246949445632
337310049414307840
337306635678666753
337304287724052480
337304048220901377
337256591336296448
337252460588593153
337189227940962304
337152019691343872
337149016368373760
337145503584243713
337144847540568066
337124596581036032
336921169691299840
336893191406112768
336887037317746690
336886300915412994
336886075903574016
336835796235603969
336776176683065346
336746007704506368
336550814862700545
336550136685666304
336549773593153537
336533511911657473
336226822847094784
336220728275906560
336208687947456512
336207899531550722
336201589331202049
336201370958958592
336200576578748416
336200424610734080
336200261028691968
336193972252852224
336193702554910720
336062617405775872
335887731567759360
335887436020338689
335882279241003008
335881828013596672
335881472974131201
335880466211168256
335880264926515200
335879633763434496
335878302923378688
335876678570090497
335866525133180928
335809822542946306
335729978345943040
335047691056857088
335046767538233345
335035166592475136
335027121930006528
335020947113381888
334978080227610624
334700574719213568
334654070000332801
334601387654651904
334350912103534593
334271384584871936
334212075779936257
334039770554576896
334036047941992448
334034618783264768
334034480157319168
333940958955700226
333938768031670273
333934686957096960
333674138164146177
333566824740438018
333546776588079104
333321760260882434
333307884781846530
333301171294990336
333292847681900544
333283206872846336
333273032984502273
333182438895394816
333177847915094019
333174081937629184
333172798644174848
333161286215016448
333012817865224194
333011799144271872
333007798562603009
332907095676575744
332874162374848514
332873755028246528
332871357417263105
332619323287945216
332546773665062912
332478346975903744
332477265986330625
332473565297389570
332225675299803137
332225164290949122
332225003468754944
332224671569289218
332224048207650816
332223579955535872
332222493051985920
332218553472270337
332207788111564802
332206389692862464
332185462645067777
332131896026857472
332131516060667905
332095978108760064
332093536738635777
332053193192271872
331801208450867201
331765751532883970
331764965025402880
331741720792420354
331713273579859968
331541172273172480
331540515357093888
331540283118477313
331469943780560897
331469755540189185
331469456159174658
331468342923776000
331392368131584000
331390585703395328
331389441723748352
331388542758567937
331387537283248128
331376308514856962
331369067409727491
331368439639863296
331342366084567041
331009425395548162
330777353020112896
330777213202997248
330771616940310528
330770478799134720
330769077121470464
330767823217520640
330767704829095938
330767272840929280
330764355375345664
330764189389946883
330762084474290176
330761666927140867
330689444036345856
330314815308447745
329687901564723201
329687673574936576
329686697619124224
329671201536475136
329670383190036482
329607090052161537
329604945865232384
329328927690612736
329328099575619584
329313936757366785
329280959503532033
329276184372314112
329275958240620544
329275643751710720
329238434310922243
329228503088246784
329221553407524867
329176006227263491
328971391355465729
328963003166900225
328962455692800000
328961074521075712
328957903002271745
328933564185980930
328932891725819904
328932092920610816
328916136706072576
328888135117324290
328887895182155777
328821812068753409
328814812492623872
328808576246226944
328808267121831936
328640990611136512
328633666114842624
328633139197014016
328630336768593920
328625673377808385
328624495680176128
328624374288637953
328613275631771648
328612792716374018
328610929010962432
328609778895056898
328609181064126464
328605532275486721
328605301601361924
328604462740566017
328558615692718080
328554565270130688
328492327477854209
328488737208152064
328488213725458432
328487813173624832
328486419733549056
327856582559944704
327856358076596224
327855917649498112
327855807679066113
327854032888676352
327853567325134848
327852948241674240
327849763741503488
327849506240598018
327842816636100610
327842439140347904
327841314278342656
327697537366638592
327696899765334017
327511167058706433
327495126391848960
327474247024926720
327471898227249153
327411827598307330
327407957702750209
327405357334949890
327404182535536642
327404053137063936
327403714279256066
327401934795440130
327128085306687489
327127160844333058
327124043029442560
327122562561753089
327122377219661826
327121265427107842
327121020249067520
327089989311688706
327046018489274369
327045789782249474
326978336347791360
326804416051171329
326803519464173569
326802675175940097
326800785830727681
326797803194048512
326759068905635841
326756959598563328
326756760612376576
326700322795954177
326699795014111232
326697987218759680
326697372946137088
326691705371889664
326691062498332674
326686000967475201
326674859000209408
326661264803770369
326658812616507392
326646352392114177
326643031711289346
326589079699484673
326440893651509249
326425373258694656
326425160859148288
326424784856555520
326421458702176256
326372375228731393
326306908636082178
326306431877914624
326280659205234688
326270984699121664
326270686479921152
326254679585591297
326102996503113728
326102346406957056
326102092676755456
326100210990338048
326099435304148992
326097902546087937
326096591893188608
325990567123234816
325900390006681600
325899680439468032
325898463504134144
325691242853830656
325689888273997824
325689529849749504
325689446634762241
325688649704423424
325681786556395520
325681558881185792
325681403197022208
325644328959619074
325643742038085632
325602555314987009
325599389118775296
325599087468621824
325570652683784192
325569976264192000
325568194846793729
325567433240887296
325566717948489728
325566298413223936
325564474645938176
325564202821496832
325563782891986944
325563413101166592
325560582721908736
325535803394646016
325379653223211010
325378217034801152
325377889996505088
325376514067677186
325376160072626176
325373145680867328
325371939449364480
325370932929630208
325370040293670912
325368192870514688
325367528387911680
325366484513726465
325365894538739712
325318487608266752
325316476468867072
325262525442703360
325203842717323264
325197497905586177
325196975328870400
325176261372698624
325028464413515776
325026874369642496
325026485343756289
325025740179517443
325025151165030400
325024929210839040
325024342163456000
325021980657065984
325021529425453058
325020692175269889
325008321994162176
325007341332357121
325006944375021569
325003789893529600
325000437998694401
324994748505018369
324994450893963264
324905858725203968
324905691754135554
324903213138587648
324827922567426048
324827608518893568
324807686740914176
324807444809273345
324565907915558914
324564697074515968
324564347634479105
324563330381520897
324563128568397825
324561278448308224
324560644798050304
324560500111319041
324549653737639938
324535245359706112
324518416935440385
324516487207464960
324511488549220352
324508315591778304
324508125052936192
324507381637726209
324507190167760896
324498351414472706
324493190411476993
324260126741626880
324081706342694912
323908143820189697
323901900904857600
323778789949726721
323710163188072448
323554516010168320
323554276603465728
323554160769384450
323553978682056704
323553722653347842
323553135283027969
323552577130209281
323552196312588289
323550291905617920
323549913399046144
323549580291633152
323546306691883008
323545621627801600
323419106344837121
323418768858554368
323377495527264257
323203610391486464
323201885198774272
323201407262023680
323199882217259009
323199265952374785
323198841224568833
323198576597557248
323198040431271936
323197781705646080
323197533054701568
323196477688123392
323195855739957248
323194918149423104
323193693823705089
323192675446685697
323192191377866752
323191673922404352
323191382019821569
323145665704235008
323145454370041856
323072929933979648
322791103206133760
322705161556480001
322432943085727744
322431134736740352
322430391799668736
322427883425521664
322422571716976640
322422030014242816
322420546954489856
322420240547991552
322419312059101184
322418187826245632
322417511108849665
322383173600301057
322359622474293248
322322218895945729
322321722101616640
322320406738518016
322311014639095808
322259251382857728
321905603691810816
321657630189813761
321596223675068416
321595840579899392
321575820189646848
321573231993708544
321536851703902208
321536101401645057
321351889029566464
321348793381556224
321242477388517376
321239693788327937
321207618062389248
321191373921452032
321180943073280000
320972140767760385
320971633059831809
320895716924989440
320819704610570240
320640705716436992
320639550617686017
320631941437194240
320631661345771520
320630537066799105
320630075869523968
320628849236922369
320628424811085824
320627067714691074
320625656092319744
320625115073245184
320623717518569472
320623635645734912
320621901577867264
320621601123102720
320621197706539008
320620726627479552
320619438233747456
320618383227891712
320615239462842368
320613521933103105
320602907760275456
320573769410289664
320573640410296320
320248387758870529
320188357583974401
320186352958332928
320104931367464960
320103884200767488
320100720441446400
319926317497860098
319891690817191936
319890906704662528
319890767399251968
319890407305646080
319889868937383936
319889420348190720
319888818067095552
319888451367497729
319888211063218177
319887640147132417
319886983818264576
319886037214167041
319885816530870273
319885612620587008
319884947999571968
319883981015359489
319882304870821888
319881830536986624
319881461090091008
319870954023030784
319856574891978752
319798234572804096
319766691657707520
319762550461984768
319742143017152512
319518698392150016
319505346806829056
319505043143393281
319504433727815680
319504179259375617
319503022612959232
319432568984440832
319422564172705792
319414235983654913
319414104014090240
319413650148438017
319369648351088641
319369368037388288
319347881821749250
319200938692861952
319192010609266688
319073570481401857
319070014722408448
319036960352108544
319019059335290880
318867258665476096
318865429139443712
318602599664336896
318464037438509056
318463807804551168
318463496968892416
318462550817787904
318461872187781121
318461609775353856
318460941400428545
318460630845779968
318460454718562304
318459952400310273
318459668064256000
318459375310213120
318459057969197056
318458696722165761
318455060927504384
318280299576446976
318259274075758593
318068788434198528
318061660470386688
318000170048561152
317999128720322560
317997199214657536
317996717628858368
317955896825241601
317934649173217281
317729404061106176
317728003515883520
317727602758520832
317726060601036800
317724801097670658
317535451676278784
317532035000446977
317529963026853888
317529580514734081
317277608721137664
317276789342879744
317276216770039809
317199219679166464
317198558510067712
316961580749303808
316934122281005056
316911538260824064
316830903160676352
316830615704064000
316543318970490881
316181119605276672
316176589312389120
315908235372670977
315894376721166336
315830046185115648
315829420856336384
315828954676203520
315715237837938688
315509553838055424
315507691302821889
315505335391637504
315168817980526592
315160636801818624
315131216842092544
315129321180262401
315129063041802241
315128151141404672
315111569405140992
315066027253837826
315019693675118593
314708501500944385
314703998391296001
314689538377273344
314663551979618304
314641336781385728
314398314265194498
314378452025356289
314378094599364608
314377867523915778
314377661763969025
314374871356428290
314333548012257280
314333185364348929
314332213749637120
314331691126771712
314312164154421248
314311164504981504
314287679435075585
314287033575161856
314286464512954368
314285507548966912
314148279405391872
314110153672761344
314069718128541696
314058093925371904
314015658100809728
314005003562008577
313797189988122624
313777068594823169
313774947568869376
313773986267951106
313771142026502146
313750145885933568
313735276969222145
313716720521064448
313715162563633153
313706294689296384
313703272366108674
313692185251962880
313684657327718400
313642760743841792
313434482906644480
313434141335117825
313433819179008000
313433668561555456
313416624101261312
313341701974552576
313239693242290176
313239545091067904
313238322690543617
313108793976315904
313105726497251330
313105194676285441
313101229498707968
313100902208790528
313099843063132161
313099325364375552
313099084279984128
313098901026652160
313095461714161664
313091730230611968
313017262317649922
312953508401913857
312621394573791235
312521881943158784
312342568216195072
312305477763616768
312299354457247746
312290936417812480
312263709596725248
312262435518177280
312261861414416384
312259297226653696
312252212439035904
312250775243997184
312238140838510592
312235890309226499
312230064479690752
312214945355927552
312214788702875648
312212735347793920
312212582033420288
312211394625949696
312210137995694080
312209568342110208
312208152382820352
312206739342778369
312205495882641409
312205079082070016
312201646761459712
312201373766782976
312198545405001728
312197535244644352
312194108343074816
312162712522219520
312153132132085760
312139042227646464
312138883989139457
312138356744126464
312138230327816192
312125946482266112
312125609478324224
312124812870967296
312124302554189824
311898909763072000
311898611480928258
311897929159946240
311897118686187520
311896559040221184
311896025268883457
311894633569476608
311893995238326273
311879662508834816
311853225445838848
311851328525713409
311850218058547200
311817028564570112
311816126751461376
311815488411938816
311814795462594560
311800399269081088
311765818566406145
311578920078147586
311568593731072001
311565016488886272
311540803375865856
311530714795474944
311513853043306497
311449575405801473
311414322993700864
311409996254568448
311108106849488899
311107719375515650
311106769613094912
311106194225909760
311060739530047488
311060346318237696
310893926007599105
310854254179016705
310827371446026240
310826515644444672
310818317348769792
310818211912380416
310817017848549376
310816792064978944
310814320835575809
310813473745563648
310792965612244992
310791828712611840
310791117530624000
310790406331834369
310735683549532160
310719908906430464
310506250003677184
310503299843497985
310502228815400960
310500478112915456
310498478230994944
310497839740506112
310497130655657984
310496836748193792
310496408459436032
310496046218358784
310490038922256385
310489776975392769
310488124507713536
310485848347013120
310484947674738688
310480220530561024
310162151883018241
310160566486458368
310159940843081729
310159341850353664
310158022670442496
310157365863411712
310156391774040064
310091847689187329
310024438194270208
310022865506422784
310021979593928704
310021641818214400
310021230659002370
309784183440564224
309782076327067651
309778020397367299
309728103293390848
309659207555231744
309636721920856066
309611237002588160
309428751102537728
309428438425550849
309425210321428481
309296494245208064
309294082390384640
309283701617987584
309282526403387393
309282238971928577
309282062882463744
309280657375391746
309280065760407552
309278488760840192
309275138854113280
309270953005830144
309249160547295233
309248650595426304
309066200925753345
309060916249522177
308940168532996097
308939397871595520
308937821023006721
308937335419043840
308934899870605312
308934259979218944
308929117137551360
308908542126071809
308905186657705984
308901372856786946
308897277202804736
308862351044657153
308860166663720960
308858239431364608
308857639675240448
308856016664145921
308853983571759104
308711405559889921
308643268013477888
308642940408975360
308573077636268032
308568288554799104
308568055531843587
308524643067785219
308510437299855360
308489067044163584
308484375866114048
308483768207962113
308483426946785280
308483243525668864
308481898311741440
308338081856102400
308328594470477825
308268764640727041
308267118426746881
308266929825652738
308261385803026433
308217437885710336
308194165383131136
307967762322558976
307964400738906113
307963333116563456
307961965244977154
307960324777181184
307960023596814336
307959546289221632
307958174386884608
307956982269222912
307955776461365248
307955627869749248
307954979262562304
307954664102563840
307954154742104064
307950466082406400
307947150485106689
307942130058399744
307936265796472835
307930442210889728
307908823283269635
307908215092424704
307845572239441920
307538467867484160
307513096942006273
307452459180249089
307222838572621826
307220603000201216
307121585511358465
307120412888793088
307119429261611008
307118906194157568
307079963121700864
306864481617723394
306838923689205760
306832894872145920
306831316320665600
306819798392795136
306801738592161792
306781275858034688
306781090180366336
306766394366767104
306753456255930368
306752227022880770
306751575148331008
306717202734796801
306699199838294016
306491025218740224
306446354660601856
306445382236397568
306402922130976768
306401568280948737
306400518916435968
306382108572651520
306381734835023872
306376329685778432
306360719006384128
306343605402996737
306155237490708481
306066408436023297
305993712696188928
305993549319647232
305970576059686913
305827460673585152
305826223215489025
305797251530362880
305796624733589504
305796536099553280
305789625488785408
305789021005697024
305787846982254593
305774290282876930
305774212575014913
305773917350535169
305773892176318464
305773008839122944
305772594865524736
305772364908609536
305731211714764801
305727638977253376
305709752736952320
305674068433203201
305331587954921473
305317093979607040
305313754927755264
305313430246682624
305279354659799041
305273680953475072
305081493812805634
305058386016346112
305058124614750209
304993139532394496
304956363539369984
304955609042804736
304736994846711808
304645047318609920
304582129990373376
304552876699684864
304285211527626752
304283946320015360
304005036193742849
303991481415376898
303990580944449536
303872526210183169
303869459288973312
303866501725822977
303866040977326081
303865217073434625
303864945500647426
303827687691145217
303827386573656065
303813254310940672
303639332235902976
303638828810383360
303638280925216768
303637235004211200
303636533750136832
303636318783692801
303619791128756224
303588988277645312
303579365487292416
303578229845929985
303562923412975616
303561630493589504
303507577868779520
303504014920794112
303485936581373953
303448309274644481
303257222308319232
303256972034207745
303256297837568001
303254978133377024
303237624771014658
303224211856564224
303215508638011392
303206739002662915
303202965173456896
303202670573920256
303202223414988801
303200585916747776
303200261411835905
303188408514252800
303173406612930561
303172680331427840
303169041214869504
303168861618982912
303166933451288577
303166271262969857
302768312109129728
302488781578178561
302484763665629184
302444461097619458
302444146189291520
302443053518573569
302442016980221952
302441673701601280
302225144934449152
302223859078287360
302221235205599232
302121081936936960
302086526748217344
301998387765583872
301832539784503296
301829248816128000
301827883968651266
301819216821108736
301773135089397760
301458963092885504
301454839748104193
301389276090863617
301116186425425921
301058426056884224
301027111030898688
300940637862256640
300940354788655106
300939575268868097
300755329208180736
300746522184806400
300745788093526017
300743201734680576
300740693679288321
300736321570349056
300707495989608452
300701928080420864
300701677386878977
300700187444248576
300699946515058688
300679426704805888
300666133361610753
300643050571587584
300632966630088706
300624944272908288
300624157677346816
300623500153073664
300623135269588994
300622790627840000
300566676037054466
300566217209569281
299848274859401216
299847909296455680
299847324706938881
299835695311228928
299650097598328835
299646736908050432
299646292425052161
299644419731234816
299639040821587968
299628461474058240
299626694740955136
299598172014137344
299594388043091968
299573401331318784
299564150663815168
299563933067530240
299550664244219905
299486456114733056
299478775127740416
299453897200762880
299453065512222720
299274657763299329
299253190975688704
299245744110575616
299245377377427459
299244994437472257
299227518358130688
299225211600003072
299224738528632834
299204353519144960
299195994367746048
299195111034728449
299133908014993408
299132478331953152
299132261394161664
299131570357407744
299116760416784384
299116477087367168
299113966800613376
299113752152924160
299096587802640385
298910315389796352
298858852751917056
298857661041082368
298856012402798593
298855670151786496
298728827008466944
298417815021559808
298417416432672771
298406369005035520
298186517556375553
298185322716606464
298182708939599873
298181788696707073
298180699704406016
298179885862645760
298179359536189440
298178934745464832
298177617868226560
298141705524346881
298132657966039041
298130333998669824
298128882618482688
298128367625048064
298127807949729792
298127551484809218
298127063523672064
298126259106492417
298125894554353664
298113234328760320
298067204891607040
298066831669874688
298064731254706177
298059485954588672
297669230004953088
297668534140563456
297665299518455808
297494300370014208
297493732092170243
297493127583891456
297492912932020226
297492757663076353
297482144056475648
297321404087533568
297068503779926017
297068137722032129
297066857637228544
297066160673927168
297065718313259008
297065548951465984
297065032708141059
297064913610874880
297064290165350400
297061812300546050
297061245159354370
297060697613950977
297060407565250560
297060263599947776
297059602762170368
297058701372698625
297056817744334849
297055910457659392
297053280993947648
297052193926823937
296969482843332609
296965045299081216
296964757972451328
296964294673833985
296947234723991553
296937225550180352
296932853487374336
296929528494845952
296929495028477953
296701815297282049
296693481991204864
296692744385073153
296692563086278656
296692301055524864
296692133375643648
296648236230406144
296606470773043202
296588742511173632
296570129020497920
296368530461433857
296366353613455362
296365391213654016
296364311444602880
296363886540640257
296266851967713280
296261288110202880
296254470973693953
296254132493352962
296233121655971840
296225903812415488
296214214010359809
295959807943401472
295924947338018817
295902522852392960
295900822179549184
295900091313700864
295899869908979713
295899291438944259
295898756711329792
295898149392904192
295897480233631744
295895391990333441
295893975884234753
295892519194079234
295892141903839232
295891878694494209
295891523537629184
295889802732118016
295798015921385472
295650584713908226
295647308450775040
295644484111306753
295620842346385408
295612573808726016
295611366260232192
295609292483076096
295609131535052800
295608761152835584
295603250969862144
295593541768454144
295592532434366467
295592282164457473
295591494721626112
295591387825573888
295590922207494144
295589349226057728
295589093247700992
295588207985303553
295587957837012992
295587837330460673
295586903942631424
295586359173849088
295524606561886210
295491091791224832
295490470837096448
295490095052648448
295295537199054848
295256760657272832
295202108016295936
294963832869240832
294937990667591680
294937645186969600
294934600411664384
294934192679178241
294933845004935169
294932774228463616
294932142121680896
294931826651308032
294931428716732416
294931227981533184
294930068784967680
294922026831986688
294918753429377025
294914203888799746
294838361926033408
294421636566896640
294421199939833856
294407809221685248
294401831675768832
294377969886044160
294247589757456385
294238910454849537
294236574680506368
294236241749217281
294235922516549632
294168898713034752
294148273625784321
294105329845796867
294104411205156864
294103535392550914
294103138489729024
294103018369085441
294102329836326912
294102140421550080
294102044258738176
294101474651279361
294100687770509312
294099766567116800
294096536705564673
294095235666034688
294094577730719745
294058120106352640
294048438193094656
294048272409047041
294009063157669888
293716804658937857
293686881433042944
293686578457497600
293685503184756736
293631655426543616
293630467939389440
293630386297257984
293609329087619072
293425396811190273
293425000654966784
293389897094553600
293388865677430784
293388042197155840
293367345701855232
293367126633357313
293366971750305794
293319227404853248
293123405698449408
293110113357660160
293108053430120448
293086987974492161
293085930456231936
293085691238289408
293084817363464192
293077047553695744
293065838683123712
293055491536453632
293040579850416128
292995521348501504
292994778252079105
292994006437212160
292993194562551809
292969096432193537
292967291111481344
292966968976355330
292964440435982336
292963809029656576
292963195843383296
292962694519214080
292962289953435648
292657303063261186
292600202819407873
292383759003705344
292382880594796546
292377737698615296
292267778692509698
292264373089628160
292255241825566722
292252350284955649
292251060846878720
292250852264120322
292250120223875073
292249115151192064
291916206942863360
291901298197004289
291853909146865665
291853828242935808
291828442910031872
291642713919594496
291642648584933376
291642587947864064
291642557383991297
291618379436019713
291595576468987904
291539495516524544
291539128384897024
291538450849619968
291524461159661569
291524192799711234
291523433597124608
291503219593588737
291503042891751424
291497278416486400
291307164692279296
291193953716428800
291183393201324033
291130342973263873
290910013009035265
290908435359350785
290859687446986752
290829617827287040
290823723848695808
290753624370470913
290742850956705792
290571850830970881
290570644540772352
290569474975879168
290553893367189504
290553139436875777
290552954732285952
290552504742182912
290552362987315200
290552164517044224
290551943833731072
290551785444241410
290550927583240192
290550703666114560
290550035660296192
290541263617417216
290541132268589056
290536155370381314
290526918044962817
290500082741149696
290485213040099328
290476372235784192
290458610385973248
290457399775621122
290456553474121729
290454852146982913
290441339999485952
290110094224551936
290105646634917888
290095647892307968
289886560277651458
289830900101943297
289810769468616704
289513401078644736
289512357300948993
289420150816522243
289375602778206209
289332353577402369
289261613620539392
288786720147791872
288786542753902593
288786311857446912
288722884405370880
288722686635560960
288722500307804160
288711049404878848
288706188063948800
288705660160450560
288622793686384640
288615600828334080
288615146115440642
288614955148791808
288611908007907328
288607643856162816
288592796951126016
288591384057888769
288568279897870336
288327276620308480
288326345505796096
288253451908034560
288245468314607616
288229136596611073
288035241283706881
288027397150867456
288018601414369281
288016058055532544
288015322450104321
288014654750470146
288013740127952897
288013408480137216
287985242344681472
287974855452790785
287888827652128768
287697288544010242
287320576450772992
287295173329825792
287293803168149504
287202078974164992
286989434136715264
286988695075160065
286988347057004544
286987552362221570
286984523307171841
286965232532856832
286961363178377216
286958748382142464
286957389113069568
286957040247652352
286952938654531587
286948702415892481
286472921139007488
286087148162138114
285910384420995074
285910065855213570
285901393695502336
285899722798022656
285898396085153792
285822305433706496
285783957872721921
285726326831345665
284058555886223360
283196039182315521
283194589622439937
283186480166338560
283184980736225280
282958144198557696
282956961216094210
282956508336123906
282956263208411139
282955391900479488
282951263249891328
282949324164460546
282947027573276672
282946251706740736
282945913721331713
282944683632627713
282940840354131969
282940417975152640
282934401229262850
282933731185025026
282891499111321600
282888762197946370
282824789473775616
282778546374578177
282614408503492608
282540513654091776
282530765026250752
282471741761134593
282446667205210112
282446229064015872
282443860951584769
282442648260837376
282441915486597121
282441740273717248
282441448043970560
282439992607903744
282287323687833601
282286663110103041
282286541211066369
282286199559839744
282285785141616640
282282453928902656
282280736705376257
282279896032624640
282279594990641152
282279074917908480
282277304724516865
282276181414391809
282275485600329728
282251353319960576
282250659493969920
282250385958264832
282226937055817729
282226305100034048
282213600184123393
282211572477202432
282210169499303938
282207161302536193
282206753028984832
282206453937356800
282205677357772801
282158555384135682
282157216637792259
282156538477551617
282155591244345346
282154590500179969
282104853583507459
282085124248588288
282058382800723969
282054205911490560
282042456248291328
282042236349317120
282035581981175808
282035143550578688
282034421593432065
281784334271279104
281783926404550656
281782099252482049
281781436191744000
281779557525241856
281772180101013504
281692120027385856
281447120123342848
281407351796416512
281406745740447745
281405788055023617
281405123375292416
281404465871986688
281403899888402432
281403728211345409
281402372490678273
281375595248640000
281375399089418240
281162291964157952
281160299845914624
281159124866183168
281132514096070656
281129700754083840
281127581720379394
281124694608982016
281123198865645569
281098390870310913
281097852262948865
281097710944276480
281095943028371456
281062797431943169
281030304267923457
281029603471024130
281015661457723392
281014691768180736
281008023726587905
280987876890644480
280978748755558400
280978587769782272
280764245610749954
280714589212131328
280712657990995969
280712249172180993
280619107567677441
280586573681135616
280586248731627520
280585794912145408
280440277699788800
280438645532528640
280433962172690432
280432637540192256
280431184708792320
280054053986246656
279734606608101377
279595980314267648
279200189250682881
279199775302234112
278955132337680385
278954934798516224
278954785036701696
278952831103414272
278853647755010049
278853246364286976
278837804753092608
278834607711997955
278808782803456000
278808446814531584
278798705287639040
278798535963598848
278750465435516928
278601642788663296
278595262295977984
278594954551504898
278593571144220672
278592584279027712
278592056329400320
278590893483782144
278479507801899008
277892374150135808
277889872147124224
277889281752707072
277883360381136897
277874695968284672
277858253092818945
277838894907670528
277838138821459968
277525707540795392
277524191572541440
277508313267187712
277507091617431552
277506000083382272
277503204638470145
277381052304072705
277373989666566144
277206022001659904
277193881009938432
277148274065043456
276820923238207488
276817957743624192
276817256934150147
276747191836606465
276624975132241920
276305194919276544
276214274668494848
275731313204527106
275645486927577088
275348518183518208
274987161294602240
274980153732521984
274977463866646528
274972463249625088
274871041522798593
274865402209767424
274845692424503296
274541235270742017
274540313287213057
274538526559838208
274534797550972928
274459720033632256
274267681459429378
274255997911056384
274170254417072129
274169727822209024
274169277840510977
274168884809043968
274120230102503425
274080797177290752
274080556826910720
273930321123213312
273928553635139585
273927850858524672
273897757834629120
273798904716328960
273798735954337792
273798488683343872
273767153872822273
273427711417004032
273426995453513728
273149268062265344
273053910695034880
273000957497966592
272806829774475264
272799865396928512
272745292762316804
272731103725502464
272672389295382528
272671245458358273
272670148949843968
272480057329602560
272475735426494464
272475085942714368
272474732908146689
272047994680008706
271721469237657601
271720403045597184
271719583218540544
271715100681961472
271369767833726976
271176081149673472
270883761279881217
270881538445549568
270647453252976641
270638297871691778
270483422122754050
270277699669479424
270268308333408257
270267194494033920
270266004758753280
270235310514909185
270233709909774336
269940054510678016
269928938028032001
269905857238667264
269900644155023361
269898428497162243
269868761681653760
269564242737373184
268831393851772928
268782202555351040
268779206996017152
268778285499043840
268777531744870401
268776898430128128
268776318617931776
268775997099356160
268763777523138562
268713410210983936
268711712834867200
268707885423411202
268707769425743872
268706931315707904
268680760108654592
268661820028485632
268647428658450432
268647173137260544
268450834944253953
268448554870259712
268448183053590528
268445943899254785
268444905028857856
268412169136263168
268411477172568064
268410894852169728
268410741852364801
268001888732053504
267755587155140608
267755230463143938
267729722203586560
267729329067290624
267726131246022656
267668013036224512
267667731128647681
267582566008246273
267384732554231809
267378888852787200
267368057473757184
267343390692216832
267050729045368832
267044052715855872
266926004470169604
266547998463496192
266492163142070272
266282075458506752
266281623383846912
266275337208492032
266274718506704896
266270884908650496
266269352809078784
266268404401442816
266267577259532288
266189541768040448
266183921807544320
266183346017669120
266182242274004992
266181132423417856
266179345540870145
266177747477463040
266167263554580480
266166031888838658
266155132864040961
266139540647993344
266125244425715712
266070434217328640
265824648455917568
265823119715991554
265822922109763584
265822495859433472
265821866575425536
265821456670277633
265770355010981888
265585879400214529
265582374027423746
265567553533919232
265530380948500482
265529879775289345
265473694317568000
265464915295338496
265463112126328833
265462953162207233
265460818454405123
265219291803160576
265120776297005056
264871666167975936
264823780847779840
264823219498938368
264822513865994241
264821437926363136
264817987981295616
264817578462031872
264816904152154112
264816147340328961
264816023935537152
264815670594772992
264813848199049216
264812994083561472
264811377292632064
264811038426419200
264807919420321793
264807613122887680
264757631149805570
264548997555949568
264446200655253504
264445501221527552
264440712974725121
264440401367277568
264432775929667584
264432733806288896
264416663649267712
264416610553573377
264415967529009152
264414889563545600
264414603172265985
264160529533259777
264159440335433729
264158943830474754
264156157663408128
264122862707810304
264122343402647552
264121797526560768
263989540581150722
263968399137320961
263795417760808960
263728931457335296
263728637721862145
263728319848120320
263727831123640320
263726863539646465
263726513701138433
263726134523486208
263725475979984896
263652535632535554
263650886432219136
263650592373739520
263649927819829250
263649095057555456
263645986352685059
262743964216606720
262743698230636548
262742474634706944
262741369062301696
262741064656506880
262740913439256576
262740677295763457
262740359371702272
262740114827001856
262739767228239872
262738928010919936
262738448836870144
262692124665978881
262650353198178304
262648435180728320
262647329734131712
262645906455818240
262645337645252609
262644509840646145
262643810402721792
262642775424651266
262642455441178625
261839078629199873
261568257536978944
261556007409446912
261553026014269441
261476646685638656
261474180518789120
261447574278512640
261446155093803008
261433245030305792
261198798217428992
261198351238840321
261198133940346880
261197002216460288
261196296411574272
261195715949248513
261195514001907714
261195438084997120
261193447984209922
261192902942785536
261191978497228800
261190597614907392
261190353602879490
261190130474299392
261188256039829505
261187889814183936
261187691297787905
261186156518072320
261180289429147648
261179529693892608
261179145688600576
261167789988007936
261167233521303553
261166629650587648
261138076770918400
261136748350959616
261131947697385472
261130390822076416
261129821764083713
261105961203281920
261104186723295233
261102231762399232
261067304517898240
261047952489975808
261042258156085248
261032956989169664
261023484568817664
260999742073491456
260853879011430400
260852317090373633
260851393475256321
260848585401303041
260847067029700609
260845844473974784
260844384583548931
260843474453139456
260841055866462208
260840479707525120
260837411444117508
260835721819066368
260835117931581440
260834599662391296
260834233709391872
260833872009371648
260833323432148993
260832283383169025
260798382497484800
260732473460269058
260731755777118208
260731460233879552
260731310023270400
260731042426671105
260730796443332608
260730330233851904
260723117616422912
260721074512224256
260700554144133122
260695917617881088
260511262658686976
260487702661697537
260454748849840129
260331132753682432
260311031010697216
260134460366938112
260130155433975808
260127921526697984
260123470124417024
260122947040202753
260109619383369728
260108817151434753
260108298693537792
260107852750934016
260106236849168384
260105383262171137
260102648643080193
260102172623110144
260101578655162368
260099765285576704
260093660773879810
260086942606176256
259979879943131136
259979525247610880
259939351524425728
259818893923733504
259818816207478785
259762692762517504
259759257061294080
259756606160527360
259754423188869120
259753382162620418
259752958051356672
259647677468393474
259647553832894464
259646989262802945
259646014787559426
259645623207358464
259434443331211264
259314549625339904
259251930377891840
259249507039055872
259248404268470272
259231057616982016
259226496319766528
259225017412366336
259217427714424834
259207211572682752
259206628635725824
259206250770886656
259045897470623744
259042145275637760
259023957380960256
259020142640525312
259017844384231424
259017235744575491
258962038041219072
258960857017491458
258960812230721539
258959673531695104
258956146549850112
258916305799872512
258881574047715328
258861368315359232
258659435105361920
258653212092010497
258652888677634048
258644493409087489
258644292317347840
258628345170886656
258607203651559424
258607107228700672
258592474329673730
258588090225016832
258587406620573696
258586573598228480
258583591158689795
258534932702441472
258534701550149632
258533536179556352
258514256427896832
258476926438621184
258476349470167040
258313474478850048
258298211586932737
258297491487879168
258285047084376064
258283691283984384
258281852635316225
258276166887161856
258273428719685633
258273058702368769
258272350330552320
258271922549317632
258271206707445760
258270978881249280
258269529396871168
258269483439902720
258268870463332354
258268119737450496
258267177432539136
258265875088556033
258265636579454976
258263472469594112
258247109948616704
258193403328745472
258190953465118720
257944289865236481
257943652024868864
257942743622504448
257942048752160768
257939412967624704
257939319384309760
257822649483423745
257780998677352448
257759037888819200
257584334985383936
257572252562903040
257545965257498624
257543297613041665
257542504621150208
257538944546246656
257537175707602944
257536671237681152
257535822063091712
257535470412632064
257534988491292672
257533922513141760
257532968292216833
257532439432413184
257531930508136448
257530910298218499
257530555531395072
257529999517687809
257528856485982209
257527858757521408
257527097218723840
257526503611445248
257525662821253121
257523698276380672
257523354192474112
257522056508366848
257520804252762113
257520614129164288
257519830826094592
257519098399977472
257518693351821312
257516455841636352
257515670902820864
257504808200716288
257482635134242816
257461610245926912
257454650209468416
257454377948835840
257454231093669888
257450492018446337
257262852811939840
257247964697862144
257227054209171457
257221835807129601
257212639200026625
257209995203055617
257203186702639104
257202492914425856
257198447164276737
257194415007875073
257193778924888065
257191234064510977
257190520244273152
257148242687565825
257053773615206400
257053484199837699
257052225828945920
257048675988164609
257048279127302144
257047892697698304
257047500077289473
257047151148953600
257046560343474176
257043702504095744
257043098515935235
257042792294002688
257042607920783360
256891671533461504
256891126009708544
256886975896903680
256870284039168000
256850752922857473
256846458542768128
256845920421949440
256842209347907585
256841367014211584
256837592077709313
256785646356676608
256783743426105346
256779633037541377
256779354313469953
256772514385113088
256745850280222720
256743299229028352
256737786458152960
256737482438238210
256736398839779328
256684110507040768
256482604470112256
256407679629672449
256403429537218560
256403388625997825
256402296538292225
256401763467419649
256400578001915905
256395211389927424
256394839120293888
256394546945081345
256394397590097921
256392894880022528
256391447488643072
256387206355243008
256386363404992512
256383668208164864
256381448695717888
256381301530169344
256381054519218176
256380219093573632
256376084059287556
256375333060747264
256375165754171392
256374869959270400
256374283150950400
256374064548032512
256373061522165760
256372480992759808
256372013097185280
256371726420676609
256370840663363584
256370535221571585
256370214340526080
256355878553399296
256340156641050624
256339939283845120
256325880241078272
256313898179911680
256128129695903744
256126793562603520
256125999345967104
256124186098028544
256123694538182657
256123322260131841
256122715755384832
256122444350373888
256120238385545216
256120025390403584
256119614772232192
256117034864214016
256116764906242048
256114091465248768
256113814888665089
256113323400122368
256111911005986816
256106391092199424
256087974872244224
256048836412329984
256042754675716097
256041553506758657
256040528347533315
256039836971057153
256038785094152193
256038409720709121
256038195035254784
256035540703531008
256030830185562114
256029793257144320
256026948336246784
256018885038465024
255987699066994688
255987450147647489
255977418202943488
255972629167616000
255972284290973696
255971286520586243
255971258804613120
255967600583012352
255711870181339136
255708938220224512
255708517195984896
255664325853847553
255644722612297729
255630370630930432
255619976763961344
255615511214317569
255612349942222848
255606210642984960
255599847355346945
255423751016042496
255422819368833024
255420280174940160
255419672273498113
255418760494739456
255414965207457792
255410321798361089
255377765400973313
255353923844579328
255353568482164736
255338120730521600
255295781618208768
255288585153040384
255288318080737282
255288130750529537
255287224634068992
255283428226908160
255282251158413312
255281932689108992
255281768654073857
255257489757589504
255252306755481600
255034183758540801
255033606823624705
255029035527180289
255020752376582144
254875335592648704
254586575722278912
254251457702948864
254251037697904640
254249907173597184
253971563181903872
253879820516200448
253878510563753984
253876672443584512
253876354817335296
253875111273304064
253788183043637249
253787933008605184
253786676416102400
253785481454706688
253785396935286784
253586195790053376
253585814653648898
253585569609809920
253585259231322112
253584689871335425
253583753941749760
253583210427060225
253582911398367232
253578620172369920
253568582863175681
253567923187236864
253567661202624512
253567434873794560
253546848005021696
253483868441690112
253475119857561601
253473264549105664
253472704043286528
253472453140041728
253471809184346112
253437498963939328
253414403326763008
253214510075244545
253212719992418304
253212517738897409
253211855206612992
253211326904672258
253210918379466753
253208612816691200
253206848981852161
253086063109750785
253041124204236800
253039762825441280
253026813079588864
252814356230860800
252803366462308354
252750778412965890
252733797274099712
252708487283486720
252531719465488384
252530976490655745
252490052767186944
252487498406690816
252480646990151680
252375366600097793
252179690868076544
252148936113004544
252140544275410944
252139411314188291
252132357216288768
252131393587511297
252091796627263488
252090755437432834
252090553938882561
252090103403532288
252087901750452225
252015451222204416
251747308377608192
251746895121223680
251435786141057024
251426186901745664
251364714876121088
251357140495761409
251338464086351872
251335884199313408
251331698212618240
251331368024416256
251303614264508416
251301961394176001
251269947001561089
251266676409110528
251046707104722945
251041852441128961
251040250137305089
251040041978187777
251038325559943168
251037348891086850
251033823524052993
251033527632666624
251033013499092992
250553686147862528
250546741227704320
250527059112239104
250311901106561024
250194001678979073
250193874344103939
250176354274922496
249963547008839680
249960980690374656
249960614657683456
249960468490383360
249952246735982592
249951843407495168
249951616638283776
249877718487928833
249877071554293760
249876440680636417
249840798584172547
249838236619382784
249409926429040640
249409081570377728
249407759286681601
249198369858285568
249197592121049089
249195951615533056
249195220560932864
249194948895834112
249193906695196672
