398122118015377409
397996946323152896
397839674133479424
397837689468497920
397835665578409984
397832531506397184
397805183008530432
397645976850407424
397640098571100160
397638680715984896
397477330957791232
397477079228223488
397442939070455808
397441679290294272
397434217149513728
397416980250382336
397316712477229056
397314638196772864
397134358697746432
397097256500731904
397096136084709376
397095172015529987
397086920876240896
397032566269960192
397021683330347009
396982608003100673
396766611350507520
396765886927093760
396763157156610049
396762414282473472
396727982800535552
396400649367461888
396247085517111297
396239052879708160
396192915305009153
396187267368493056
396185716688158720
396062544844324864
396059700124725248
396057715858210816
396016372259762176
395896217294888960
395894893790638080
395888551163740161
395874089786966016
395870537655664640
395870476930531328
395870427697774593
395857290298802176
395857126880337920
395857080885604352
395836415378206720
395836360617377793
395836289679114240
395835464181370880
395820811766206464
395637442965147649
395597397851922432
395321101389426688
395309569716793344
395293771954667521
395281460678393856
395228017464999936
395181047802888193
395150131613274113
395135415448899585
394933879955787776
394855798859657216
394729839212904448
394725255769784320
394532165004058624
394447784469749761
394387988748455936
394257794435928065
394186617663266816
394141744805470208
394129763889340416
394066087068704769
394005699703095296
393788265884815360
393706683593396225
393687509701783552
393678090448437248
393677489828290560
393673268852310016
393639328771244032
393499958269075456
393404276963565568
393397135234060288
393396651702112256
393357183167254528
393356492373774336
393355172715704320
393350991325986816
393269589091819520
393249729985122304
393115458519719937
393111080060616704
393110932890845184
393110639767728128
392991903068991488
392979923344064512
392903920223531009
392889244244377602
392671691500814337
392668862316957697
392546220281176064
392267468989018112
392258779594895360
392221398078607360
391853908991426560
391853391917613056
391675109460959233
391659342904459264
391589347113566208
391546787276025856
391527551040249856
391517253730324480
391495681896353792
391476856895340544
390942163032236032
390868232271568896
390844898062401536
390818173814976513
390790622702866432
390752101342908416
390713435488813058
390711656667697152
390445801333219329
390439151583383552
390423159746609152
389800820835090432
389771190753329153
389739279804813312
389673727975096320
389488748242956288
389445252274458624
389443994973122560
389439923750993920
389439245087440896
389088465604079616
388897359339749376
388885342386159616
388741231175405568
388732687147487232
388545735148703744
388533121840599040
388531226971492352
388334603410632704
388235159977598976
388215277428961280
387959303078182913
387958652352860162
387955638758023168
387954312229289987
387953773580390400
387905147453841408
387893775756177409
387892892788097024
387883843329720320
387870666286190592
387870068820176896
387869629571674112
387868922554617856
387866985260150785
387669560083873792
387661306192736256
387660796358316032
387640375445573632
387632949283528704
387627715287072768
387533309640990720
387527261836288000
387521271686516736
387506185458688000
387491575636721664
387453238641180672
387323725248753664
387321399180009472
387312450632445953
387176903074783234
387163202800193536
387116929166884864
387116693446983680
387115317824352256
386898816370479105
386896777036955648
386856378968862720
386795171633188864
386571397205868544
386565986889261056
386535287847124992
386426560615833600
386195447871971329
386166706655465472
386142651973914624
386136804966928384
386130258698969088
386032242944135168
386022698901839872
386012769537232896
385700287601971200
385666560901525504
385664555982290944
385664283021148160
385660015463641088
385506419220692992
385502452713529344
385498048337825792
385496143368818688
385490286937264128
385487947065479168
385482224688046080
385458461791641600
385438574046625793
385386074014380032
385309853830631424
385284071490068480
385090146204282880
385017769429053440
384984466487144448
384953323796717568
384650509120196608
384176587781861378
383995948956798977
383893009936285696
383807515126796288
383781864185401344
383781304577171456
383773995075502080
383731360843575297
383730398531821568
383729516616482816
383717930589888512
383515336680558592
383474912377065473
383406272134909954
383383377430061057
383380134603915264
383145176224366592
383135400803311616
383134968651595776
383103964046053376
383074510292787200
383045725484896256
382891786835722240
382889265836732416
382739600344498176
382734086147547136
382697616737181696
382697131036794880
382696872973832192
382693724326612992
382676909017948161
382673162002915328
382519243125706753
382488829988306944
382462155523502081
382328528143777792
382172854587904000
382156904752877568
382150008180461571
382106438589353986
382017747523092480
382010347223150592
382004448622415873
382001956236955649
382000801897381889
381803116485545985
381802907454038016
381795857902747648
381717544584753152
381699397571985409
381698559260635136
381694827143770112
381694520913448960
381688820556496897
381677948811489281
381675877609648128
381674506554572800
381672186517258242
381669503244845056
381668566438649858
381664996523913216
381658014496735232
381657161991872514
381656823922585600
381655572430327808
381652846304702465
381651088543191043
381650497792249856
381648499005075456
381597755103133697
381596680832819202
381388191950852097
381274340412497920
381253743439671297
381252707236839424
381122519433871360
381076106423447554
381067428349751296
381041754830426113
381034475146067969
381030064629891073
381027601004777472
380963036493668352
380925795268444160
380917309864296448
380916412052549632
380913864507809792
380913647389667328
380911124016685056
380908051928072192
380907614910967808
380901400479162369
380901354178228224
380900941773291520
380895489069051904
380881955954245632
380879636441206784
380863738485563392
380686851972947968
380672786244435968
380671511679361024
380648724415782912
380648368357130240
380641801813508096
380640412391583744
380638319534542848
380638104421273601
380637525171118080
380637273236074496
380636642693754880
380636556102336512
380636429031727105
380636214019112960
380632743777800192
380631729746112512
380630212980899840
380612943601086465
380610902854094848
380580496167546881
380556475325616128
380535257453166593
380533782903681024
380531419031695360
380528279347662849
380517624360099840
380490275782537216
380255527327916032
380133013872340992
380122433849548800
380118460878974976
380111123044765696
379827118634319873
379740701711282177
379737149664284672
379732356661534720
379531454994063360
379387075742539776
379377635446374400
379263817558937600
379084864290443265
379081324146860032
379068903168544768
379058559142465536
379058233987436544
379057717257568256
379056378662240257
378742980397375488
378717276192530432
378656274755223553
378530158098911232
378280558666579968
378041497523728384
377992701624332288
377955458541449216
377955047499636736
377859146995236864
377678731676221440
377675031280910336
377600504664051712
377574301936779264
377567569362055168
377486594724618240
377471003921633280
377467172894670849
377442030441357312
377440950575845377
377412078559969281
377271114373660673
377258891140423680
377072547755749376
377044203760779264
377032955022950400
376996236840431616
376981157126352896
376811646699986944
376804839478808576
376802248984387585
376796505304498176
376791286084538369
376472737063395328
376459650109276160
376459030518312960
376458600346304512
376446919952039936
376444602188058624
376384876330889216
376369385621164032
376345912274354176
376098436309090304
376033273631494144
375991529992884224
375942829627170817
375941661618348033
375938957684781056
375936640784826369
375934347867865088
375932359809703936
375929859069202432
375929447301808128
375732632006696960
375730601116315648
375729897630859265
375728196832219136
375727531271675904
375726701659312129
375726428832415745
375722384055361536
375716187478704128
375711505205178368
375673618845691904
375647986447302656
375621611019190272
375561669214093312
375549988769914881
375544144787435520
375543295398916096
375534040650379264
375517895683747840
375357755726761984
375357029994741760
375356676268105728
375355445281832960
375298970631016448
375267890888736768
375243120662683649
375240616508002306
375136117999542272
375047827493490688
375006372649525248
374993910902554624
374947597125181440
374947259693404160
374811240704778240
374804923126657024
374801408551555073
374800410319785984
374659345751220224
374580006917529600
374572555744870400
374535567482294272
374534860142305280
374511983896588288
374504823783424000
374502227492483072
374457754066640896
374305106302627840
374272412134932480
374268572224462848
374211890828021760
374207913717694464
374205549623406592
374157044234080256
374091876305211392
374066684606566400
374066243348996096
374065803702067200
373937169670606848
373936272924246016
373931843789553664
373876512434716672
373876404402012160
373875621753270272
373871506176348160
373859283550871552
373835562425520128
373556399273680896
373541186218524672
373443728910086144
373440913592553472
373429184322101249
373210369382436864
373174436524220416
373090985078976512
373064001607200770
373044195159982080
373018274835218432
373011135521648640
373007497591681024
372845627329085440
372843351331975168
372788663044030464
372788199703470081
372702648799358976
372701454337064960
372468693550518272
372444429925486593
372443297098510336
372433132567678976
372399577384910848
372395939140751360
372394517867286528
372385459596689408
372384332885016576
372384053166866432
372383539909894144
372364943615873024
372349138673098752
372296296063066112
372295348855013376
372286372238745600
372281470259568640
372274830030024704
372069005307424768
372042168997019648
372038313328517120
372003209990381568
371956056987279360
371922581676621824
371899583007584256
371874332265676800
371864858108899328
371846813634289664
371744065647575040
371668634105831424
371590897148133376
371586951868334080
371584071828504576
371573655542972416
371404110165053441
371384701216227328
371384147802992640
371381220103299072
371353700062601216
371311074269618176
371287253684715521
371108467416629248
371107790737002496
371105042922610688
371010924758302720
371007390457409536
371006531703037952
371001851883159552
370983276694880256
370944549868150785
370937376618463232
370928935040598016
370925683989434369
370924217643978752
370915848157814784
370815378181476352
370730931943792641
370730475267956736
370694677978034176
370671297849614336
370650719629496321
370646418765017088
370642661373259776
370641173401968640
370640596345425920
370611934770384896
370604054612684800
370590588837453824
370570151747268609
370476355852333056
370468033740800000
370467950802632704
370467080933363712
370356607869145089
370346137699364864
370333919117205504
370332379342061568
370332068032421890
370331918123798528
370324308922339329
370304474192961536
370301004819857410
370292198090088448
370255704315006977
370253296675459072
370216824362651648
370075141297823744
370019699536322560
370019450654707713
369988934828171265
369982535712792576
369980033684615169
369931887109619712
369928410157445120
369924390231633920
369913504179834880
369897486648766465
369896517961674752
369865244631252992
369862039985856512
369861810452561920
369856285367234560
369855252742152192
369852191806222336
369851779631943680
369851612623147008
369850750152613888
369850347637854209
369844820933484544
369828019449262080
369826423390760960
369690043004112896
369670371256963072
369663183167832065
369661400559276032
369658730456944640
369626534014775297
369625628196098048
369563577998270464
369552239347515392
369551906621755393
369545056438325248
369543544484024321
369537670545809408
369522867580334084
369522367443136512
369518600475774976
369512475206504448
369484298115493890
369482874518392833
369472713087135746
369320808113385472
369319888382201856
369308741880913920
369299156172435457
369193130823667712
369168842247127040
369143327091748864
369140943342944256
369129074687369216
369128911201783809
369126724539543552
369086853523046400
369081155275878400
368962648802877440
368923888375177216
368903170837073921
368902777767854080
368894677199486976
368878197934264320
368836262347563009
368816907568168960
368788908785799168
368726713209212928
368723604424232961
368720942970597377
368720139144810496
368719592866078721
368703477116985344
368575231452905472
368568294485151746
368486652152258562
368485725370449920
368483249003446272
368478789996511232
368473633884475392
368431725896282113
368422794599862272
368422196408221696
368368497430376448
368362691267940352
368355554261225473
368354001223704576
368348620271001601
368177777427877888
368170792871559168
368170295804571648
368169162293923840
368168839261224960
368168337656004608
368165292041445376
368148787992465408
368128208702414849
368122549198389248
368119575864676352
368113569767780352
368113460241911808
368113358735556609
368094096755535872
368064996401762304
368037531021234178
368032513245327360
368013037510590464
367987166242435073
367986703791054849
367986054743482368
367985145737138176
367984677195636737
367976223668203521
367866522221699072
367864090011901952
367863040873885696
367862029656547328
367859776879095808
367852139076661248
367851843529216002
367851432936226816
367850304941068288
367848592314478592
367707124790333441
367705452898820096
367702584032653312
367701017686994944
367699084691247105
367697924139917312
367697318633426945
367696413510995968
367679533799182336
367655171096313856
367654058120986624
367645428785115136
367632772606992384
367631790850461697
367614467401875456
367573912332546048
367423021352763392
367417275118530560
367395113129234432
367391699255197696
367384725612429312
367382532494721024
367381997146357760
367378456264572928
367378130807570432
367376671701483521
367366181856219136
364177330672910337
364176214014951424
364163651176902656
364162815633784833
364160075436670976
364079234144563200
364070587159040000
363928116512559104
363733358154485760
363714359152750592
363671098266619906
363670312157589504
363636214798094336
363523041759723522
363467265519255552
363456229013590018
363443124426637312
363441553504600064
363438096848666624
363435583109988352
363405300407087104
363398514467799040
363397895828938752
363396243738726400
363363795629916160
363353850469556224
363350417234591745
363335942892830720
363307675309711360
363300793312485377
363157948236705792
363155164707823619
363140483964350464
363121172814114816
363108778746445825
363042804546547712
363037772702957568
363035560400523264
363030876352823296
363029741453844481
362989714946539521
362986356227584001
362985888055173120
362985684232966144
362985110930337794
362984708155514882
362981565963309056
362977407772274690
362974039955865601
362973303461249024
362969525991391233
362968492993032192
362966792483774464
362958603046494208
362944121570201601
362934820994707457
362918820714778624
362908052716285952
362798679737905154
362773680159334400
362765103298387968
362710926832578560
362710638201933824
362709753148866562
362709172896268288
362685938498928640
362679705754816512
362653742719451138
362618338884595714
362608249834442752
362596891361411073
362583832844701697
362581285450940417
362569089048252418
362553333929627648
362551870830559232
362551459302211585
362551089008099333
362550368858685440
362541205323644928
362419568163037185
362418969979781122
362399157325021184
362386071142662145
362382450216808448
362382041511231488
362380402490486785
362380233980133376
362379516695420929
362379153460305922
362378986455695360
362359855115284481
362359597283016704
362358030270078976
362358021860503552
362357984828985344
362357921847324672
362357910220713985
362357821439881216
362357586231697408
362356849686757376
362356805914988545
362356746834022401
362355339884105728
362354840497684481
362352293691142145
362350900762787842
362350773188825088
362349657306836992
362347809426522114
362347453263003650
362346020635545601
362344238765191170
362339720891604992
362324541827063808
362318568710352896
362318406474678272
362318162944999424
362318118317600768
362314587250503680
362313877989498880
362313661630521344
362302982605385728
362301863950950401
362300404735815681
362263949154074625
362263764017491968
362262445361856512
362256904614977536
362254707172966401
362254676894289920
362253522311462914
362253127434514432
362252959570079748
362252890519244802
362247682833657856
362247623899484160
362247534376267776
362247365345812481
362229849592573952
362229562853167107
362228381770727427
362227794345861120
362226533319983104
362226073120940034
362224009011666944
362209514231050241
362209276753752064
362208892308033538
362208662317580289
362196287220760579
362194735001116672
362194087983579137
362193231288606720
362192780996517888
362191951195418625
362188685912973313
362185821031374849
362185497323380736
362185370009473025
362183922072821760
361995109694316546
361992937493630977
361989245113602048
361989036694454273
361987217557684224
361983478864166912
361929190850834432
361879572200955906
361845941969485826
361843573982887936
361834597102788609
361829669454094337
361827672193634305
361827487099006977
361818581173936128
361806584390746113
361805978372554752
361805381560840193
361805219920748544
361804046371266560
361803522406219776
361797337951125505
361797000347398144
361796225235824640
361681281018376193
361659215749726208
361645004663431169
361603419338846208
361597410205634560
361597195583094785
361529869017952256
361528493659533313
361527750030405632
361496527602073601
361491912659714048
361488773365764098
361487622117400578
361486722707623939
361486092526043137
361481718701625345
361326811096944641
361273183422263296
361272221429272576
361263979655479296
361211684888653827
361211329610125314
361171386905006080
361168555401691136
361166980532813824
361166434837082112
361164648860499968
361164208441802753
361163435934875648
361163359585959938
361141867393466368
361127949879095297
360956635549675520
360954757801709568
360953705962553345
360953366890823680
360952803759374337
360952743059402752
360952677812809729
360950354621382657
360950133891928064
360948788485038080
360948108198285313
360926490445090817
360900273348153345
360900149955936259
360855065818435586
360848236497473536
360841380987277313
360830189116194816
360811900981886977
360808904512372738
360753963567554561
360743275101040643
360625803920277505
360622625304743936
360534971011715072
360499904646352897
360498051854508032
360433844798763010
360419343848308737
360418363010334721
360417919659819008
360410573801926659
360408871795302401
360242813469868032
360197491561463810
360156285892689921
360151895790202880
360139321497485312
360138758617702401
360135146277576704
360134077145296897
360113237318053888
360112583652552705
360109666841284608
360062228306722816
360059884621938688
359938994571714562
359917153341808641
359908374827110402
359905195003609089
359904059207065600
359844017774673920
359802696145985537
359780430699970561
359713792311050240
359712270659493889
359473442271137793
359462318339403777
359446442261233664
359443156758048768
359408997310267394
359400353202057217
359399613704323072
359349304634273792
359108700633436160
359105728939692033
359092207648653312
359075550792396800
359072470826893313
359072223174201344
359061883870908418
358981419319562240
358952324141555712
358816701250416640
358816401475112961
358751617564151809
358749354359652354
358658859822362624
358613791614840833
358610064858300416
358507140941488128
358403980868591616
358403252288634881
358402277544960002
358400084276281344
358362107978330113
358292239815933952
358268846253146112
358262532953227265
358252029635854339
358240543416926209
358136748192182272
358119593023270913
358050896694878208
358027392721223680
358008905298751489
358008112445259777
358001890799263744
357998972712923139
357994416146878466
357988210833489921
357954911360647168
357954585161252864
357944310240518146
357942263491469312
357937189566423040
357936368548192256
357703372381499392
357687972985970690
357685704031076354
357681187092840448
357678899074838528
357665819129421824
357608624069160960
357334239718539264
357330459866316801
357269127750098947
357251377879195648
357115054665113600
357041704236351488
357038297236779008
357038073558736896
357034508006080512
357029213213167616
357026204173352960
357025598465507328
357023797322326016
357018477510406144
356953804698169346
356891842840764416
356891296515891200
356890155988172800
356863911657603073
356862298150801409
356747603372818432
356694919437496320
356608830672613378
356602131068895232
356584594830667776
356584259315703808
356583569897947138
356578780703240194
356538094813577218
356407869656145921
356203131840892929
356142818303025152
355984445796392960
355916982895386624
355916175592525824
355822103376826368
355803761345708032
355802047439831041
355802017098252288
355801852895428609
355798466930278400
355798077451407360
355797621853528065
355781829640454144
355780929010139136
355776768914894849
355774871948623874
355764863554953216
355745906580127745
355721974997196800
355713717066928130
355709790221111300
355681563859628032
355679876650504192
355679737605136384
355678772776800257
355678074764931072
355677701492834304
355622547762589696
355621678363058176
355604653481791489
355604191466622976
355559863910281217
355450704531439616
355439643971428352
355438666614718465
355435340707790850
355432518578737152
355423834150670336
355422656176205824
355414046343823360
355273867419336705
355265172253847552
355264382088916992
355253335416250369
355246480476471297
355243815797391360
355129467808669696
355123924704571392
355121052537470976
355120617063841793
355119474078269440
355119212437581824
355116204232417280
354961804595691523
354957799182184448
354956653646454784
354875377295962112
354868830750785537
354852593689825281
354851739091996672
354850367558782976
354717450895503362
354715297732755461
354713370659786752
354580985544835072
354578779542269953
354522811185905664
354522728855908352
354516939856551936
354516234966007809
354516051783987200
354515078176964609
354504518945341440
354367001117990912
354365671171309568
354355777370210304
354349969915920386
354341473216512000
354336465716645888
354331259599728640
354327466719969280
354325233714462720
354323408080748545
354320744584454145
354310303468617728
354205474725433344
354205392747761664
354194893767319552
354156231612567552
354146039206383617
354145460413415424
354145315667972096
354145244813606914
354145173598502912
354134875449720833
354133782703505409
354015179488501763
354010988003078146
354010060344668160
353978737877983233
353977916218019840
353976062490841088
353969109165281283
353966474873933829
353965966608175104
353963158148358145
353956516946116608
353954110111883266
353912822817755137
353883758883123201
353844838501842944
353641820347047936
353582319891791873
353501306951962624
353452748441792513
353419648022224896
353261653221052416
353260682935943169
353259905249067009
353258866596773888
353258720978927617
353258299455569920
353221866481131521
353219467393777664
353198026883465217
353185941063614470
353121502138343426
353094377167527936
353094307214925824
353094065367166976
353092057407029248
353078089766543360
353065126645084160
353064912903348224
353064279722835969
353062595953045504
353031787053719553
352883790185635843
352879850236805120
352861701420490752
352833385028259840
352817157127684096
352802923610251265
352802808170430465
352771522500370432
352708551971569665
352707409413804032
352704246665326592
352704140406816768
352702557711380481
352700717808627712
352699413866622977
352697610198466560
352697535896354817
352697122438643713
352695165573541888
352694195783340032
352693064923496448
352685504430489600
352525371498967040
352524373200080896
352523184186204160
352428649561071617
352426895360528386
352389953323413504
352371855123943424
352342076408606721
352333135620485120
352182973862391808
352143776057270273
352136233079681025
352128210571509760
352126154762756096
352125759353135104
352125500413587457
352071414225973249
352026226115887104
352024165798248449
352023775174332416
352022999580409856
352014635714609154
352011535066992640
351964205005549568
351953780591435776
351827467855597568
351801967095463936
351782334745423872
351764371116007424
351764115737415681
351763746223427584
351763134870077441
351667342528352256
351665980717535232
351614708647858176
351450783595769857
351439668040052736
351439060356706304
351433815807377408
351433462022017024
351425666807365632
351423037020704768
351416334376120321
351416202716913664
351414703748165633
351407032689111041
351274478510145540
351232701421981696
351072957990305793
351068526464864256
351056376568610816
351045991232839680
350948318114873346
350916874495733761
350721114030350337
350720086656548864
350703450226569216
350689214100283396
350582437425852416
350579583172612097
350575877685407745
350571960943652864
350571486584651777
350333292102430720
350331262721986560
350328584604356608
350327325201678337
350318745685721088
350262518884741120
350162474517004288
350160301641048064
350132962332917762
350038319981273088
350022852143095810
350022210502672386
350020397133074435
350014694196658177
350012169087221761
349921038257238018
349914643982073856
349885168091271168
349802459415318528
349700749476892673
349700630803255297
349674012407894017
349672999298940928
349671964157288448
349671744728084480
349671029175631873
349669605846970368
349669173502287872
349668694621818880
349667795727945728
349665351111417858
349597734027792384
349584578710736898
349584533605191680
349584042909368320
349578373414125568
349305588670402561
349298788369842177
349199914858856448
349199616291504128
349199305535533058
349196332369592320
349193113442590721
349187453837512704
349168052232937472
349043860674068481
349042256780599296
349038164117159937
349037001988784128
348954021094096897
348945167782391808
348944066681131008
348843701101031424
348800410728935425
348714442357342210
348557018593902592
348556761453715457
348550267391844353
348549850721300481
348549539378126848
348549188902088705
348548662697287681
348542071281446912
348540004626206720
348469775451688961
348456003156721664
348438109211484160
348435161467215873
348432067081666560
348429643856093184
348115917231759360
348098700817596417
346148215478960128
346147879536177152
346137731757383680
346137154734391296
346136047169728512
346102398902759425
345871246518517761
345871058664058880
345869641219969024
345868092829728770
345589436794413057
345585630664851456
345545504702210049
345545121980362752
345536881276092418
345522565038632961
345520387397914624
345490749049151489
345456611315302400
345435393564475392
345434218249191424
345420642348326912
345418609054593024
345418286076407809
345416801431216129
345410378349559808
345408406510780416
345380736255266816
345375866890620929
345214140744339456
345192917683535872
345164729754460160
345129246194278401
345115190049796096
345113999257501696
345107840219893760
345102729535963136
345097578490232832
345076775455428608
345071821290364931
345059718865240064
344874083919466497
344586922250883073
344486049592012801
344485047312711680
344458357605793792
344106830382899200
344098802514411521
344098026811428866
344097747764396032
344041440516661248
344027066695553024
344025688627625985
343936351596593154
343860235439575040
343757825035624448
343747711150993409
343698579908591616
343676523955503105
343675974593941504
343673605349060609
343552950695784448
343552422838427648
343551984969863168
343395533567696898
343395319855345664
343357296304340992
343018652523712512
341851942219292674
341554767945945088
341548551941275648
341526411531649024
341521738263318528
341520816829263872
341520748822814720
341520585425289217
341508180481822721
341504107766509568
341502917905350656
341501779592228864
341500924713369600
341484860038324224
341478139177865217
341474084154118144
341260388509310977
340874687389237248
340741353845690368
340423370334150657
340209424113213440
340172500463915008
339998269943996416
339995944328261632
339994953944035329
339989358293680128
339987629510643713
339793391061725184
339686590207102976
339515136190582784
339491674164183040
339485665429434369
339482096269660162
339481111635836929
339424235883732992
339372863503101952
339336322412068865
339334884491411456
339333339704094720
339333073869103105
339332584750329856
339331706437898240
339330683375874048
339329776131117056
339328434377474049
339328232077795328
339325973763854336
339319949073981440
339317246147051520
339316825424809984
339315953923944448
339314623297777664
339313736819023872
339293928442441728
339131522030370816
339130968797507584
339129451679973376
339102258308456450
339067466040889344
339024593530544128
339023191605395456
339021021552181248
339020880627789824
339019552929222656
339019434259787777
339019385345814528
339019321193938944
339019247072202752
339017028503478273
339012408620249088
339008574506278912
339006289906630657
339005891783315456
338999217567703042
338999095807049728
338996629887660033
338976337517756417
338975465169625090
338954473038819328
338952593063698432
338951804513574913
338943736702709760
338943516547878912
338941492657803264
338933063214067712
338930463873855488
338929753799147520
338928850656436224
338893971982008320
338750892218130433
338685392318496772
338681838698643458
338680939448254464
338671730891563008
338670961371004928
338670126574493697
338669485961654272
338665328236183552
338651295982428160
338593271909584896
338564601153191936
338554393525895168
338541680452055041
338252879762685952
338250245349720066
338213626898944000
338206103869485056
338193061647638528
337915237133070336
337899988250161153
337889633096585216
337839696870772736
337834839019503616
337665769242513408
337654334387015681
337617334464282624
337585316472967170
337569836018311168
337561358419759105
337544164776476672
337538531608125440
337501032512901120
337500465195544577
337499841099874305
337499508063731712
337486505339678720
337477999370838016
337471482747838465
337458715450019840
337455357620277248
337450184130826240
337301551775367168
337285997064773632
337284085695279105
337265867823915008
337265023191760897
337260912903856128
337253540873510913
337217906326790144
337210235775221761
337205002433089537
337204594373427200
337204049277493248
337202627811090434
337201474696278016
337189511543001089
337189068284764161
337186169244749824
337185876402663424
337183653950009345
337183486697947136
337157298684313600
337138647507795968
337127767986548737
337125769786585088
337119517593436160
337119303381942272
337115928225533952
337115039418949632
337112887178977280
337112317051404288
337105904321310720
337105244846694400
337088184208982017
337085461933731841
337083360490962945
337078274578599936
336891847291047936
336890161902264321
336889204049055745
336888863530295297
336871238905507840
336846565027237888
336837118640934912
336825116723920897
336811942633156608
336777300253220865
336776213597126657
336774155854819328
336770159844933632
336769117128376321
336767176126111744
336764403791839232
336754816053284864
336754750072696832
336754630908321792
336749790345953280
336747896256999424
336745304072257536
336744068782620674
336739536715513856
336738719686074368
336581157309263872
336533230360600576
336532237044572160
336522208748900352
336509133471760384
336428309736980480
336396877530533888
336349431949570049
336347013304156160
336337744676675585
336206977233461250
336204762414465024
336154133910396928
336106459148455936
336067841906319361
336045939196297216
336033580952211456
336031023601176576
336008620070293504
335959954785714177
335853429652082688
335811891060436992
335811008767590401
335809976171913216
335808393161887745
335807915355160577
335806273427738626
335805477290119168
335805255428239360
335802559358980097
335780920051236865
335748642466050049
335711531998277634
335696831042420736
335684889326256130
335675378175713281
335667075546767360
335629037567352832
335628482010824705
335626342483763200
335615165234036736
335499640436838400
335488991379988480
335436461539221505
335362917304262656
335355102124724224
335352560292597761
335351536198746112
335350127281700865
335311754588463105
335311467366719489
335308617827876864
335277022127456257
335174567058366464
335158983067303938
335134469201735682
335133927318626304
335105644539572224
335029645923713026
335028825278779393
334999384053915648
334975660575567872
334952717996941312
334802593597513728
334801351404040196
334771429105074176
334753443724017665
334720106087194625
334718207346761728
334699405498273792
334695301837373440
334695106772865024
334669610097991680
334668808994316289
334668348723970048
334667580918878209
334615497108766720
334606457020502016
334605661704974336
334604933242425344
334604316084142080
334602287513214976
334600556196814849
334590847934922752
334427384386318336
334412661590728704
334386648924168192
334384992685801472
334384361149435904
334374254470656000
334263541299294211
334263348826894337
334262778611253249
334241655114854400
334233533264572417
334229338385969152
334220452316733440
334219823707996160
334203472222253056
334198754729140224
334039589742317569
334027842595721216
334022938024091648
333997642931654657
333995945631039489
333952880019111938
333877427942092800
333653332344332288
333651212920569856
333647338650345473
333616331016507392
333430531515641856
333423142112468992
333295077025796097
333294247774154755
333286291804401667
333285209514582016
333283163931557888
333248624509202433
333248100942614529
333242490176028673
333230764030320641
333008633581424641
332994913983668224
332987561683324928
332918821348339712
332917988476997633
332907927553855488
332899400361844737
332898786798080000
332898230352359424
332888048155103234
332887707221114880
332884798160896000
332873766717751298
332856772870148096
332644853097840641
332591572057210880
332560110876508161
332543148024803329
332542571983302658
332538942605905920
332314079953829888
332299788504686592
332211876391964673
332205176364609536
332204906771529729
332202149545144320
332175228589441026
332160670307082240
332130177545039873
332004710829682688
331991242399420416
331966246474092544
331910294555205632
331904781213896705
331891296472023042
331889170614194176
331849846799609856
331822501992738816
331816474383642626
331811336394784769
331809909282832384
331808486906294272
331804865921699840
331804833860419584
331804156031553537
331798377606037505
331789694138454017
331782448700596226
331770078041362432
331763643807043584
331763496914124800
331763232165474304
331761324377899009
331761163677364224
331750795315904512
331613704833613826
331608857979801600
331608680757862401
331605161086709761
331603411554406401
331414919398445057
331411542434254848
331363147652923393
331276252805726209
331097527510241280
331011249141870593
331001169134645248
330999675945615360
330999452737359873
330960815366762496
330758177350103040
330696465724866561
330609880471842816
330425097213059072
330343716889972736
330317101975891968
330033510846967809
330001088600219649
329943296896036864
329884124087201792
329865064368726016
329863664855298048
329861507154329600
329858900276936704
329529667134558209
329512213922598912
329493060826308608
329478171831435264
329356272526831619
329335513171517440
329335156412387329
329325770910613504
329225799028842496
329153940740521984
329137200858009600
329135571584819201
329130292499582976
328942964271370240
328921898945748994
328801303918673920
328787865754562560
328765967444357120
328763094966861824
328616511004622849
328543275189403652
328436935506919424
328418141841547264
328241325113761793
328238846007447553
328056205471784960
327832432134991873
327755488039141376
327712568485482496
327702783576915969
327691619744768000
327559043193397250
327515307252002816
327515094193938432
327485889104211968
327437211911995393
327433765272051713
327417511106711553
327412391522476033
327401214541189120
327374926044610560
327373330044813314
327293502176260096
327172840090636288
327171982594543616
327121206887194624
327113336800022529
327109486496071681
327106384070057986
327105371057561600
327103628655607809
327075037184147457
327070318403407873
327036368733745153
327028241221160960
327011316957057024
327002902759624704
327002136602869761
326998078341148672
326993362576097281
326983739282444288
326977757919727616
326958075506466817
326954819069808640
326951349654806528
326948915473678337
326948691187478528
326759485978841090
326753130714902528
326725964052709376
326724066830602240
326720450463940611
326677413704646656
326677367567286272
326668805214457857
326667906949738498
326658683721355264
326641239770402816
326640254973001728
326632760649326592
326629122866556928
326625609981779968
326625216719634432
326624279544340480
326609505800572928
326595555335741441
326583759115788288
326560126909693953
326414652382773248
326412141907288064
326382153329938433
326380762574245888
326377416387866624
326334696269160448
326310605902471168
326308743367258112
326130351862870016
326030444762128385
326030216591978498
326027558737043456
325869688175349763
325804253467783168
325727901511188481
325725847816384513
325705234917756930
325696653992529921
325696528444432384
325692834420256768
325692353467785216
325691056878415873
325688507219730432
325682440960106496
325649827440513024
325648897093558272
325437163426697216
325393711712333824
325384643400564736
325365719137144832
325331239735271425
325279954419994625
325279458548404225
325276982814318593
325271526029012994
325222899852144640
325132737679867905
325122410800099328
325121094170312704
325063154293940224
325057484106657792
324997897420668928
324969770158006272
324967694308880385
324956188888416256
324922832461119488
324922165793280001
324921159269376000
324920904222142465
324918066863542272
324910204972068867
324906853656059906
324906410385219585
324898452947488768
324894710013509632
324892043501522945
324733079447011328
324732442093158403
324714830848196609
324714309617848321
324707883436617729
324706997452816384
324679074750554112
324678071418486784
324677808343351296
324673778669993984
324642514239885313
324618139717480448
324617989909536768
324614196220289024
324591828819124224
324575763510726656
324572125258186752
324571287617933313
324570635445608448
324570015330361344
324568961171742720
324568751666241538
324564370979966977
324563605234266112
324562445463072768
324559068310142977
324556213461319681
324554897079017472
324554255740592128
324552282307973120
324548301196255232
324510023512387584
324386386427932673
324386094466609153
324351591840890882
324326637946675200
324320961904115712
324320387322232834
324295159888093184
324290347209469952
324288413413027843
324274159536459777
324271387151831044
324271219434221568
324265698534752256
324265335094132736
324264229106507777
324262641663094784
324255689360953345
324250982777245696
324249541727633408
324245181463420929
324235766060421121
324235659327991808
324235418008711168
324234679635017728
324233177902239744
324232448424693760
324232381919817728
324229715714007041
324227293901897728
324223245622579200
324221544094117888
324218177074638849
324217545131442177
324212145778720769
324211913229750272
324195295074349057
324174881568727040
324161359438807040
324023535695691776
324017183191601152
324011507312652289
324010422216830976
323996924267073536
323941886580625408
323941441057480705
323911277321801729
323899610005401601
323887728091602945
323849696806305792
323845774855266305
323841492189868032
323840023881457664
323839078938312705
323838913892458496
323795324328091648
323659410805256194
323642151332376577
323640182182117377
323592538948792321
323514022504824832
323498077975625728
323334455982968832
323282140085227521
323282068983406592
323279964336160768
323236570469629955
323216128476327937
323189189292216320
323166950480039936
323166744556478465
323166234357145600
323164835632250880
323162235151200258
323077364017934337
322944981134352386
322943783530549250
322939254596595712
322856566929899521
322838640449441792
322833164127068160
322818150427144192
322805860348874752
322800732900315136
322796144537239553
322795222683746305
322786989415997441
322781259501809664
322778948440313856
322777645412659200
322774228137041920
322773527075885057
322767355476324353
322752346079772672
322747236226314240
322593124868300800
322592413589856257
322583180051877888
322583094269997056
322564898670387201
322485229971447809
322477824390885376
322411837893263361
322385120852062208
322383788611092480
322372063987900416
322355267339702273
322355206115426304
322354222303694848
322349968222466048
322220240077479936
322213534882754560
322213086159331328
322196038825943041
322107225684455425
322103678163091456
322099947925278721
322065280874446849
322054559990177793
322020234418601985
322016038596247554
322015169070891008
322003868009496576
322003491381972992
321999452082692096
321992537957085186
321983081420554240
321981745190801408
321972412444966913
321834756914438144
321807082900832256
321805822332116993
321802966900281344
321802124369461250
321801382342565889
321778906388643840
321744235332239360
321721042932482048
321705168687230977
321693059022737408
321682190792544257
321680253921656832
321657164127162369
321628182711259136
321617094900867072
321500713421271040
321475882420170752
321472637031297024
321448172260061184
321417188986728448
321365267395522560
321286500056715265
321135272916041728
321133689876656128
321130356436791296
321119735733424129
321110274490908673
321106109110841344
321056304665858048
321052318223171584
321051669104312320
321037795630149632
321037049383768065
320952341517963264
320943318727016448
320933255035641858
320932045364809729
320777389368041473
320763018201923586
320724647077363712
320723043834007552
320716757956427776
320671530428293120
320671391458398209
320640033533071362
320639500147625984
320618679022780418
320613244668612609
320603881572806657
320583742005600256
320574987352305667
320570929883254785
320570096785424385
320564488736755713
320563592783085568
320562267928264704
320560806003630081
320560635576451072
320547110669938688
320295890986360832
320223310728290305
320219208380186625
320215719847550978
320212832799055873
320043276403089410
320041914508398593
320041444524036096
319862272010891267
319640647667695616
319550430059311104
319497587734482944
319339142163079168
319218847091671040
319210094531317760
319208733630672897
319184872843403265
319183857243021313
319183836460228610
319183311673102337
319182324963094530
319181281890017280
319175652387454976
319175076765384705
319163154347208705
319160633314648064
319146244935139329
319145110845677568
319139436996739072
319136285765799937
318953141796208642
318900078049910785
318898602414055424
318892716446605313
318838421449752576
318831033552355331
318828437093642240
318823814567981056
318822460541779969
318820314027008000
318800878482116608
318794714809782272
318785181035143170
318782416925913089
318782358251790337
318781415632277505
318771844272496640
318771145899905025
318770404544094208
318751319814991872
318749476514836480
318746934691119105
318745127973687296
318743752418148352
318738081018687489
318727176671342592
318590054685605889
318552192812449792
318552008858685442
318485412706410497
318483740546461696
318458782697017345
318208690656251904
318183918702563328
318174665740787712
318172223397580800
318170577565257729
318170114413441024
318169863778615296
318126711327834112
318118862245740546
318118268550397952
318113809086681092
318097923223212032
318084662423613440
318084456529395716
318083041169911808
318080182437175296
318075686495596544
318070392965189635
318066232731516928
318065703511027712
318064708248817665
318063049846173696
318053892275466241
318052009066516481
318037588579586049
318023473622548481
318016561187270656
318015593032843265
318015238383484928
318014555353645056
318011599136890881
318011240410656770
318007371089727489
318005910939262976
317976578359427072
317872148221923328
317871972417687552
317808852273876992
317754205098094593
317753099395670016
317698597862912001
317649453404270592
317509641078702080
317505075377479681
317504450359095297
317422561917022208
317421687866028033
317421583373332480
317421014504050690
317372010110021632
317371392553267200
317369545859940354
317366562883522560
317332399115624448
317332019296215040
317331575136198656
317330922301190145
317330372801212416
317329691675619328
317327628572962816
317327209247424514
317324853638221824
317324221682434048
317322884924198914
317318218672902144
317318040003940352
317316321761169408
317293194893225986
317291005722370049
317281613480341505
317278296012374016
317075808457994241
317047892768604160
317006783229091841
316772355877785600
316729410646593536
316661725522960384
316636663092744192
316632110653902848
316630575140204544
316629716901711875
316629534197809155
316629091325460480
316626345687928832
316622648572514304
316622030231445506
316621410745348097
316620989230354432
316620163204136960
316617552728059904
316617202042302467
316615951728652288
316615367063658497
316614854611959808
316613655196229633
316613113447342080
316611411704950784
316610778000150529
316607787142610945
316607062283018240
316599990216712192
316593492006694912
316556326065012736
316551681053716480
316551017154109440
316550447542452224
316548075973906434
316547309305470977
316545720071110656
316537975922118656
316536329829761024
316535451911598080
316366374119288832
316365634114039808
316364074415968258
316300485453811712
316297232678793218
316193839004147713
316034448892252160
316013961495584768
315809425296334849
315782701066113025
315781215573655552
315744754539327488
315744309330718721
315731944749010944
315583136505425920
315582467736236034
315580337319202817
315572231138844672
315561001649057793
315503869952151552
315502983905439746
315495562357121025
315412012110843904
315142134573461504
315124627368202240
315073755095396352
315061956350455808
315061696991481858
315051853064835073
315051259231092738
315049406820909057
315047710816337921
314846472195670016
314821318967177216
314801170008903680
314788188386377728
314777020477362176
314763199700426752
314739869404504064
314738842840223744
314737067965968384
314730492941434880
314728110769729536
314709364260884480
314468469666115585
314461594425884673
314431882454507520
314424897797513216
314381414768451584
314375152244776960
314367276742750208
314355449652731904
314346818873987072
314339992409341953
314314105118924800
314312492983652352
314124209603346432
314097617149767681
314095413793796096
314030996611809282
313978567958601728
313930364454318080
313771226558521344
313742304139702273
313736281312096257
313736105474285572
313643773651464192
313641578201751552
313621134602035200
313420991617458176
313249674964393984
313050962472345600
313022967451901952
313018659712937984
313018369093799936
313018238701297664
313017996945788928
313016121722806272
313013351888338944
313005884739571712
312966461599662080
312936155010199553
312926940866699265
312917317845671937
312915918122524672
312914618668425217
312912403086069760
312910100014698497
312906165719805952
312880204144062464
312877100522696704
312720336665862145
312661938138124288
312632786865491968
312616675763687424
312616603990753280
312554764082765824
312502111122378752
312501853915082752
312496504457805824
312495794148237312
312495462433296386
312332504369623040
312269768948342784
312262950251536385
312259772202250241
312246792760745984
312244986626334721
312211325428314115
312207212946804736
312206667985076225
312203916894941186
312184441223139328
312183742259159041
312183614102192128
312183082545463297
312180622569394176
312177543157534720
312174133242916865
312173902333882368
312168252518301696
312166384647950336
312142728404287488
312142017520078848
312135787774873601
312117958090567680
312117790205161472
312102183023828995
311988746218242048
311965163978895362
311863395278274560
311825451343556608
311793537270284288
311775056885870592
311773176294162432
311766287711891456
311763214323040256
311760715948105728
311760563585826816
311609954018676737
311575638786060288
311575229447155713
311570735237840896
311498122775912448
311494285457506304
311494227718717440
311494124031311874
311493572006391810
311493106912612354
311492276796928001
311491715309641728
311491246201921537
311489977244606464
311489051372974080
311488130291232768
311483438676987906
311482554559643648
311482432295669761
311418890578165761
311413851277115393
311406283016249344
311388833558175744
311369412433293314
311242970538061825
311173258659639297
311169881963896832
311168662952366080
311136963354824704
311135981573140480
311097176732360705
311052074601287680
311034844157181952
310911720929513473
310871657143226368
310867098752667648
310866641749684224
310832990420860928
310817804020510720
310749645603229696
310744883474362368
310740293366476802
310694765589045248
310477868608131072
310363226212794369
310357484911067136
310354510868516865
310166683891421186
310165692706091008
310154887084273664
310154248916725760
310153001635545088
310150652967915520
310148364585037824
310147876615487488
310147354735026176
310146765707939841
310146201116897280
310145870333091840
310145424965132288
310144786516561920
310144488343474176
310143653647613952
310142484401508352
310105711596154880
310088872375762944
310088435811622912
310085367250419713
310083754368565248
310056557217984512
310044052135477248
309996248608415744
309996106555723780
309987375726080000
309979692264468481
309978168264118273
309973765155065857
309962372745932800
309950696394981377
309932359405428736
309790961284833280
309789194509762561
309788713272098816
309786592208371712
309781135662137345
309780000578625537
309778259502067712
309723819180965888
309709247283863552
309644430061740033
309644234691076098
309620968568004608
309619682632142849
309597918862655488
309594542498250752
309429163301928961
309382607026655233
309359130320203776
309351993229594624
309351790103633920
309317038705369088
309311548285923328
309293867323236352
309272320030167041
309271552669650944
309271509594173440
309238175316975616
309218328096944128
309216134467579905
309206912988225536
309050569199341569
309042582149816320
309004221099958272
309002462830948352
309000503499558913
308973959255293952
308970152517578752
308968266221633536
308924944723632129
308759256671338497
308745098261315584
308740859367673856
308717308463955968
308668199245840384
308647383548432385
308625497103949825
308618082312679427
308613642054688768
308587035856363521
308585884670914562
308585759718379520
308585387448750080
308585302165950464
308566076814397440
308544569203642368
308540775757668352
308360345733431296
308351132680454144
308307538963742720
308293621294194689
308282013167800320
308253511727083520
308252509439401984
308219226877992963
308211250532331520
308194404911423488
308187285428506624
308186196591378432
308179189339668481
308164307026337792
307994979299627008
307987895128584192
307961503506640896
307919893288853504
307915777363816448
307913871665029120
307910753053200385
307910094660710401
307908394638008320
307895325299970048
307828740958867456
307638171175358465
307622303242518528
307617343822000129
307615307105714176
307526528017780736
307518536761368576
307498774949933057
307498493457612800
307479420380258304
307461186490888193
307427198934056960
307426490973306881
307425141279842304
307415110278844416
307264514808758272
307262476842582017
307137920228278273
307122509055156224
307122346555240449
307119210679631872
307105416364560384
307093192661155840
307090576552124416
307086485365080065
307057783390482435
306915230435385344
306822022745436161
306818527615123456
306816552618041344
306814870236590080
306814417675382785
306812376185987072
306772934222024704
306772908628398080
306772760468795392
306732896411086848
306731735188656129
306698298205548544
306695920307806209
306492806472540160
306492447654035456
306486554589790208
306481886820188160
306480440921964544
306465083138125825
306460273450049536
306457464629501952
306417359105691648
306368194199814144
306333997582147584
306191964347445251
306186096356757504
305954931607752704
305944497827741696
305815416645775360
305801660956024832
305784413768278018
305782903198072832
305754705622097920
305736003375751170
305414241870032896
305319762668437506
305246525804662785
305096690766077953
305080932140994560
305059880732090368
304953994290290690
304949142755614720
304914318120599552
304883897613832192
304727701086949376
304720968654397440
304720826102587393
304719841686855682
304715152253657090
304714920417714178
304678071804497921
304676668629471232
304642516928565248
304641495204515842
304640407650856960
304640247310987264
304356648577822720
304347868007895040
304327379285843970
304310444963815424
304309841533497344
304305212913508352
304263126403125248
304247031331954688
304204529648427008
304155425148899328
304143095056982017
304141888166957056
304026550364413954
304022413711142912
304017633018253312
303986173011959808
303964133190152192
303822742334095362
303779386178564097
303649850304651264
303647962830077953
303644329593946112
303565798528651264
303551168863428608
303490120617705472
303485359675830272
303435347373744128
303413424585576448
303279811961450496
303278315412811776
303273304674934784
303263481996644354
303261320952836097
303141071943241729
303067719153115136
302761391004188672
302549239177826304
302548507271757826
302497553885315073
302497015147937792
302496291412393984
302495138054279168
302491365374300160
302461438574882817
302355787446099968
302349669533626368
302345327271358464
302131267351240704
302129665768841216
302128789868122114
302122036044636160
302121664592891905
302097580379234304
302070891389521920
302068631049732096
302061995287527424
302053898661797890
302053561678827520
301981608779603968
301980963771125760
301980722950967297
301980490821427200
301980001211932672
301966634816528384
301794108006076416
301727663951847424
301713411727835137
301688895047864320
301686572976316416
301686394164744193
301678707209297921
301678006538235905
301677276188262401
301677066749878272
301676440141840384
301644681568202752
301607791796305920
301606702585876480
301407037122813952
301404483483754496
301366394698743808
301350055120621570
301304072017948674
301289254225580032
301262519236980737
301261921380872192
301261676135714816
301015191284502528
301005954676310017
300972979205054465
300963384399101952
300928332315385857
300927279100481536
300925938500255744
300923881957498880
300920819784245249
300917580363886592
300916694430396416
300907882218668032
300906369454850048
300905366739361792
300903422176137216
300885548892049409
300767736823422976
300751671674417153
300724144364998657
300670901878398976
300628360151834624
300587635112558592
300571213745512448
300537194647527424
300536965365915648
300536457263738880
300536099690926080
300534817211162624
300526853855268865
300309460113575936
300273176489914368
300254797683101696
300248560585306112
299984965632917504
299983971117301760
299981132919885824
299980045538189312
299928688181526528
299646467172356096
299593572863336448
299450807546417152
299449573099831296
299445593900711936
299442057871777792
299261627017084928
299205669150674944
299162322381979648
299161397466636289
299138243872575488
299063610095828992
298920972180942848
298919690238050304
298877432486834177
298871472447967232
298730249997385728
298563660064894976
298559356318912512
298556664888573952
298525501281161216
298439549003104256
298430183755620352
298429372044562434
298179010800783361
298068009027784706
298059082403835904
298039423910703104
298038684635242498
297745559907885056
297381571852390400
297356790675423232
297356443399626752
297354229771821058
297350976606724097
297350664298844160
297342903880134656
297300270382198784
297298858084532224
297287478770024449
297280202088792065
297274672305807360
297265847272087552
297105611831799809
297105036104839168
297102730999238658
297096057668657152
296964601185177600
296920871027744768
296909523527012353
296906573622673409
296569535014768641
296569126325989376
296567623599149056
296560092789235712
296558425511428096
296535994784706560
296535870805270528
296531116297441280
296523953093099521
296512296480538624
296389022908047363
296386840116727808
296381129504727040
296380695398469632
296376967014518785
296376245812330496
296375624820469760
296374349982732288
296368405026578432
296284479981510657
296242056928579584
296228846573871104
296164048318394368
296038268103979008
296037084857245696
296036432244510720
296034409155543041
296033921332830208
296020940897259521
296007745004531712
295873664677707779
295793680743297025
295660479072858112
295652034202460160
295625121853476865
295621297499676672
295335617406042112
295134918160306176
295129109330288641
294963713902010369
294962079016824833
294837896496689152
294831313494614016
294830814645067777
294767702826958848
294729606148263936
294729215331409920
294728950041702401
294728368291721217
294725468521897984
294451712259928064
294362810530537472
294215651655028736
294211586346864641
294209241122762753
294207120436502528
294162115634274307
294127410188791808
294053993326452736
294052281756827648
293989277501624320
293836846377627648
293834569457737728
293827990503174144
293827955665272832
293823519786168320
293807572308332544
293747463964209153
293734849242615809
293734621126987777
293727300929851392
293704364344885248
293641662947803136
293431457362362369
293320033201950720
293301361850871809
293299085706919936
293118151930019840
293079380371050498
293078444630220805
293077266794160128
293034271902425089
292933545146585088
292915029320278016
292595155695960064
292548531217121280
292545648631369729
292333451812675586
292332243458854912
292309417226022912
292306664600780800
292306302015795200
292264614085939200
292240388528435201
292178529167228928
291957970030456832
291950015339962369
291920388919799808
291841359147585536
291837958359760896
291711299702886400
291513827886002176
291509367193350144
291508343179210752
291481971572498432
291480572897935360
291311084005126145
291310375742361601
291302831363874817
291298945941000192
291237705801682944
291230277420863488
291195000191066112
291174189707173889
290965758551404544
290924402349068289
290841561045032960
290824116158746624
290791233318682624
290782959840161792
290782188868358144
290758770886324224
290757047111258112
290414742030401537
290407861320814593
290401536138432512
290363655361531904
290238138754940928
290237861977022468
290218599304552450
290137420517748736
290135976037195777
290113951180668928
290096794162053120
290095357717798912
290095119007350784
290011569356668929
289811045218918401
289763550711390209
289733435424129025
289733115717500932
289641691001008128
289641383659175937
289506887068700673
289498059048620032
289409688666251264
289367594304151552
289343481195941888
289343004592967680
289342514052358144
289341423730450432
289340033599696898
289141448488660992
289135647703310336
289128757921468416
289083848736776192
288969536827453440
288950358405967872
288780972080648192
288762407327764480
288751601559142400
288728762068111362
288724479771807744
288722734085730304
288722633812492289
288720884758351872
288720592096612352
288720285111312385
288681068410859520
288680567585796096
288680455899856898
288679701646561280
288678262589251585
288618315348340736
288611323644878848
288584480527089664
288541768876691456
288432624601550848
288423113782345729
288399925920808960
288397544063647747
288396275047616512
288395671789240320
288392149567942656
288344540342009857
288204592917921792
288048889746034688
287930859519111169
287930399412350976
287927413063688194
287925880649551873
287925250413449218
287924214462287873
287899934336884736
287459793147412480
287457569222557697
287456911366950912
287295664768053249
287285425746374656
287266337494036481
287084769693552641
286937290301902848
286933071188619265
286932801759109121
286930535719256064
286929611726671872
286916161201922048
286893057637511168
286885101613248513
286884960978235394
286875751557517315
286580322177527808
286578121472372736
286533447990779905
286500790242263040
284948554382974976
284912635068174336
283513497621512194
283363631519895552
283362427687538690
283361987512123392
283337416155230209
283333704821133312
283324244002238466
283272833642164224
283255712157683712
283245757262348289
283239289100312577
283234450622541825
283177427713261568
282949221156528128
282769936215048192
282449675536183297
282449133963464705
282448727841583104
282447937433399296
282447715617632256
282389272357638144
282263089427144704
282262342031515648
282209239722782720
282202343913697280
282184147995332609
282179013609414656
282164224984219649
282098365112676352
282096484831330304
