398166101592666112
398147890985857024
398139770460971008
398136950198390784
398136676968837120
398110952148594688
398110868077940736
397896865397882881
397772969688432640
397760566678130689
397755376592232448
397749941860184064
397749159496658944
397748476328435712
397679810186473473
397567670150647809
397566052835414016
397402962982862848
397382373173518336
397381017037594625
397369966585851904
397037534351736832
397035103919951872
396765368162586624
396761607348301824
396682709180760066
396682242694471680
396680005008101376
396675322667483136
396476529762664448
396475890882064384
396474789357162496
396458694529273856
396458153690537984
396454527924461568
396453752846450688
396453213056290816
396349441676148736
396349087072944128
396348085418606592
396323669385154561
395999256189751296
395985648546766848
395964208170274816
395964104424177664
395952238905933824
395951254938976257
395948434487652352
395946990334255104
395765874654973953
395738026455728128
395685645881843712
395684925996683264
395673788450635776
395657215148687360
395604210345316352
395604157773910016
395594463080628224
395591179288313856
395583370685865984
395574255691124737
395573092028006400
395475167360458752
395238375185059840
395135582822617088
394988615518154752
394988101862719489
394915692962938880
394566249877110784
394565811232182273
394560736103788545
394560388001710080
394531962331099136
394531745439444993
394495576353828864
394495145716219904
394494574212956160
394491055976226816
394485225239355392
394477580101115904
394274587393146880
394274127890370560
394183140081541120
393834324187185152
393784179705401344
393782390377566209
393782319615459329
393782240942903296
393764537490763776
393728750875328512
393648159991160833
393599164686565376
393534310994952192
393532667628900352
393509266633789440
393508730723389440
393474448663130112
393450233826648064
393438653730803712
393405283336454144
393404535269761025
393401180317286400
393057802467303424
393055908806541312
393055667357224961
393021571746762752
392810719580004352
392809491663572992
392773657271209984
392773421614256128
392773081745620992
392768176179515392
392691253348814848
392679237293182976
392591171718885377
392583621313187841
392580599870808064
392576073050763264
392496481640669184
392367068403990528
392294247208345600
392293837017976832
392288070051311616
392272414140551168
392260120115412992
392259852955049984
392086843145334784
392086234333331456
392084457584611328
392074858256793600
392017375488258048
391981321469186049
391851529105182720
391738904300498944
391703264879992832
391703032750419968
391702898964701184
391702341361344512
391616462873702400
391616290999525376
391611173667635201
391604830575546368
391489135535329282
391475290511142913
391315026511802368
391291361971810304
391263659789647873
391231053064835072
391119185977176064
391111640378118144
391075087337545728
390621641354788864
390535483513524225
390522752865533953
390510490389975040
390509673155010561
390275121812090880
390232530466910208
390232327030587392
390223385088643072
390223065914675201
390161410178953216
390145846542487552
390123387399729152
390123180267802625
390122337682485249
390116982030626816
389962909138563072
389880241977438208
389873483263401984
389857930889396225
389839674937982977
389828660846678016
389798003818500096
389745929256833024
389745759249108992
389662098583584768
389526494449790976
389526346504093697
389526306536574976
389521008970846208
389463419470241792
389462619461283840
389459844077740032
389427725502775296
389132765687742464
388697654869647360
388620212108402688
388582460948099072
388577425275113475
388574911897165824
388308335369281538
388307262357245952
388305989339844608
388298574686990337
388298487625834496
388297910464421891
388235008143417344
388222418063343616
388212855469666304
388212603673010176
388212352262238209
388131086007431168
388102380786839552
388041049471717376
387929292891762690
387925909329940480
387919966642528257
387625540867223552
387585600750358528
387566231508615168
387502665707438080
387488065175842817
387487565101547522
387205258336043008
387195640536899584
387195501185351680
386921322607292416
386921011306041344
386920655473881088
386768092531286016
386483749342285824
386483346593050625
386468662200508416
386459396966203392
386456969986723840
386401497912598528
386267112781905920
386265881808211968
386204785634193409
386181283472486400
386179276552568832
386179022020816896
386174336522260480
386174181978943489
386174088215285760
386085500085633025
386058514466373632
386057812901888000
386057563655401472
386040616519749632
386040235853103104
386039965836402688
386037531793702912
385826620251975680
385811077889798144
385810873794985985
385776300503609344
385775950455406592
385760675441950720
385759917904506880
385759789198098432
385758833777586176
385758502997983232
385758262370795520
385733900544520192
385733247617228800
385537880590143488
385534763622490112
385524313241427968
385514590152687616
385511107198451713
385510567915843584
385505099118043136
385503261559910401
385502851625398272
385502535580413952
385501967780708352
385501400320733184
385500992793362432
385500762274414592
385500436968374272
385500074207215616
385499863233748992
385499388904091648
385498817426391040
385498399644323840
385498050795671553
385497598532272128
385497045416820736
385496087618154496
385495393309843456
385491682281938944
385490183598383104
385486589214085120
385482202425077760
385481187319218176
385479591726710784
385476919955050497
385456000142417920
385455565843230720
385455492560326656
385452129496088576
385451878181797889
385451750330998784
385451623491047424
385451427663204352
385424894617747456
385424104343748609
385423943139860480
385423825485455360
385382967046320128
385382672966885377
385382547888545793
385382445996322816
385349457082343424
385349093566210048
385348888850620416
385343568552153088
385343499518099457
385174475312222208
385172940473790464
385172877982834688
385171915062931456
385168486559133696
385168160489766914
385108360351457280
385108106088562688
385059907651006464
385059776100859904
385059613332492288
384987358674046977
384981030165155840
384950827527335936
384942617093746688
384762097579876352
384753282184646657
384706508451487744
384702438043033600
384607178868277248
384431800380293120
384407236992176128
384331735577542656
384323526268047360
384285760226353152
384249207269654528
384249037769433088
384248691823230976
384066118014734336
384063502140596224
384031600520216576
384019532442263552
383993048608550912
383988489173622784
383984871741620224
383948127168102400
383927235671236608
383894286749925376
383641753653223424
383631457522319360
383591980032593920
383591487877156864
383591175372152832
383590809435521024
383570015217520640
383564392912388096
383546589090185216
383546450032222209
383546249255067648
383546094975983616
383299139624501249
383288059045093376
383287894452211712
383266543989448704
383266218280751104
383208455395225600
383199437352599552
383196350411984896
383179928864559104
383179771938881536
382894823206027264
382882421714468864
382833638968422400
382803193430040576
382487227240308736
382479730236092417
382425256666746881
382422299661856768
382422167981670400
382422018765107200
382418734386020352
382191294724210688
382159542538469376
382078589606588416
382078430365642752
381833163829686272
381831614030184448
381827280110362624
381820777747582976
381813158140452864
381813052511125504
381807048859463681
381733987024384000
381724065536692224
381723998247481345
381723113769418752
381561201698021376
381549100082409473
381548896906149888
381492507487768576
381491835828699136
381481100251774976
381480206131027968
381479723781865473
381437505481895936
381394336740810752
381394038077014016
381323882348953600
381321045925703680
381101118912479232
381100689537396736
381094368276664320
381082833122766849
381082532986773504
381081562949091328
381073740383395840
381053816516644864
381046257953026048
381040647182233600
381033020243058689
381032945483808768
381019613523611648
381018736805023744
381018233207533568
380988263059955712
380821898860720128
380754042617868288
380700040567980032
380692168022949888
380688268993765376
380679995959820289
380678754961731584
380678682760970240
380667850765373441
380656917389266945
380637124900700160
380636875473821696
380616643896180736
380464648719728640
380425691248209921
380399942147518464
380398995052707840
380371165841465344
380346581251551232
380291901309480960
380287809971814400
380287310438617088
380282073174769664
380281972066910208
380118493850767360
380103956451823616
380025160793067520
380008777103446016
380002628597346304
380002428286160896
379968193135382528
379944341219049472
379944136260198400
379944017678860288
379943767404343296
379896564925231104
379750968180899840
379739587264118785
379738160668094464
379736702388305920
379725305331871744
379699279126069248
379675009540968449
379674590613897216
379660671333703680
379596469768323072
379596020210208768
379512361100795905
379334204762632192
379332779433279488
379331424849231872
379330994928910336
379329744049045504
379329608782716928
379329119160655872
379285552371363840
379282532774461440
379281276634943490
379261729316016128
379260880464400384
379201874991542273
379200503298940928
379200355026104320
379194045027082240
378907301090177024
378859277580271616
378858146766528512
378820901753868288
378820747592224768
378814577045438464
378809637644279808
378594067325935616
378589413543903233
378586758809923584
378535048280276992
378524590345310208
378505102283538432
378478213585842176
378474251981840384
378473416023482368
378473262100934656
378470515666452480
378463370988756994
378462065817829376
378283454334795776
378201691205959680
378102636102561792
378098304158302208
378096944700465152
377893072916725761
377827752399077376
377827418578624512
377792395804676096
377749754111090688
377749501920178177
377734519190990848
377733864468537344
377733731299377152
377731187688882176
377499450505453568
377490087183142912
377432679609675776
377401319776337920
377357427395416065
377355358362038272
377354466627842048
377353183355338752
377038020933062656
377027086432894977
377016016255328257
377008613912752128
377004964100337664
377004588622430208
376468577341435904
376466576264142848
376337318765793280
376337051613818881
376301487020064768
376268755934146560
376112126529908736
376109857637933056
376040721566154752
376008795920793600
375986980171292672
375982285847146498
375981573088096256
375980644393689088
375977524477853696
375972872256507904
375971059004362752
375961900435378176
375960969702559744
375943775044272128
375943046778867712
375926773298782208
375925217866297344
375925080884523008
375922292641251328
375921926499495936
375920241710489600
375681130617663488
375681030348619776
375680645961641984
375680283728969728
375680173800448000
375678536834887680
375665300093829120
375665210994225152
375626821179813888
375625546497290241
375601161166143488
375564770352840704
375560316379488256
375558876906946560
375556832376279040
375555965313384448
375555828683927552
375294207138996224
375293969019969536
375263332481376256
375262755106091008
375262569818521600
375213925329305600
375024331455471618
375015292038291456
375014862059233281
375012663933538304
375011737797685248
375009818224123904
374969691221295104
374967625346211840
374952150662905856
374947315095568384
374938034187558912
374937760861536256
374936965348876288
374935288805871616
374834318881062912
374622955827130368
374483089113640960
374479078365364225
374476427447783424
374473669239922688
374473286081847296
374472573901635584
374454638709604354
374440655294332928
374190906800623616
374122235080241152
373878515029905408
373870391032561664
373868829015035904
373867100185448448
373865365270700032
373865082671079424
373749094034198528
373507285542506496
373503893025857536
373458267290492928
373399466566774784
373392806305619968
373392236123533312
373119217220202496
373118774838579200
373065093409693696
373056218585399296
373036087733919744
373010321104850944
372778938465935360
372668173285593089
372667642500235264
372662217310994432
372662020979851264
372472767876460544
372472525793812480
372466319670534144
372465754433912832
372324962943528960
372311044820975616
372310201317486592
372309718309797888
372309555616944128
372297874111234048
372284832258072577
372262815530504192
372262412856356864
372248278823206912
371996250184622080
371936019442335744
371935426942365696
371706160824725504
371704063165231104
371703686495731712
371702998457913344
371688034565357568
371617605226070016
371545253649842176
371539620091408384
371538852730925056
371318740652400640
371318036374245376
371317181520576513
371312891825115136
371311294911356929
371295016721076224
371284860511744000
371187714760392704
371187321133338624
371040486523674624
371039900684279808
371039385552449536
371038933804929024
371038563594665984
370998623355805696
370998100498079744
370997725258850304
370997283497975808
370997099548401664
370996759168057345
370996463138263040
370995802791243776
370995487975170050
370994014310633472
370993351216340992
370992976656613378
370992624070848512
370973225788116992
370841042297585664
370840558354571264
370838050974486528
370829397345202176
370828962412650496
370828855101390848
370816598946627584
370815794332323840
370815326117961729
370815140524204032
370815043421892608
370814618182361088
370813969269026816
370813705036255232
370813542683119616
370813354673446912
370812926497914880
370812791143534592
370812712106074112
370812484179210240
370812204935028736
370812094402551808
370811607108313088
370811273967337472
370810702111715328
370810425178607617
370810022143733760
370809781638135809
370723188281716739
370722697116151808
370722585996455936
370716526510608384
370715928323194880
370715238884466688
370714942544285697
370714571369353216
370714358240018432
370714161086742529
370713392237264896
370712849200738304
370712579246948352
370712369393319937
370711955029635072
370711360080199680
370710681202728960
370710386594836480
370710190838276096
370709655359877120
370709375503319040
370709111597719552
370708871540903937
370708649444126720
370706811957305344
370705965035048960
370622142465196032
370621722636337152
370621188722393088
370618165153529856
370616240706174976
370615766531727360
370609327272624129
370604220057399296
370603634163466240
370602983337512960
370602768094208000
370602490993328130
370602126357323776
370584040975650816
370576979604799488
370576679431045120
370576315159937024
370575932354207744
370538453408444416
370537994622894081
370535896254545920
370535535158501377
370535342027587584
370528069003784192
370527855157186560
370527574700879872
370527174488772608
370526986164506624
370526572962652160
370526218808201216
370526009072037888
370525140519759872
370524911540129792
370524620971311104
370517157614190592
370488884108738560
370488683562278912
370471928240164864
370471493865455616
370471347517796352
370313835808571392
370313447797719040
370313249394556928
370309548881743872
370309400315314176
370309259986477056
370308877226885120
370308505984843776
370301895354896384
370300588015484928
370248510417149953
370248277658447872
370246686754762752
370153210033340416
370148307517321216
369915278794440705
369874617298845696
369874428836208640
369874232060444672
369874085792481280
369873177679523841
369872555962015744
369871864354439169
369769314079244288
369752727540486144
369515664936951808
369514863606775808
369511643270504450
369449017010180097
369437333906415617
369399976159215617
369399774778105856
369399488726581248
369394718251053056
369393682954190849
369393521553190913
369383757465522176
369383474412527616
369383056164917248
369382943958896640
369382639146250240
369375053474840576
369373543957422081
369190191728041987
369085118737948673
368883865567252480
368862056205647872
368855062560256000
368802020334895104
368801000305356801
368754779029131265
368754033177010177
368739222833737728
368738674944380928
368735532227891200
368725765182865408
368725232929882113
368526733193916416
368416208347217920
368415861784068096
368394741844836352
368393424598491136
368340799224029184
368340578876260352
368340049538338816
368335606151397376
368289539644981248
368284576143388672
368284294642696192
368093121533730816
368087837851545600
368087543537217536
368085695837241344
368085172539121664
368084664369819648
368083926860197888
368000175446695936
367998366182936577
367957026787586048
367945215929503744
367942140959395840
367941773571915776
367941579560202240
367938457043496960
367938093233762304
367926260057792512
367925761157906432
367750407080386560
367710188830081024
367701635822534656
367699963238957056
367698187030904832
367697956906213376
367697102249664512
367696763299594240
367695830033371137
367695625762402304
367695405414621184
367695217467879424
367694965893529600
367694399914127360
367678496992411648
367617802360094720
367580001925070848
367571977265233920
367570257851871232
367568292883738624
367567820978409472
367432039513198593
367430635381878784
367347009520300032
367338615548166144
367334543369318400
367325476542361601
367252948625416192
367252754211016704
367252524816150528
367252275506728960
367251837638160384
367251038879096833
367250466239176704
367250203335999488
367240084636332032
367236491413815296
367200948663230465
367197924922781696
367191390821679105
367076810842193920
367030389388619777
367029586900815872
367006581247852548
366999640916234240
366993174184468483
366971815043661824
366949112471486466
366938260003495939
366901229764362240
366848055607181312
366840946064756736
366828091852595201
366657044851326976
366656520269737984
366655838372372480
366655161193611264
366650216532819968
366649739900497920
366645862450999297
366645157245894656
366644561579229185
366644018618179585
366621113545007104
366620306514784256
366614157967114242
366614012819030017
366605945012359169
366604965084536836
366604620153368576
366604232918446081
366602450658000896
366602165998985217
366601798724759553
366597506978689024
366596495983648771
366569444874522624
366513591723106304
366513494612385795
366361883386724354
366361568302206976
366359105578876928
366356206920531971
366355101524320256
366354546815021057
366352371862880256
366265542962708480
366172913973469184
366171376467451905
366170594095529985
366170259201331201
366159483476516865
366157943898505217
366157223405166592
366156998061981697
366156400872800256
366156168588038146
366155316448079872
366147756852658177
365961406081802240
365941913779585025
365941652650606593
365928205095403521
365926306849886208
365920110503923713
365918870160146432
365918529050001409
365918198320726016
365910363943870464
365909898145439746
365908914564374528
365891871379165184
365855779321937921
365830218885246977
365829407287418881
365824756798324736
365810848368836610
365790557022334976
365790115374694400
365780642270687233
365780496271155200
365780354591752192
365779092366295040
365778806478352385
365778438730162177
365773694091530241
365756999905968131
365743795033223168
365737304922402816
365536368081911808
365536196773937152
365526263777067009
365526014161465344
365525744383819777
365525381924655104
365524181514858496
365523167772557312
365499440838090752
365494876911050752
365476462066794496
365475458831233024
365472329599434752
365470164659089413
365468578520113152
365452756460376065
365437802583818241
365432580776005633
365426516609351681
365422236259205121
365420896590106624
365420615370416128
365420437859086337
365417843220684801
365414436065902593
365407405598711808
365406664502947840
365406148892966912
365404757327740930
365404421062008832
365403104503533568
365401459434602497
365396698006171649
365174519821910017
365158912447627265
365158609958608897
365154274986450944
365140948994371584
365125882936954883
365116042613227522
365115932089135104
365112253588049923
365093867877449729
365093223124840448
365092828499546112
365089396883591169
365088439592435712
365077502693097472
365076507158253569
365054075001257985
365053558632087552
365053439450939394
365053251630014465
365052853821243392
365052642197639170
365052542612275200
365051525728452609
365050918502277120
365050060335104000
365049564060860417
365048359284776961
365040993784963073
364895733624741888
364883338105864193
364859865916641281
364859730314797056
364788130689187843
364783975950065664
364781083264421890
364702285386895360
364698106002018306
364476907792105472
364476682776088576
364473245103562752
364431962515443712
364431469822750720
364429334360371200
364429166781136896
364429004004392960
364422942542675968
364420206078083072
364372839798816768
364369729500504064
364367472688115712
364367026229215232
364365152444878848
364362076795719680
364332338647666688
364330627518464000
364092565810712576
364086842955927552
364086367115939842
364086193866031104
364084866050424832
364053250259292160
363995031390416896
363442097090609152
363378572435529728
363317431760326657
363310367709360128
363309783840862209
362980423166468096
362980103224967168
362980042944417792
362979808382164994
362948544191139842
362937971764654080
362900925834203136
362896796046991360
362874212312027137
362576176058871809
362530330495827968
362520451852926976
362518181308416000
362516669215686658
362516490303442945
362513110298406912
362494638650699776
362476547715760129
362475306126282752
362289310977900545
362275421137547265
362273124345061377
362272938453504000
362262948493803520
362261734054039552
362174341561073665
362168953713340416
362152059711139840
362151761198329856
361941562256670720
361830179087187968
361829653813530625
361817069005709312
361808705823580161
361807306859610114
361806848665464832
361806459207548928
361804768408121345
361804296938995715
361796001629085696
361795352422137856
361794158987444224
361612059848343555
361585152356384769
361523638102528001
361523371579678720
361230219824205824
361151695675326466
360823002662838275
360815627612602368
360815243229806596
360814911883976706
360814135879012354
360813564988100608
360812835468615680
360812596871438336
360773038616227844
360773012892553218
360772902133563393
360772807774314496
360726359909212161
360726182460796929
360462333283282945
360351011476484096
360350942350147584
360350746681683968
360349009354825728
360314939358982144
360100149252456449
360099532811407360
360086001697308672
360047721446514688
360047224446656512
360047008930725891
360045797296963584
360045642501992448
360045428982550529
360044782984232962
360043338604359684
360043274779627523
360042831756271617
360040820298104832
360040097422381057
360036965002907649
360036338793328641
359993665545977856
359984409941782530
359979212167327744
359976808357175296
359969467779915776
359969208509005824
359410774629814275
359410707768832000
359409760535199745
359408939445657601
359408212358856706
359404289833172993
359403405145411585
359398937834176514
359397123441180673
359396629280858113
359367348622331905
359363926644887553
359354577071505408
359352321861369856
359330183171407875
359328843925950464
359319951774973952
359310475362066432
359310377508540416
359266403938861056
359265120469262336
358955529390919682
358693627909775360
358647544328761344
358621827276754944
358584612710137857
358527943833681921
358282267170316289
358278689974255616
358278572404113408
358278019854503936
358233243155300353
358232861037428737
358232646683721729
357943545182699520
357917977343041538
357863539286867968
357819259373625344
357817457588699136
357804451186229249
357803750661959680
357788439384571906
357788106499432449
357786925521829888
357786732197986305
357785912476184576
357785784738254849
357552143793782784
357551370078928897
357548356400189440
357548005995454465
357545175691689984
357544901153529856
357544399032422400
357544080672178177
357522530019442690
357521403139985409
357518276730945536
357514856678703105
357514783299350528
357514200265924609
357513758471499777
357511143742373889
357509491341799425
357508987794636800
357506917213536256
357504907663773696
357504597650186240
357504225984524288
357472554534977536
357452224529580033
357444788733218816
357444087814692866
357440772326424576
357440417383464962
357439929862725632
357425960146042880
357417549090144256
357407053054099456
357406824208670720
357406344837480448
357405436086984705
357402468134567936
357396750320930817
357396373232041984
357205157894819840
357184475454652418
357184197787525120
357183523133718528
357182933427175424
357181667829497857
357181559448678401
357145373778784256
357144830016626689
357143782636007425
357138977460994048
357135893221482496
357135074942128128
357134640055713792
357085919972573184
357080748878073856
357076253439836161
357040035100495872
356884688159244290
356874096467910656
356728307284324353
356706663362863104
356703552443400193
356543157258825729
356405729835495427
356081313247272960
356081148994138113
355682354141995009
355675186227445760
355388533512474626
355341428303462402
355341153480093697
355340995946229761
355281351177535488
355279903903592448
354903468789600256
354903335859535872
354903212601516034
354567768215003137
354565648606699520
354564718532362241
354310429612326913
354168629966815234
354168521766342656
353952429114535938
353912786834829313
353901463925301248
353514096865460228
353191779295698944
353095407510892544
353090082846150656
352978076826742785
352860717772316672
352859942883049473
352853290201018368
352797477642051584
352796772193669120
352731518206099457
352731116299489280
352730902087995392
352730270069297153
352728776054026241
352556855433773058
352556251198144512
352556200140881922
352476148489400320
352470380205703169
352469957033996289
352426914088103939
352424303432052736
352143558670696448
352108646894796801
352064291291144193
351809999858700288
351786289797939201
351782647770513408
351755419330424833
351750079914315776
351732102808600577
351725523031961600
351725064934273024
351714755309862912
351674468722147329
351673858304114690
351671360520593409
351657983429709825
351652654495182848
351645338215522305
351456473756348420
351397621237166082
351333026770321408
351332030967070720
351319643308310528
351319532931006465
351279691556061184
351279190668099584
351259778590322689
351259236371664896
351039418276126720
351029617299189760
350297968995340288
350297316122562561
350294129210699776
350225800655671298
349991768055480320
349978928754065409
349978369242312704
349977725991264256
349977469127888898
349976778409914368
349508940939280386
349304966269239299
349271124728745985
349188164373577728
349181750603313152
349181135634432000
349103329164550144
349062925580906497
348883289924308992
348872212968787968
348853247836049408
348849937930391552
348849274135662592
348847987235115008
348836268349730816
348827384063074306
348822747448737794
348822398138712064
348813853309693953
348555183212597248
348489928168071168
348455443737214977
348454908711821312
348454104068128768
348453585652162560
348453148752490496
348453010273341440
348452700771475456
348413734663880706
348410840589930496
348394860421734400
348379921262989312
348138407718965248
348127056661467136
348038789425422336
348037813276647424
348037697014755329
347762359831523329
347735810747035648
347707595047460866
347424521302712320
347422283326963712
347422089768206336
347278502145437697
346943544424026112
346943458914746369
346647411004960769
346336230306353152
346254310239248384
346214198080045056
346213940444938241
346196755911684096
345983839396569089
345971894991863809
345936728340709378
345928792004517889
345926650422247425
345918696839057408
345918132898103296
345904100044570624
345902972682792961
345900763958108160
345898825577295872
345885894466756609
345885358745063424
345884049245609984
345881966249402368
345863367564619776
345863139323154432
345862404229447681
345757945843314688
345754473358032897
345749807454896128
345704131375267840
345686616314109952
345684837853712385
345681604930322432
345679445228654592
345679235752525825
345653685281513472
345647120524656640
345643509598011392
345642509952765953
345636080499953664
345628721576820736
345628420232863744
345627562904535040
345588312024682496
345587871652118529
345571125222318080
345517931934928897
345505721028317185
345505515062849536
345191229522337793
345139611883950081
345134005735280640
345111334926569472
345111211010043904
345111018466324480
344951361806413824
344950660078391296
344948963356573697
344948896079958016
344945714205433856
344945252710371329
344937689352642560
344934002102243328
344931486950100992
344778682080047107
344578522804785152
344577568671936512
344577330288660481
344499623597047808
344417289879310338
344408399376695296
344408224906231808
344407829437886465
344404562540654592
344232608219140097
344195721840435202
344074105814921217
344073207730540546
344072147800567809
344052957479858177
344049319768367104
344048810827337728
344000571935703040
343840761445507072
343827442584154112
343825850438930432
343819780211478528
343798492105420801
343796799972200449
343796272228073472
343789503439319041
343789038257442817
343788790785130496
343765716861845504
343765678307831812
343762837434408960
343740307592060928
343727379530784770
343722845345566720
343722797790527488
343705537965350912
343682638269263873
343456138735542274
343446092622471169
343445945532424192
343327721767718913
343121840010588160
343117944991150080
343117322577403904
343116173090648064
343102405061246978
343043078849957888
343041925101797377
342997002847666176
342959072422789120
342941616660676608
342938087208402944
342937243163435009
342936442063974400
342936216464932865
342769643888451585
342764147215327232
342681750922743808
342655727036416001
342646990968078336
342642180126539780
342639214149644289
342581204027052032
342569662661394432
342394604856950784
342392026073022465
342381216152043520
342381171012956160
342376147100774400
342374929053917185
342293496151019520
342291914705477635
342279635901485056
342215180115116033
342214489879478272
342213876668059649
342036357566312448
341920025172647940
341892404527374336
341890094417993728
341853916780171265
341853850963169281
341853699083227136
341852071789748224
341678883877314560
341678414194941952
341677793144340480
341546388183736320
341546292507455488
341546064236666881
341545828223176706
341545594373943297
341319448747200513
341305616624664577
341304852548288513
341268683890503680
341268339777224708
341187049723924480
341183961344655361
341169413938089986
341157704234053635
341126563477192704
341125333845700608
341124957847310336
341124747796561920
341124240709386241
341120749685317633
341119384670048256
341118769436954624
341118430826594304
341103930983452672
340926948391923712
340925944397193217
340814356860243968
340792923471900672
340792565529980928
340143349937868801
340143058626699264
340119875882217472
340078264800382978
340078240569901056
340076757749202944
339815581073174529
339765167275532288
339765118114082817
339754068035653632
339723725773631489
339718191255285761
339690740231839745
339690544307503104
339682261597306880
339501182575845376
339498304008228865
339497771704930304
339497581635837954
339497410487263232
339497298121875456
339497062372614145
339496872966242304
339496613473050624
339491422879236096
339490901317545985
339490690209816577
339439508498022400
339439401853673472
339439252599341056
339435076540588032
339432603834789888
339430931544829952
339429352401940480
339429235687038976
339427860240535552
339427676890742785
339427497575870464
339427163415658496
339427015256072192
339424688008753152
339396791172743168
339395809219055616
339362348437487618
339362223023611905
339360553686401026
339352263682297856
339351841693396992
339347113462882304
338781555772243969
338765628649381888
338710555500089344
338710488970059776
338710409945174016
338708683838091264
338707649191354368
338694911450808320
338677683825299456
338676746108952577
338319228769820674
338318764951085056
338095110862557184
338074332909682688
338074221869666305
338073970022694912
338073006725275648
338071988226621440
338071731136770048
338069359845056512
338068660117712896
338068107509768194
338067610832887808
338064480950964224
338063518765035521
338062785982369792
338055018601127937
338054618686840832
338052275471802368
337999108289753088
337983290009067521
337981566540210176
337919531043389441
337861885565227008
337606219424485377
337604973103812609
337604302237487105
337590745181605888
337570746236796929
337570471421808641
337564152275034112
337563718751748096
337563510265491456
337555508150026241
337520284959653889
337519617285177345
337512634763051008
337512585580666880
337512464428199936
337512004266905601
337506024447676416
337505862895681537
337503837839564802
337496759813156864
337496542208462851
337496188356026368
337482047444635648
337350605758672898
337350595696529409
337350018740654080
337306094735081475
337305772469936130
337284607139512321
337250868472729600
337250240916774912
337238147693936641
337229551413366786
337228962197540864
337228941309906944
337220054594760704
337206371764293633
337206164095922176
337205509780283392
337204933772324864
337162406910361600
337147865153536003
337147592003706880
337147307025899520
337146351919972352
337145835538235393
336982539510099968
336974220103921664
336967296193003521
336967088159727617
336966925118742529
336966690657169410
336965780447047681
336965607146795009
336964798875066368
336948580508106752
336906332479307776
336905811332841472
336900968618807296
336900611318620162
336899509621772288
336857106328199168
336821385513021440
336820602096713728
336601394301775872
336600603562233856
336600107799674880
336599768405008385
336599434509037569
336598837160456192
336598773163773952
336598100779073536
336597715012161537
336594200848121857
336593941036158976
336591484839145472
336590999075831810
336590939692859392
336533540390989824
336532766051155968
336532623717449732
336532241830252544
336502818145959936
336502645047033856
336500377476292608
336481040501719040
336473963423215616
336473836826533889
336473525521092608
336464935343230976
336444452652597248
336420705228951552
336416317341065216
336208765370134528
336207409930452993
336180409509502976
336162952367468546
336141941244841986
336141772298276864
336116154491887618
336114219445526530
336082171951464448
336082031240953856
335706431355498496
335705707666092033
335705479630180352
335704982160547840
335704823905263617
335501607506694144
335495502529429504
335469746654965761
335464070226509825
335446850796675072
335425603480195073
335425439126405121
335400546095755265
335397450477076480
335368107428311040
335341928952516608
335340429845344256
335340103318777856
335339807570010113
335339372243210240
335339151555690496
335339069431218176
335152920595140608
335107596870615041
335105840841388033
335104119910064128
335049220316864513
335048961230512130
334966470817746944
334966106148184065
334966029006540800
334814124750016512
334812604717490176
334723702224719872
334723309436547072
334722003057647616
334701031965483008
334682583826845697
334666322376028160
334665412430135298
334664612953866243
334639520018493441
334456666085007361
334450957553381376
334450479193018369
334448552803696640
334445165815136258
334440771577053185
334440618770169857
334434763786051584
334418642747924480
334417918156750848
334417905955516417
334360753438085120
334292844477034497
334291123965132803
334279294194966528
334277719204450304
334277645233713154
334277451146469377
334275791124848640
334257681000964096
334256987703500801
334256581518696448
334256371627343872
334256256506286080
334250260811612160
334249702847574016
334249522664464384
334242851456159744
334062354075619329
334062304234729472
334062139029454849
334058412461666305
334058216944201728
334054482495303680
334054275414126593
334053758034128896
334000410836754433
333999723822346240
333993578772692994
333993313009029122
333947864973721600
333938493149564928
333936475659968513
333936372824027137
333931364334329858
333930334699790337
333919356058730496
333915749062164480
333909722145120257
333909280455528448
333909063211573249
333884685002358784
333884592060768258
333860619499483136
333856211193720832
333854438026514432
333339365604474881
332970057044996096
332944956845088768
332943777872375809
332943481448300544
332942938214633472
332878283505020928
332875927216324608
332864481224949760
332863469227474944
332850358516846592
332812209161912320
332799167493722112
332799041991753729
332515587911737345
332515071819382784
332514937664581633
332514838867738626
332490648538185731
332490518774816772
332489724549820416
332489199058026498
332489121245306881
332480083031887875
332471444116226049
332442592262385665
332442438385946624
332435811389829120
332410004793610240
332278257225433088
332277889234001921
332277606441422848
332258633154953216
332252426788814849
332238192226992128
332213565505298432
332213390267269120
332209990494470146
332200539477663744
332191060518395904
332170353310826496
332169816976797696
332156976828137474
332156448085798913
332156295010480128
332154799439110144
332154468479168512
332138868746907648
332120277997744128
332102820285280256
332101719372738561
332101351066701825
332065011394560000
332064863801180160
332064559315685376
332062656854896640
332062317070127104
332061717309820928
332057493939302400
332057238103531522
331958280006008833
331957334379212800
331956737244536833
331956090621288449
331955762018521088
331954083751686144
331953331931058177
331940081449439232
331933152643788800
331917048382881794
331916190278635520
331914748440498176
331914447771795456
331914258604507137
331913945852026881
331912701452357633
331912036260913153
331911707683340288
331911395752935424
331910939907616768
331910873805385728
331909905726451712
331909846859395072
331909514796335106
331909355282780162
331909226983202816
331909146578386944
331908430493282304
331908272191840256
331907710696189953
331907481662001152
331906765316816896
331903331763113984
331902992502632449
331902123891621889
331901386851766272
331901001172914176
331900169387905024
331900075062198272
331899966178082816
331899717418119169
331899189640445952
331898715377917952
331897330641027072
331896965518471169
331896745153937408
331895075112112128
331894795599482880
331894541068161024
331892204350095360
331887488551485442
331886019219705856
331828181508182017
331827492014940160
331827179753185282
331826722989293569
331826462149705728
331826223825166338
331775707313213442
331767542710415360
331699790490525696
331698996416499712
331697308016193536
331579356122071040
331531331110596611
331526192895246337
331525239320240130
331524946020950017
331524762130083840
331522835048718336
331522605666426880
331522469955530752
331522120263815168
331521951455649792
331521355214376961
331520572292997120
331520276892364801
331519930233147392
331519243101302785
331518035095584771
331517630450106369
331516762866737152
331516490845147136
331513585555611649
331454573157965825
331449919338606592
331399359986008066
331345967137845248
331340050212200448
331338313489334272
331115078218833920
331104076777545728
331102032498933760
331101320209645568
331100988951891970
331100705509240832
331098469429305345
331098230353977344
331097932914905090
331096357370744832
331095908760551424
331095589804711936
331081090351628288
331075266925457408
331066470572388353
331064112794722305
331054597080764416
331054306054787076
331053584730963969
331041068734881792
331035829470380032
331035644107321345
331035049896050688
331035046901346304
331032210603917315
331023868737249280
331015244161884161
330968516951957504
330729181644214272
330710449291145216
330692628968517633
330688630286864384
330688315181383682
330681381845872640
330680135609118722
330677627146887171
330676893894443009
330619986987085824
330618054293745664
330617824693321729
330617738726887424
330617445897363456
330350329549946882
330347672391266304
330291335955365890
330291160411152384
330290983654797313
330062247126769664
330018254460440578
330007873205702656
329990700689129472
329683802853081088
329683721693327360
329683567565217793
329682995629932544
329682139677356032
329667302842839041
329666463977857024
329355370130718720
329303448963121152
329289727213727744
329239236609986561
329239180926414848
329237724991201280
329206847288528897
329204368169648128
329202293515907072
329159243846533120
329157697914155008
329157070400147456
328998597490266113
328991389796950017
328971226389299200
328854128174448640
328839796845842433
328819063239364610
328818929789190145
328581069689458688
328579638613925890
328522970702168065
328522579012894720
328270711045107712
328269466012090369
328262937372418049
328261778872086528
328261580078850048
328242403179913216
328221199660359680
328176937749082117
328152564803698689
328152368548048896
328116307021152256
328115752626429953
328108715028934656
327907975819821056
327904998920953856
327719119631810561
327718860679684096
327718770980294656
327549766244392960
327459532668272643
327384669593153536
327334430895132673
327229461655326720
327098022603390977
327097290479267841
326993521817051136
326991538850770945
326991003594665984
326990657430355968
326842140967718912
326841717947002880
326838962276663296
326838031032131584
326836967151120385
326836283295023104
326823014203277312
326819436843655169
326819379767541760
326819298968477696
326819056931987456
326817976793833472
326817691249831936
326817072053104641
326811436544311296
326807711952027648
326803808913084416
326801176173608960
326801042643755010
326800737185177601
326800577298300931
326800094361964544
326765166941331456
326753540498395137
326753382868062208
326751518374109187
326751200039022592
326676637376716800
326676510830362626
326676342202580992
326675455891628032
326675037828554752
326674361601904640
326668420999438336
326668183777976320
326646885358125056
326632648216834049
326632150478778368
326631889421074432
326614530253799424
326613695327264768
326433553531408385
326341215329071105
326334351379939328
326334260283838465
326327355238912001
326320439674679297
326320148808101888
326269342813675521
326269246235615232
326022660331016192
325922803679367168
325880626928562176
325870976145428480
325870912773689344
325864824661749760
325864318988062720
325863753876918272
325862811202887681
325681619627307008
325667716491005952
325667419798507520
325646546014187521
325646242526928896
325640386959773698
325638956286894082
325637074474651649
325636848238071808
325636774732894208
325634749030875138
325633429448294400
325633050622955521
325632036482195458
325628090887856129
325611224245100545
325610798007349249
325594268137828353
325590498666496000
325589486337675264
325589355051753472
325586248070729728
325586156840448000
325582033973821440
325580522887725056
325579681871044609
325577631389061121
325577502707814400
325577311061692418
325566044515229696
325561954682929152
325561774034276352
325561482194591744
325552324217040896
325534388236451840
325529744588296192
325529289917341696
325522167796211712
325521967769849857
325521205933248513
325517619421650944
325516968193056768
325515239825240064
325514711800098817
325512589067026433
325511408395628544
325494960650604545
325493923290157057
325493569378975747
325492770020139009
325293501849952256
325288494303944704
325277560772644864
325277457445961728
325277082223517696
325276444601229313
325275171906797568
325272890637426690
325270397631201281
325269796713287680
325269516475039744
325268278731747328
325264497839321088
325263600388292608
325263362785148929
325262946550812673
325262736906932224
325260992734961665
325260892772134915
325260401854009344
325259988652146688
325259874491584513
325258747813457921
325255140133191680
325251722442338306
325251203174907904
325250823355527169
325247760276258816
325241339623116800
325237887065022464
325227876096032769
325227426282090496
325227190427983873
325224449542594560
325216915075248129
325216425100840960
325177435219955712
325157133941350400
325154474882641920
325153797431255040
325153742250983425
325139402395353088
324934789884944384
324933374160543745
324905949166985216
324895287485267968
324883702188490753
324881351281086464
324877441833238528
324876555190956032
324873966361640960
324872846587359233
324872704106827777
324872436367634432
324872229248716800
324870810215006208
324828078247378945
324823915161583616
324823174233591809
324823076426637312
324812665362993152
324810339977932800
324632005381865472
324580933984473088
324575644614787072
324573306189647872
324556203478880256
324555845570555904
324551862789472256
324503087161159681
324458295014354944
324452530912370688
324452477179162624
324452300187893760
324443713289994240
324443604154200064
324443261492146176
324439267340337152
324439041447710720
324438264473845760
324435158734344192
324421800744337408
324421468798742530
324256685180993537
324252410560266240
324250241576628225
324244787609886720
324239760682000384
324200324258746368
324196972112269314
324196467382304768
324196244190797824
324195791826726912
324195572632416256
324195485080506369
324194346557665280
324194133860302849
324194055963688961
324107541598568448
324106484642365443
324106273907957760
324095608019357697
324094964550225920
324058539641425920
323881934101024768
323872952246480896
323865027369123840
323863188028391424
323863081975439361
323862872616747008
323838832808177664
323836579342868481
323836268595265536
323788124968849408
323787897545306113
323784070435860480
323780222908522496
323779966191951872
323774870603317249
323774451407794176
323774150130929664
323774068887265280
323773808341295104
323773454841171968
323773147813933056
323731012901294081
323730573287882752
323712383912644608
323712159945195520
323544404281413633
323536923740209152
323536458654834688
323534507921793024
323533867136995328
323460188508155904
323400694319181824
323399096008323072
323187674238304256
323124755744030720
323121690269859840
323116772901408768
323116364220993536
323115824716066817
323113292807671808
323104937368223744
323103696860876800
323050619625693184
323050295674433536
323030071982055424
323024303778062336
323023901577850880
323023721285681152
323023180769931265
323010074396200960
322824862882222080
322824711526572032
322823133180592130
322779614957142016
322778807406829569
322745562153750528
322744821561303041
322744487023607811
322712355664429056
322703232789000192
322702601567207424
322685667752685568
322684668216496128
322655460278824961
322655212554833921
322465824742965248
322409045531172864
322096960968458240
322031462922739712
322003477511421952
321958457467088897
321958342106968064
321958226495164416
321950391732412416
321928336077115395
321927512265486336
321927071729328129
321924564659609600
321664296029388800
321661501947641856
321623309022277632
321623250444632064
321605839800635392
321585896103223296
321584658389291009
321581533603438592
321576982540333056
321575876120678400
321322270045925376
321263636507131904
321263563966656512
321260625097527296
321260513906536448
321259934870274048
321253190781779968
321252485069152257
321249896365711361
321248269730721792
321247505239134208
321224783889055744
321224394800250882
321169926356336640
321167733737799681
321167106110525440
321166009719480320
321165668122771456
321165478657675264
321165053778857984
321165040994631680
321164979585822720
321164859628740608
321143924217507840
321137177801158657
321137024012791808
320957558162595840
320856951477137408
320583697915080704
320561164520148993
320246792660844545
320246301373628417
320226229569609728
320225957426380801
320203433359581187
320202999874072576
320202634629902336
320202096169349122
320201780447285248
320198090327990272
320194466642264065
320188123252400128
320187817026277376
320186646739963904
320150207625056256
320138933759520769
320096943063838721
319943537401683968
319914672432246784
319911813007433730
319883379908681728
319883029512347648
319882748229730305
319854631620591616
319854495498657793
319854346630201345
319854097002020865
319791686681235456
319791390135549952
319791248292581376
319746297521393664
319737739195076608
319737288429035520
319707420215635969
319543779726090242
319529789922877441
319529440034041856
319529191349559298
319528994523455488
319489930260774913
319489297352900608
319489283343929344
319486984777236480
319486886118817792
319486544438243328
319423548282241024
319411087005061121
319397647297441792
319389436448223232
319347131297193985
319346787104219136
319345080039268352
319318044268720128
319173574961291264
319173330592743424
319095292001677314
319065669461225472
319065477957689346
319065054848876544
319012237266264064
319012231960485888
318998180928815104
318997340507762688
318997120663289858
318997000421003264
318996876353490944
318996795579576320
318994464964214784
318986934385012736
318653012732178432
318635248785174528
318633851326963713
318633694631960576
318633262970990592
318103287901597697
318097933646036992
318077961699995648
318072157777309696
317967209467084800
317805468166795264
317805306086322176
317804493536391168
317803783918845952
317801576720904192
317801458449907713
317801126953099265
317800988335558656
317799864559861760
317799568173584384
317799278028419072
317796836930887680
317793396523675648
317792966271967232
317760680356880384
317732769721618432
317731841970958338
317730639304613889
317730272248475649
317726498364719104
317458515205693440
317414588494786561
317412785019568129
317412083471892480
317371656320462848
317360513375956992
317358531034632193
317238346055286785
317180034974629888
317139664005902337
317139169858158592
317139083837181952
317138864659652609
317138311934251008
317138072796024832
317123577805676544
317123425854447617
317106074341756928
317086953797459968
317086714978004996
317086600037273600
317084050022084608
317082542161399808
317082304214364165
317081973858390017
317081737186381824
317081440418426882
317081203306004481
317080895989370882
317080117669146624
317074718962352128
317074408185425921
317074029112602625
317070259519631360
317070008100466689
317053364070412288
317052873299095553
317025492119212032
317025276821377024
317019785617608704
317019659654270976
317011185880948736
316974448781692929
316973570142109696
316973303069831168
316971752142016513
316971415666569216
316971119271886848
316970464243236864
316969950109638656
316966679760474112
316966211902656512
316965295254298625
316964362634018817
316963580098531328
316963244268978176
316958538721288195
316956237654798338
316840849914884096
316834763996549120
316813680316669953
316801520802885632
316800844144185344
316799026727104513
316798623033749505
316794379438264320
316794080262766592
316793811848282112
316791860351860738
316731926151041024
316731854088708096
316731539918577664
316731277770366976
316730362686492672
316730299742568449
316720674620198912
316720325297594368
316718108008120321
316712525209153536
316712048975282176
316711677137678336
316711453489000448
316711276128641024
316711170566406145
316710592813604865
316710357567672321
316709717512708099
316709279644131328
316709015709155328
316708775325216769
316699293643849728
316698926336049152
316698510101733376
316698014603419648
316697659878555648
316695662563565568
316695447609671680
316695072223686656
316685166561067008
316684867851153408
316684061554929665
316683284841111553
316682583201157120
316617224276279297
316616631956680704
316469109179170817
316468588183683072
316467529172283392
316465549368516608
316464164702912515
316464040954183680
316402146406981632
316319298106818561
316315852410609665
316315277103095808
316254512673345536
316253867060895746
316253750622822400
316253231678386176
316247825224704000
316247759890030592
316246043874426880
316245910239735808
316245450321715200
316245091859722240
316245009798139906
316244750661451776
316244298209325057
316244095544745985
316243650952712194
316243522778980353
316242143981223936
316241176904732672
316068951798996992
316035116361216001
315970447655190528
315970309029261312
315970160475389953
315969885547147264
315969338924482560
315968624395444225
315967396978495488
315960776361926656
315959681677942784
315958423676145664
315957533250568194
315957228731527168
315957078395064320
315955532940840961
315955401743024128
315954856185716737
315954762170384384
315954369789038592
315943391479349248
315884599731425281
315884250668863488
315884169865609216
315858099762233344
315851126496952320
315850562484727810
315630679704608768
315630113062543360
315629895189417985
315629631199911936
315609122936598528
315608870678564866
315601453278453760
315600467751231488
315539590905737217
315407060932120577
315401310788784128
315400577297297409
315399917130629120
315393772047458304
315393181627863040
315392961657581568
315392460119498752
315392172000169984
315388283599351809
315388086282498048
315361577131966465
315361187502125056
315312804800376832
315312231795535873
315312005470896128
315284815895212032
315284636177686528
315259796796358656
315259327294365696
315259223581806592
315258694407446528
315256981453684737
315249533682585601
315247304678445056
315247101602848768
315246559912669184
315229074073202688
315196803853201409
315196498126188544
315180285966827520
315180185605525504
315174578475372544
315166938848432128
315166343559266304
315151767753068544
315015064165949441
315012925519712256
315010384941686784
315010009471803392
315008296195084288
315007084984950784
315006508268126208
315006080302325761
315005809358671872
315005672855048192
315004217460944896
315000049023188992
314999719858425857
314997508701048832
314997034207817728
314996916830216192
314996611359051777
314995653384224768
314995392053932033
314796128266760193
314791911858774016
314780139282120704
314780064531218434
314779676662968320
314759140071309312
314728935894183936
314727705746751488
314727641406128130
314727477979262976
314727265130926081
314727101884420096
314726954244911104
314726778142879744
314726615269650432
314726530783772672
314610639479898112
314607640279932928
314603462769909760
314521645027057664
314448207100923904
314447662214705153
314440694167130113
314091237810515968
314061459527184384
314049582621421568
314027137835360257
314026082233880577
314016476724097024
314016094186774528
314015908664324097
313868842512302080
313679471758675969
313673499036246017
313673347600891904
313673161361215490
313668592736546817
313661985562714114
313660140857479168
313496464326275073
313471253409308674
313470946776330241
313470662075367424
313470264849596416
313469083117047808
313468938992377856
313409097867350018
313233080678756354
313228777469661184
313228347582857216
313228258932056065
313228007538032640
313200880801443840
313199510891409409
313046007476793344
313045502885253121
313037768383164417
313037416896266240
313036510813380608
313034569752379392
313032202403336192
312921442394181632
312920580217270273
312918950277177344
312898109250363392
312897859731222528
312895553069543424
312892296989405184
312883244783779840
312851438541889536
312850458752454657
312658335767867392
312640615479406592
312633806366584832
312620477711515648
312620339278536704
312620298245636096
312619680600817665
312619563483283456
312544788027158534
312542336943001602
312541976572604416
312541077787799552
312540782160666624
312524600913321984
312524466305511424
312523570922283009
312520291479859200
312520209007247360
312519863686017024
312518843752910850
312511508200439808
312509240721948673
312509137592397824
312508897934061568
312499633924493312
312498911115890688
312498034070126593
312497621954605056
312496317748371456
312330593503420418
312330268537131008
312329857897996288
312193181326397440
312193013571002368
312188408497840128
312187020686548993
312178406554996737
312172163182518272
312162933725597696
312151464506163201
312146341600063488
312145627012292608
312134712925761536
312132912218767361
312132571314147328
312128244478509057
312127896653271041
312127690482282497
312127381194301440
312126998069796864
312094154773643264
312089739136225280
312085736113459200
312079025856188417
312078156687355905
312071200065089536
311932715006050304
311928738268975104
311926800865452032
311883955945238528
311881556555862016
311848432677552128
311848108172648448
311844491537555456
311844057070587905
311837130253033472
311819792736735232
311814025765851137
311811919910686721
311811254568235008
311810928654028802
311810920819089408
311756760794951680
311754241855336448
311753624395071489
311753500885413889
311711323257991168
311697312193851392
311576354871197696
311571194434449409
311570933947183105
311482462809243649
311480724580597760
311413420899569664
311404016124960768
311403842937958401
311388703476047873
311232191583641601
311224305692319744
311129580620640258
311128371159523328
311127816173404160
311116087787917312
310876554983002112
310025600456855553
310021106050400256
310014703692816385
310014168940027905
309992773010997248
309982093625143297
309981080864317441
309980885648814080
309980790920445953
309980522736668672
309755503528005634
309755298736918529
309742226399956992
309741970539024385
309706395199090688
309706213069840384
309705977417043968
309680316841349121
309679935738490881
309674716044599296
309674513715576832
309669004442755072
309668847391232000
309657594820169729
309642447321972738
309608021904994306
309461409954136064
309446932298878978
309446099821817856
309445776445161473
309445574741094400
309439314289373184
309438852014145537
309438527723147264
309438203557990400
309437533580828674
309437310582284288
309436584544067584
309436469133602816
309436104820539393
309435853657223168
309435008714694658
309434870776610818
309434757161308160
309434159405867008
309434009849581569
309433465844146176
309368823826497537
309367994084114432
309339185586786304
309280382564577281
309260411864231936
309111555209953281
309111458095042562
309111288863268864
309108993652051968
308947235452903424
308942262279229440
308915040331907073
308890288276008961
308889771093131264
308889603497144320
308827745138380800
308547643200655360
308527693891264512
308525069938860032
308519795740012544
308519338456006656
308519211687346176
308518959081222144
308518110074372096
308517498247069697
308516355865456641
308513037361487872
308505798160572416
308502414762336256
308501215115882496
308498705412136960
308325058483466240
308324768912920577
308324022926573569
308323529236045826
308301398418812929
308301171297230848
308263141509316608
308262739481075712
308258678551769088
308251894902562818
308251548910235649
308251247696285697
308227848496365568
308227456643497984
308227237348528128
308220661099290626
308178912041656320
308122264019279872
308110693016690688
308101197770936320
308097342442205184
308096871115677696
308096701879693312
308092392983121921
308091662939340800
308091326321283072
308088811198492672
308086206611197953
308085789147942912
308085709246459904
308085334724472832
308084895874428928
308082735593971713
308077713963499520
308077357623808002
308073280118599680
308073077701496832
308072893756084224
308072356654501888
308059908052504577
308053259405365248
308047200318021632
308046915923218432
307944005201707008
307918474380992512
307913476532224000
307904554085781504
307896256934588416
307895353653465089
307892841928065026
307884940006141952
307880547189923841
307873410581667840
307867299472355328
307866339710754817
307866123163009025
307822715291701248
307816525614690304
307799105760022528
307798388588544000
307730834297847810
307728208873275392
307726687775367170
307722634379010048
307722458486693888
307721138937675776
307511305869332480
307510260950769664
307499476640215040
307498994614018049
307495617951830017
307495435709337601
307494930702553088
307491318089777154
307490235867090945
307489990663880705
307489455864942592
307488607281754113
307484874745458688
307484698207199233
307481132436439040
307480656018014208
307480153557192704
307479867195265024
307479673019961344
307478998466842624
307473582341103616
307473416171188225
307458134522359810
307457846965067778
307457637090459648
307457422740557825
307456795071365120
307428582848872448
307427808345473024
307427453868048384
307426876836679680
307424794440257538
307424550692470785
307424363198701568
307406501100806145
307406129951014912
307406070748434433
307402443396878336
307402236953231360
307373090512461825
307370949139898368
307370059511238657
307369958550163457
307367550596050944
307366758312976384
307366070635880448
307365962972291072
307360920655523840
307360690937675776
307353620729454592
307353236816404480
307350742614818817
307345282381795329
307193655494602752
307160454067785728
307134038349606914
307112886529036288
307111272464408577
307061185486938113
307060950056443904
307060674692001793
306775784662638595
306775487508787201
306775246701199360
306775130686767107
306775115176214528
306775027905331201
306774815082156032
306774258791636992
306772932863078400
306772276341260288
306690074353995776
306686326747582464
306686049495695360
306683101961138176
306637629338841088
306637349272559616
306457061590433792
306406966853505025
306383588075663360
306335203851374592
306291723640913920
306291466773360640
306121424295317504
306115366801793024
306072695240552448
305745586706067458
305734748364484608
305730333083586560
