398190267293249537
398179364044808193
398170724327624704
398170270835671040
398168228360249344
398162649650708481
398160859551113216
398159597485043712
398158296894275584
398158222629949440
398158097367068673
398154737897312256
398154061096050689
398153873937821696
398151902988222464
398151288598196224
398150473410048000
398145966471012352
398145174972272640
398145064590798848
398142246425346049
398140454455488512
398133819863072768
398131623860125696
398131195546173440
398130932789833729
398130891429797889
398130784831565824
398126618293833728
398124781826224128
398124000100253696
398123961936265216
398123804352061440
398118379220770817
398116460532211712
398115994658299905
398113048193290241
398112978798526464
398111737632657408
398107683280392192
398107370708303872
398105721168220160
398103056522297344
398102962364379136
398098060405768193
398095227518324736
398094740777758720
398093114922913792
398090775575023616
398088524282355713
398088016545058816
398087923112755200
398087669260890114
398084340501860352
398080851004497920
398078854633250816
398077659101806592
398076341825699842
398074696307965952
398073618691010560
398070771701919744
398066845774647298
398066701368950784
398066145820815360
398064546515931136
398061646054051840
398060324231708672
398059921838600192
398059511300112386
397949918242828288
397949881739796481
397949742128193537
397947561949933568
397947469700415488
397947113775955968
397945322896654336
397907667328708608
397898957822902273
397898876616986624
397897149792669696
397896846162812928
397896695385948161
397894388069957633
397893690590777344
397892763439468545
397892634921807873
397892548179398656
397892383914086401
397892094196322304
397891935169286145
397891421241229313
397891100305678336
397890826375663616
397889837920825344
397889596660273152
397889459619758081
397888780373225472
397888570293104640
397888258585030656
397888123767496704
397878890339000320
397878686340628481
397878370371121152
397878206172504064
397877218275512320
397876884215980033
397874556771127296
397873472228966400
397870911178539008
397864820113817601
397864574848090112
397858809214820352
397858425280811009
397858018047438848
397857307918229505
397856459506999296
397854854577549313
397854713200128000
397852283079495680
397850631857119232
397850245344002048
397842809211727872
397842177679568896
397841852197392384
397841163870154752
397840718305034240
397840159359528960
397839406788128768
397834879213129729
397834788385464320
397830022112612352
397829927967281152
397829845645680640
397829740662247424
397829637192941568
397828782024695809
397828231589412864
397827549914333184
397820196410245120
397819470841786368
397817853673349120
397817680922554368
397815689094135808
397813878488584192
397803931944095744
397794800461959168
397794088663392256
397793435052421120
397793020017668096
397792546963095552
397790107010203648
397774637507305472
397774336880553984
397773951700856832
397769452546056193
397766395758264320
397765340891197441
397765218081570817
397760301493669888
397756734888218624
397756669561962496
397756579644465152
397756385699835904
397753227539914752
397752957867163649
397752050265882624
397751171500490752
397750900057702400
397748381059395584
397748169788116992
397747831978856449
397747709853331456
397747454055297024
397747316234661888
397747218792579073
397745257959661568
397745005512904705
397744546001747968
397744091821535233
397743982933196800
397743538764804096
397743231309725696
397738559978745856
397736596230791168
397735481502208000
397733560947191808
397733017679970304
397732933403803650
397731563640586240
397730237347151873
397730083575566338
397729406350684161
397724236308938752
397722932358553600
397722456351191041
397718836595527680
397718631045267458
397717357138694144
397713669192040448
397712940427538432
397712792641216512
397712219816726529
397710936091271169
397710671741071362
397710444841811969
397708537297530880
397708219830636544
397707656422387712
397703469450412032
397702809497649152
397702577368100864
397702291245248512
397700146018140160
397677984800595968
397676218549800960
397666253722361856
397665559061741568
397519787791638528
397516593137070080
397515631412531200
397413963493036032
397390568839737344
397380418129133568
397380184623816705
397374064932560896
397373863404634112
397373649969090560
397372818343477248
397372011271307264
397370841312137218
397366980803444737
397365712617865216
397362919085580288
397359445115957248
397358701473845248
397357320557953026
397356311588790272
397354424873410560
397352784426565632
397352462668943360
397351545395630080
397349082953289729
397349012203782145
397348208428347392
397346240100577280
397343573453967360
397343037983956992
397342089798615040
397303411181617152
397297993067823104
397297203842400256
397215643613007872
397214293755965440
397153500418699264
397153285385101313
397152766264500224
397152093058129920
397145297081888768
397124731310047232
397123495659704320
397122253504393218
397114259068289024
397003066010259456
397002881980985344
396995076549005312
396994048818700288
396993634903785472
396993464430501888
396991963754688512
396991725459488768
396991215377612800
396990971709489152
396990709376753664
396987501233336320
396987318768504832
396986597461467136
396950408943636481
396822623533170689
396821496469139456
396769697548734465
396769429310431234
396769359395573760
396712083888553985
396691669958926336
396691032911265792
396690920331948034
396690653566230528
396675309925580800
396674561078755328
396666907807346689
396666382546255874
396664343565062144
396657322291769344
396657036076675074
396653638862376960
396653271923716096
396652559948980224
396652065478672384
396651450341679104
396651316459491329
396649870695477248
396648976167866368
396648555529519104
396647573772959744
396645523232272384
396645008108830720
396644793477910529
396641978869227521
396641435400679424
396638364654256128
396636206743556096
396635383858868225
396632068555165696
396630327101095936
396630092471750656
396629003982737408
396626577112313857
396626018846248961
396625036234063872
396624787658665984
396624033233399810
396622653131206656
396622237844774913
396618526636523520
396613786263908353
396613584635314176
396611870351962112
396602198228217856
396601708308357120
396600754032898048
396599748318490624
396598811579392000
396467457692413952
396467179333615616
396466816500776960
396451351430852608
396450995640606721
396448355158487040
396447858770980864
396447517883133952
396447446647070720
396447196997881856
396443528575733760
396441971041910784
396441301186396160
396411255113924608
396395240472711168
396383499776954368
396323260184662016
396323130123513856
396321946071474176
396319756669964288
396313654372495360
396313584705097728
396313559610564608
396311689064230913
396311636673175552
396311578422693888
396311530859278336
396309296167649280
396306064108318720
396304664473255936
396299254269890560
396289268881969152
396285678553546753
396284741059497984
396283450266636288
396280544364744704
396280437552590848
396275759821496321
396274850949365760
396274629998018560
396273360830619648
396269093306638337
396268259940380672
396265914200379392
396262700474703872
396260509064110080
396249912880676864
396247027572822016
396233797487702016
396231676340084736
396227110794055680
396225937538166784
396225119715999744
396224270461702144
396223848871239680
396223479160123394
396215292181118977
396214500955004928
396092846090256384
396092534461853696
396087034701684737
396084792019546112
396078916927885312
396074099765571584
396073713621151744
396072249142153216
396072124080984064
396062608874557440
395969461716414465
395965732468436993
395965300274786304
395962946796273664
395961706699952128
395956449274122240
395950994741137410
395950063614042112
395949133053181952
395948332658335744
395948058157912064
395947974586417152
395947000341856257
395946884511981569
395946449046749184
395942001767493632
395941675475804160
395941217344573440
395940859826290689
395920515216711680
395920236207427584
395919990760943616
395905308817510401
395904532242497536
395902935789748224
395902290961633280
395901907132510208
395901568371134464
395900919671713792
395900910494580736
395900825924796416
395900771637948416
395900185383276544
395897475112124416
395897290600493056
395896702923997184
395896533021106177
395893844610678784
395891547008671744
395891273309376512
395890224473317376
395889705931534337
395889551706959872
395888779040272384
395888199605563392
395884739942682624
395879579195547649
395878301945708547
395867913242292224
395867336013803520
395866980676534272
395864990730948608
395861785309233153
395861350712225794
395860232452046848
395856555977232384
395856492148322304
395854174623383553
395848115099402240
395847209180094465
395846031830568960
395845565151330304
395845431587909632
395845171059113984
395594122733817856
395592628953047041
395592070284730368
395590229337182208
395587370243727360
395587096770928640
395561871387803648
395554498703548416
395541896971313152
395537302539472896
395536593551101952
395536350310830080
395526649350852608
395524128842579968
395523282750820352
395522719040950272
395522303854784512
395521980268421120
395521083001950209
395520757863706626
395425624304922624
395338619181076481
395338476788662273
395324196038795264
395313582352908288
395302117864656896
395301970019627008
395301408289062912
395293326507003904
395293134110064641
395292636946636801
395292195668123648
395272475291836416
395264242099949568
395262030783213568
395259620026900480
395259193118056448
395257510430388224
395257209791078400
395257037866561536
395250931585261568
395250543226281984
395223252932374529
395222168734138369
395221224663425024
395220511346540544
395214538863173632
395213168940552193
395210398338527232
395195325591617536
395193280469938176
395190157856768000
395190099140702208
395189964067323904
395188202593849344
395187114683686912
395186394739773441
395183099320889345
395182129174163456
395182010613760001
395178253398192128
395178055578046465
395177799327027201
395176914270183424
395176435079315456
395167789750972416
395167698323509248
395163148702871552
395160781135691776
395158128645263360
395156366026739712
395155986702274560
395154174695849985
395153812131807232
395153098089320448
395151549246087168
395150737585364992
395146952897077248
395145652038270976
395143718191505408
395130545749106688
395125347521683456
395121654550241280
395120731052580865
395119863079141376
395117913684054016
395114100071870464
395107220175982592
395106524475162624
395098449693388800
395031680148574209
395027099934683139
395015039746596864
395003722776182784
394991363881566209
394980643718713344
394979331706855424
394979149787312128
394978234267230208
394977022914486272
394976764302094337
394924650482122752
394914084602527744
394862045629521920
394830758248189952
394830243795832832
394830035074310144
394829612208771073
394829306460782592
394827548682514433
394792211306409985
394790704926318592
394787586025091072
394784671935893504
394773095665639425
394772836373782528
394772398698168320
394584983077019648
394582013078147072
394581482515472385
394581344182738944
394581287144804352
394558603673083905
394558326391844865
394551761555300352
394540901826981888
394540710344417280
394531469026418688
394531244685664256
394531137655439361
394530964728475648
394516914602795008
394516732947484672
394516087150477313
394515862860091392
394515807876956160
394515619892449280
394515580939927552
394514124006510592
394513553191088129
394513340518924288
394513007214338048
394512894333026304
394511977294594048
394511788349603840
394511207232970752
394502747749224448
394501654390652928
394500293250932737
394499962953666560
394495966470225920
394495225206677504
394495006138200064
394494888269873152
394479546541813760
394475279852523520
394474541919264768
394474490010537984
394447780292198402
394447687119929345
394447515379965952
394439349510488064
394438355532144640
394437167188951040
394437022959407104
394433256856518656
394267477703548928
394257817361592320
394167586461466624
394165273353547777
394141111049912320
394136488247832576
394126628240236544
394124952057937920
394124442793947137
394117878167121921
394116976135917568
394112381074173953
394108820353347584
394104339373240320
394103654581428225
394103345842900993
394103260262305794
394092136846864385
394090476875173888
394089569538146304
394083868065538048
394083801069940737
394083748884393985
394083192631599104
394080040389840896
394079971850727424
394079926569037825
394079676328452096
394079401115021312
394071218896527360
394071018136150016
394068806077005824
394068776955949056
394068741790916608
394068705027837952
394068660169748480
394068602477092864
394068555769348097
394068518708445184
394068467470843904
394068427843043328
394068373128380416
394067242704728064
394066423544557568
394065719220252672
394064970239184897
393928482326990848
393928442699186176
393928416266682368
393928296695472128
393928221839740928
393928145146880001
393928096799137792
393927982969921536
393927914191740928
393927885020737536
393927830074953728
393927751268192257
393927129894621184
393927009723637760
393926920871481344
393926757838880768
393926669494280193
393926150642077696
393926095839301632
393925709434859521
393919653623238656
393919615887085568
393918557186437120
393912367920066560
393820368567558144
393820313043341312
393820235431952385
393820200313040896
393820168625061890
393820112480116736
393819812847423488
393808498758545409
393808294437203968
393808269594341376
393808238137049088
393808214581846016
393808075653918720
393807996041834496
393807532961320960
393807478141775872
393801918398889984
393767129901985792
393766853975478272
393766678506786816
393766413850394624
393766361174118400
393766335924424705
393766250570338305
393766016284901376
393762307060563969
393762165548941312
393762121521319936
393762047865159680
393761979728666624
393761935155793921
393761847276761088
393761772995620864
393761716146044928
393761630729031680
393761591575212032
393761524139188224
393761489993351168
393761360477429760
393761300800876545
393761180256587776
393761100011151360
393760976107241472
393760807018057729
393760708305104896
393757848158879744
393724700599545857
393718061083422720
393716838947102721
393716167560687616
393716060371025920
393715114345791488
393715081567293441
393714981726072832
393714805162643456
393714125941272576
393713978238857216
393713867702169600
393713810512809984
393713753243791360
393713712777166848
393713682120974336
393713649279590400
393713386296705024
393713139935887360
393707564158177280
393707396616695808
393707324181061632
393707290689564672
393707131368927233
393707096342265856
393706952737705984
393706892188712960
393706809321848832
393705752021696512
393704929740996608
393703934755631104
393703842027954176
393703718690254848
393703676734623744
393702883981799424
393702549720928256
393702193309962240
393701336438829056
393700967142940672
393695355545456640
393694159971696640
393692566237245441
393692493013065728
393691845936807936
393691804174147584
393691760326897664
393691522530828288
393691413218877440
393691354456674305
393691263591268352
393691122406789120
393691081982111744
393690817367662592
393687770629414912
393687710541840384
393687649116237825
393687598772006912
393687431079555072
393686432340267008
393685873931583488
393685770449719296
393685699096248320
393685648848474112
393685612706160641
393685543785340928
393685436725739520
393685391251103744
393685349093761024
393685307130150912
393685261177323520
393685195142205440
393685168495796225
393685064116371456
393684979886338049
393684924492177408
393684886478802945
393684815771607040
393684778467471360
393684682195611649
393684599152578560
393684449957015552
393684213859627008
393683597741527040
393680046445326336
393679930686701568
393679864148279296
393679837216665600
393679804392038400
393679765372428289
393679590952271872
393679554935812096
393679510883016704
393679449163845632
393679379135725568
393679349096144896
393679302908465152
393679275582578688
393679162457993217
393679067930963968
393679032656887808
393678918307557376
393678837336526848
393678786589634560
393678736614506496
393678669522415616
393678525091553280
393678504279416832
393678479835017216
393678414290624512
393678389141598208
393678361283002368
393678305821728768
393678189085884416
393678152800960512
393678103916322816
393678056000614400
393677931698216960
393676018520948736
393675984039575552
393675663527649280
393675639657885696
393675607646937088
393665953311252480
393657192953688064
393499893232594944
393481906169577472
393470113615056896
393469815244869632
393469128041701376
393466298262237185
393465374819098625
393465223115337728
393464988863434753
393462660328857600
393462521166045184
393461282965581824
393456009039331328
393455464836771840
393430137452371968
393368711916449792
393366326976446464
393365944372068352
393364120382504960
393363971274969088
393357817597657088
393357731278913536
393354878686593024
393354785942159361
393349487797604353
393347872294330368
393347007944740864
393342889473757184
393338533236051968
393337824780369920
393337429681139712
393332585998213120
393332385862778880
393332047919337472
393330974336880640
393329210132951040
393327467059896320
393326203915890689
393324008734994432
393323606509633536
393323295254519809
393320563605004289
393320352333709312
393319827026477056
393318981190574080
393318805784788992
393318509499125760
393181226460147712
393179135285006338
393178983572832256
393175796015063041
393174336732794880
393173433984376832
393165240805773313
393165144374530048
393162948903849984
393159186776739840
393128470035038208
393127815216107520
393092338433916928
393092208469245952
393080020182532096
393052609033928704
393052297254543361
393051410574888962
393051189949890560
393051067648180224
393050247917629440
393050040123404288
393049839212064768
393048924446928896
393048837578706945
393048764736221184
393048056314093568
393042015296163840
393041375286927360
393036475752669184
393031808972886016
393017174505566208
393015039890034688
393014378846756865
393013753929019392
393010475560366080
393007228560478208
393004050506981376
392999750141612032
392997350949416960
392996070600351744
392995752206557185
392995229529157632
392994541608779776
392991852707581953
392991545894268928
392990412266536962
392981970516312064
392981836944510976
392981708766576640
392981257849544704
392981147224784896
392980269612810240
392980134820454401
392979937797222400
392975189434064897
392975106105806848
392974869417451520
392974740354105344
392973854785548288
392973203485650944
392972548045955073
392972051134160896
392971682396139520
392971078852571136
392952580516904960
392929657248415744
392925882999775232
392922107706761216
392891018615345152
392890627945267201
392887299358199808
392885495619153920
392825609849565184
392822818980638720
392815460103622657
392809315595063297
392800387620548608
392800158817067009
392791564323282945
392788301389635585
392787582469169153
392787028019929088
392786976249634816
392786537076645888
392784552956923904
392783948188635137
392782801642078208
392780289509847040
392778962138435584
392771534416142336
392762809135951872
392761016259334144
392760580924137472
392757965742034944
392757734954647553
392755956750106624
392727643046834176
392671428191203328
392664596890144768
392664145683689472
392663477489135617
392660571897610240
392659944974983169
392598625148481536
392584530726756352
392584458597322752
392569744781766656
392495112170635264
392478983922540544
392465604684161024
392464367540645888
392464209545424896
392463441522225153
392462126368821249
392461123632390144
392461099754209281
392460885576278016
392460756714676224
392458949309370369
392444613241221120
392444468646789120
392441622807314432
392441284306038786
392441015891529728
392440441674555392
392435869929734144
392434280825380864
392434262433361920
392395070399184896
392390341535346688
392346686364069888
392346497028603904
392346346943807489
392346151153700865
392345988712497153
392345822022475777
392345022168702976
392344902618476544
392344536644452352
392343588903731200
392343414206787584
392342925608103936
392342870058729473
392341110426595329
392338657098858496
392338488664006656
392337865063280640
392337809622982656
392336142919409664
392335869169778688
392334836829929472
392334233408004096
392334166710173698
392333746113744897
392331921478258688
392331082844344320
392330854342864896
392314179702779904
392311250199527424
392311077364842497
392308381312368640
392308005561450496
392307229434863616
392304536364146688
392297316104691713
392297048738775043
392295523442376705
392292711585546240
392290019387670528
392289399955677184
392288899998834688
392287937385484288
392287840417374209
392286432942776321
392285335264034816
392279940093075460
392279893452419072
392279840277032960
392279477163548673
392278688785387520
392277948918550529
392277371849437184
392273700046635008
392273548922077184
392273110306537472
392272049432846336
392271709706792963
392267719594110977
392267305729548288
392266179114303490
392266021161402368
392264795308568578
392264664106541056
392262830352650240
392257956110012416
392255441905778690
392248055153831936
392247628073013248
392201090722054144
392191779274883072
392122037361070081
392121012633878528
392087103237918721
392029916813729794
392029518409396224
392027992378978304
392027861798100992
392020434981371905
392000632980537344
391972069862146048
391971983568547840
391971357237338112
391971210076385280
391971142925176832
391970301304524801
391970143275716608
391969812496150528
391969387189506048
391969177344282624
391967807266496512
391966848851267584
391952933475987457
391950106872012800
391950054933942272
391949990433927168
391947733575008256
391946829002076160
391944970489171969
391944847969374209
391944477524258817
391943047358844929
391942652435783680
391940584660672513
391940314803761152
391880945319804928
391879618170748928
391879325873881088
391879128284405760
391877869741539328
391877706763489280
391876925452730368
391876369283842048
391875765698310144
391875154592399360
391873531879120896
391870776875696128
391869108532555776
391868598605852672
391868517630627840
391867768913788928
391867661971623936
391866677774000128
391862751670575104
391861196791762944
391860652501114881
391858898661277696
391858784341348352
391858484297605120
391857507419054080
391857104858144768
391856409933262848
391855519474126848
391854118421430272
391853383071846400
391853181720072192
391852508223905792
391852183551229952
391851626807721984
391847819067543552
391736132347916288
391620810982453248
391620505859805184
391615706808061953
391615214090584064
391614368464388097
391601740782387200
391599821770858496
391599448922411008
391593153113120768
391569807289880577
391561300305641472
391551751197032448
391548027476791296
391539175905710080
391538247530070017
391534628898471936
391530751885189120
391529726348505088
391529117130047489
391526703714934786
391523448247156736
391523366563086336
391522609050832898
391522183140216833
391521746525769729
391521557530427393
391520005386301441
391519381043548160
391274059159195648
391268150857043968
391255043753533442
391246860683182081
391232271501758464
391232271233327104
391229344276033536
391229330892001280
391227521762861056
391226703806468096
391223538646269952
391219940373848064
391219401233813504
391188631953874945
391188470225727488
391179400374648832
391178957883985920
391176392194654208
391169845305159680
391166076891176960
391165247249477632
391165157478764544
391164509765001216
391163438170656769
391157853035429889
391157005031055361
391156893072494592
391156816958484481
391156631712837632
391156554428600320
391156494810763264
391148951434690560
391147946785640448
391147188342255616
391147017231421440
391142058775543808
391140988242395136
391140562520506368
391139858359795713
391139698850406400
391139248210186240
391133373785464832
391131787113807872
391126957616021504
391116558913003520
391112708109910016
391046614728462336
391041788653232128
391041232027131904
391040478482673664
391036600127193088
391026017847869441
391001487020920832
390999916668936192
390999425276862464
390991020579516417
390990500208984065
390989314554740736
390985165708603393
390984845230239744
390984142487175168
390983518982901760
390983440629125120
390980479945416704
390980363738025985
390980036443914240
390979889458716672
390979568254713857
390978573390979072
390978292389384192
390978082623873024
390977820681199616
390977539583119360
390977108819734528
390976856968548354
390967693819379712
390958790440275968
390958205536190464
390957957220794368
390954470894731264
390954435188621312
390946007074480128
390926625250242561
390913720110825472
390903513372688384
390900844985843712
390900790795468800
390900265676976129
390882918362800128
390881681915510784
390881546305277952
390881466156331008
390881387911610369
390881124551237632
390881048831463424
390880415130861569
390873978388348928
390872448729509889
390872209918402560
390863254270259201
390861840236171264
390861695595589632
390860119690731520
390858943683362816
390856058534498304
390855052677484545
390853609992110080
390852810259955712
390844662808084480
390841413417455616
390839663847415810
390838303714340864
390837609213071361
390837192710688768
390837078323654656
390836240477462528
390835675886395392
390835007435984897
390834256592637952
390833935522861056
390833853452931073
390833639212060672
390833166530777088
390831955173847040
390830947295174656
390828556885831680
390827817769762816
390827745854238720
390827399517990913
390825842281959425
390825411132653568
390825322007912448
390824294034321408
390822472917852160
390814030526304257
390813192542486528
390809414090756096
390808199936221184
390804632168984576
390804569682612224
390804030387400704
390799296838111232
390798141483917312
390793224513544192
390792454296719360
390790722406076416
390790146800750592
390789138821042176
390787746027274240
390773812029304832
390773573931245568
390772131568836608
390770270539350016
390605557172023297
390605415429734400
390602635990282240
390601789248376832
390594018817892352
390538290556051457
390498821848825857
390498494886457344
390491267315945472
390489257082494976
390483432209653760
390482966092058625
390480007388495872
390478158333349888
390477462892589056
390476746119577600
390475907279749121
390475764707373057
390475577922027520
390475445042298880
390471502002278400
390471179699380224
390470747682267136
390468967808376832
390464697830354944
390463990771359744
390463611711135744
390462775496933376
390462672136728576
390462511645851648
390461838908866560
390460762495275008
390460444810285056
390459108664418304
390457885953519616
390456825813798912
390455909723291648
390454593332604929
390453328842211328
390445448592637952
390445294108020736
390440744634580992
390438717808443392
390438299044954112
390437354093424641
390437123528351745
390436122679320576
390434753452998656
390429854312976384
390428416606232576
390423754989633536
390409597984714753
390387986950811648
390285514802069504
390282484123844608
390280060524974080
390215319153049600
390215149745111040
390197998820786176
390169460663144449
390160840952786944
390160780512874497
390158838198181888
390152841194917888
390151525273583616
390147647069499392
390147415971758080
390138188460601344
390136027286736896
390134455207096322
390133688169537536
390133071434874880
390132715065851904
390131377296785408
390129944648355840
390129338105884672
390127623520546816
390127527366119424
390127389176389632
390127153234186241
390127004139257856
390126657580707841
390126590799007744
390126387480117248
390124310246850560
390124236766863362
390123747316756480
390122706844151809
390121714815729664
390121553729310721
390120020589572098
390119444753547265
390119303590055936
390117890159955969
390117390958080000
390117344665542657
390116709224292352
390115939888295936
390115091422924800
390112980928438273
390112054838689792
390111215873056768
390110656973639681
390110301560901632
390109795040366592
390109726693793792
390109472221171712
390108031121256449
390107059355537408
390106955240308736
390106859916386304
390104444630609920
390103852726222848
390103219424096256
390102440969662464
390099420504522752
390098458964537344
390097529859092480
390095047544143872
390094569007628288
390093813080784896
390093744961105922
390090733396324352
390090653691957248
390090577213009920
390089463264591872
390085147120250880
390084708479946752
390084586186604544
390081811092500480
390078278783877120
390077364329119744
390074409844629504
390072300982132736
390024564438470656
389968143487369216
389941241791918080
389913068479598592
389909195736113152
389895916997853184
389895674076356608
389894513617276928
389893243871436800
389891539969003520
389876729835425793
389876505062699008
389875507443302400
389845496446988288
389845286236856320
389839784237359105
389834300662628352
389827569987497984
389817756654112768
389814632988569601
389813197806776320
389812452818702336
389811169172926464
389786549685985280
389786240989409281
389785282607718400
389782079291932672
389776949524324353
389776933166518273
389776120905625600
389761897282940928
389761766764576768
389761203587006464
389757723472322560
389752104853585920
389751792667353088
389750843131441152
389749888788881410
389738576084103168
389737552350941186
389735351205371904
389734210786705408
389733333791293440
389728898658742273
389728072393453568
389696443482902529
389696016121094144
389692743758643202
389692562195636224
389689581995823104
389598616223883264
389598475999932416
389589903350448128
389587750623535105
389581563895500800
389581221124395008
389578515412025344
389576816416944129
389576571268255746
389576052655153152
389574704530341888
389555347947417600
389553915684868097
389455329899323393
389431702709223424
389430608381743104
389422686692466688
389420298376056832
389418817627381761
389418681153118208
389418577952251904
389412000272769024
389404274859720704
389390104185163776
389385549393317888
389385348846854145
389385163244720128
389384736616886273
389381777950646272
389380182705848320
389379817738493953
389379210159996928
389378648874049537
389376201963208704
389375928075169792
389372386656534528
389366803450712065
389363222567874560
389362340065329153
389362011605172224
389360192862683136
389360026982170625
389359886556876800
389359416639623169
389358999184748545
389357990731460608
389357391806230528
389356332391739392
389356103525335040
389355976752500736
389355874906431488
389355478557265921
389355237661634560
389355164962131968
389350630071873536
389350527848308737
389350339742539776
389350229687824384
389350008429879296
389349948384239616
389349747523207168
389349488633991168
389349143350497280
389348806765998080
389348569527754752
389348443165954048
389348292833714178
389346497554161664
389346047345967104
389345755502104577
389345073164341248
389344867395981312
389344666526560256
389344159800098816
389343944753938432
389342516375715840
389341843965485056
389341675916492800
389341514360303616
389341342804877312
389336270314700800
389335972569436160
389335737805836288
389335063475027968
389334793768681473
389333997844979712
389333564426563584
389331214093778944
389330982501122048
389179890043736064
389152328588464128
389148899178733568
389148321383997440
389147851949092864
389143753405267969
389117479920078848
389076996866985984
389076525590781952
389072354791260160
389072103003000832
389070337067192320
389069837823385600
389063736025427968
389063574637019136
389059268285976577
389058418830368768
389058208716697601
389057803144286209
389057511069732864
389056671823040512
389056575995789313
389056257908174849
389055627525251073
389055056269422593
389054282101563392
389053982796021760
389053304988114945
389051884280881152
389051735513133056
389051498321027072
389051291214704640
389050952386232320
389050817199607808
389050603176882176
389050459047993344
389050186757971968
389049981077688320
389049778199207936
389049630006067200
389049154514583552
389048997542764545
389048885907173376
389048014121095168
389047451622965249
389047169082085376
389045453808889856
389044288190836736
389043941326065664
389039287158575104
389037420672323584
389025543985049600
389025094720561152
389024717770080256
389021355628572672
389020995199467520
389011017826848768
389010078478925825
389009395100958720
388991364941090816
388988798795005952
388988651881123840
388979548336840704
388954154938667008
388800860178087936
388795192679354368
388794920292864000
388716650062946304
388714632384610304
388644524782026752
388644001672605696
388643282605309952
388642636346982400
388641684097355776
388639784757112832
388639675285766144
388636333058838528
388630026897203200
388618435057291264
388607230331088896
388605501548019712
388605157967425536
388604944959668224
388604192874844160
388602451718602752
388601375346933760
388600847795773440
388600043038834688
388599598488780800
388597663668920320
388595982562504704
388594323878846464
388593395708723200
388592969957507072
388592788310593536
388575121126227968
388463140943695872
388452779884167168
388451791836155906
388448780363644928
388448653511102464
388447933789515776
388447773080580096
388447422298333185
388447197156503552
388446880016789504
388446630275334146
388446061108264960
388439267871322113
388438872826580992
388438269719216128
388437332464263168
388430315792117761
388430259609415683
388429961419563008
388411760249937920
388411733121191937
388411465205841920
388382699280687104
388348467946745856
388347613260828672
388347391210184704
388334407616299008
388319615413010432
388319101241655296
388318382753210368
388311928889544704
388311659439071232
388311519072514048
388310255932694528
388310135128350720
388309204131266561
388307542419316736
388307267646259200
388306306446000129
388301045949923328
388299722743484416
388298625953976320
388298309388861441
388297285752209411
388296892326871041
388296537077317632
388293029095682048
388292910375903233
388292455654649856
388292123130212352
388290942651752448
388290684676874240
388290433274904576
388290400123097088
388290376127479808
388288248100839424
388288134896558080
388286173979766784
388285982165835778
388285135646244864
388284786147880960
388282682263617536
388281630172798976
388279135698563072
388260103067295744
388259942454796288
388259802012733440
388249711574282240
388249520464986113
388235417767522304
388234924844531712
388234767553925120
388234058305503233
388233197189738496
388233046031204352
388232570216775681
388232083325202432
388231058409259008
388230006997934080
388211330974769152
388090856093544448
388087563220967424
388087438209744897
388062596756410370
387986128584056832
387985146810351616
387983718498832384
387982103394414592
387981985492123648
387981460528824320
387981312302137344
387980791197605888
387974084388487168
387973913583841280
387972516280823809
387971773142417409
387969889870569472
387968220461670401
387956597689180160
387930096830410752
387929465709281280
387928757547175936
387928150019039232
387924439767080960
387921139671891968
387919462155816961
387919321051049984
387918088428998656
387917753081806848
387911132146438144
387906667121086464
387898839228620800
387897733358440448
387897362154143744
387854876291911680
387850839475638272
387849715788046336
387844557800759296
387843798799495168
387842592572203008
387842447751254016
387840846894481408
387839141914112000
387835496090836992
387829456389541888
387828934731390976
387828286262628352
387716444278247424
387711690940243969
387698758512701440
387698696931905536
387691934594400257
387691435233124352
387688337198170113
387687014390177793
387683903151943681
387683732682850304
387683346685255680
387683028098506753
387682371459641345
387678559055413248
387678505561235456
387678308575739904
387674622122274816
387674135692062720
387644883328331776
387644828773019648
387644693041152000
387641771788103680
387639628884606976
387638782104969216
387637795780853761
387637240303992832
387636640325595136
387635859354562560
387635191394865153
387635040630616064
387634985764925440
387634181339381760
387633655319126016
387633152648544256
387623268464599040
387614937960284161
387612096436793344
387611923992162305
387611475998552064
387611353290002432
387611067590774785
387610251026890752
387610050685980672
387609708661456898
387609255269769216
387609213897162752
387608621871144960
387606682768908289
387606486534213632
387606039610155008
387605216767381504
387604890630885379
387604246578737152
387603811730092033
387603222648471553
387603076200165376
387602240933879808
387600907606556672
387598339778170880
387597227041898496
387595929055817729
387595803486715904
387595205588688896
387586311206346752
387585708820422656
387584648739450880
387584049729900544
387583010834350081
387580986021928960
387580912562888704
387579501628387329
387579393931239424
387577974750736384
387577695158427648
387575591517446144
387545999604195329
387542294171488256
387542086884810752
387538874131812352
387536928767479808
387532812351705090
387527136757944320
387524270353829888
387522649124925440
387520624597295104
387519772876746752
387517382383919104
387514658472468480
387512180444131329
387510122156523520
387509535348256768
387509376539320320
387506540892016640
387506168953716736
387505530677125120
387504848200941570
387503973218779136
387503248455634944
387501867292295168
387499912415285249
387496023376936960
387494783179948032
387494709527998464
387481012395323392
387480956392996864
387304029933821952
387298757362348033
387298594354909185
387294412025626624
387294285005357056
387294091748589568
387293861133176833
387289049217912832
387286626684370944
387286265458343936
387286234667954176
387284986027864064
387284021182734336
387283851426660352
387283517434245121
387283423989366784
387282761691987968
387282559501344768
387276394402967552
387257083030040576
387253037691318272
387251365023870976
387249222862790656
387247343755886593
387246620901146624
387242901228371968
387242273324281856
387242141056909312
387242064938668034
387241739536183296
387241601216425986
387241409280884736
387240611998224384
387240008425287680
387239516689293313
387238802483191809
387238549323395073
387238124289400832
387235565713645569
387235252969566208
387234862949621760
387232110596988928
387228499343183872
387228007267454976
387226612606828544
387226033876774912
387225584188678144
387224760134152192
387223690188177408
387223094886400000
387216244321296384
387215439069462528
387214942950420480
387214263015989248
387214154349957120
387213713226625024
387213561862574080
387213330563493888
387212088453914625
387212056216485888
387210806364237824
387208804448108544
387206574449897472
387201723707555840
387201287994896385
387200919755952130
387200189838016512
387184746599432193
387184548204642304
387183619824812032
387179484945723392
387177466730905600
387176330757820416
387174950605320192
387172172424568832
387171507585044480
387169346184675328
387167759286562816
387156514353729536
387156278361198592
387127805219463168
387123969197092864
387011401320906752
387002362860027904
387001376863051777
386996418101014530
386992316407238656
386986754244222977
386985699917832192
386984058883801088
386982497466478592
386981806907879424
386906095559933953
386905820707184641
386896427118784512
386896245543149568
386886888285822976
386861627980914688
386850268333481984
386845741060481024
386828996279029760
386826767656579072
386824336654733312
386823840741224448
386823571424940032
386823122827350016
386822754592628736
386822451881324544
386822387544883200
386807535602110464
386807448561930240
386806452737695744
386805702217695232
386802855396794368
386801997694763008
386800890759229440
386800202629132288
386799623760658433
386797525702680576
386797258642948096
386796536383803392
386790320551129088
386789844044615680
386788984728199168
386788435421171713
386788246845288448
386787416167550976
386785680283561985
386784724884000768
386783258240757761
386783071623585792
386782513814712321
386782308897812480
386781885436678144
386781363170332673
386781012463611904
386779490174529536
386778673069953024
386641665169305600
386576547597258752
386576497164972032
386567730872471552
386547580001591296
386527639051452416
386507835716411392
386486658079928320
386486506724294657
386477907113422849
386472312218087424
386459092682047488
386457687850242048
386457421503561728
386456849928974336
386455242596175872
386454979890151424
386454277851725824
386454039145480192
386453570784342016
386453139496660992
386440346630356992
386434775529324544
386429742771363840
386429483630460928
386427271701356544
386421190132531201
386409688100663296
386309392452558848
386288134037590016
386286945074028544
386286726462709761
386286623458992128
386286058691784704
386285913984090112
386285514900271104
386284347927437312
386276859945558016
386276328573399040
386151799256023040
386142704457248768
386135381290545152
386135260213563392
386133806413254656
386133354237947904
386132927689818112
386132879761502209
386130720907096064
386124236664107008
386123366950010880
386122513136513024
386120286846087168
386110318180851712
386108935935365120
386104844500877312
386096219920936960
386082715600039936
386068422099881985
386066680784224256
386056605890281472
386053688760209409
386053562838839296
386053470534791168
386053356936237056
385949494170648576
385933465650094080
385929167558426624
385928069976166400
385913088563621889
385912090101178368
385908718618951681
385906964519059456
385903618500476928
385900972293124097
385900305000321024
385887377937661952
385829540716892160
385821732809895936
385821447572058112
385818760528932864
385818523986972672
385817630008803328
385814739450101760
385813138710724608
385812754197929984
385812564460191744
385810528976633856
385810332574154752
385807782508642304
385806990099759104
385806925461327872
385806399696953344
385803025450688512
385802977962758144
385802239811395584
385801847392325632
385801292431364096
385799955425673216
385798554268078080
385797029542109184
385796723349524480
385792706032971776
385792311244120064
385792142662438912
385783000166047744
385782793856638976
385782564134584320
385781519261790208
385781102595436544
385780996022349824
385780284953591808
385778556795498496
385778256172945409
385773949046378496
385770889775939584
385770696124944384
385767827678183424
385760006601457664
385754502713716736
385753229197189120
385752747380719617
385752474524467200
385752249495863296
385751526532067329
385751079004041216
385750930764726272
385750856814981120
385750055224741888
385749137414553600
385748899622711296
385748447803883521
385744074319228929
385743503809990656
385742738840223745
385741027736158208
385739529132318721
385738235940331520
385737639602573312
385734785965895680
385733860492709888
385732681847169024
385731314994790400
385731038325927936
385728812958240768
385716502256947200
385715997573148672
385712677102039040
385707008202383360
385706370257133568
385683584872632320
385674358212943874
385568019331567617
385564277186129920
385563424442175488
385560076007661568
385558855544872960
385558761399521280
385558731754180609
385556443379687425
385555819921555456
385555174653063168
385554984864972800
385554798012936192
385548155661869057
385548117296570368
385545447726936064
385465945961267200
385449216719732736
385442203339747328
385436502173310976
385436417834242048
385435687928864768
385435489185972224
385434782907121664
385428813082943489
385428067038298112
385427629807239168
385426117076598785
385424483265150976
385424225005088768
385423710233980928
385422197676072960
385422124120551424
385421998295617536
385421185250762752
385420967935475713
385410702040911872
385406553064759296
385406185421418497
385404844502425600
385404658438909952
385402727779823616
385402437668175872
385398755044110336
385398755027329025
385398655781720064
385398607203295232
385395049292660736
385394188621479936
385391002997243904
385355104662343680
385354773048094720
385354192048914432
385353968714776576
385352848890138624
385345471549820928
385343761909555200
385342975561461760
385329076799807488
385320845205581824
385314231572107264
385308188192407552
385305960144965632
385222113369395202
385188777859096576
385185863811887105
385185504838168576
385183770199859201
385183308813852672
385173186721366016
385172526558887937
385172461693980673
385154843155128320
385113181016059904
385106547224764416
385106468032102401
385105168460554240
385104771285147649
385092075491831808
385090033222311936
385078992706879488
385077879224033280
385077687795982340
385077486557483008
385076956917551105
385073727005663232
385073518364217344
385073185919488000
385071635260112896
385068501813035009
385068234614898690
385064765774516225
385064658027024384
385063605030252544
385061923995123713
385060051678818304
385060018384404481
385059968426057728
385056697951088641
385053198106361856
385053022151143424
385051815848316928
385051433621417985
385050884951924736
385049176544788482
385041453267034113
385022214116212736
385020039885496320
385019646992453632
385015521345011712
385009804898750464
385009677752598528
384989378604707840
384989080981102592
384892950926209024
384820524464885760
384815994146803712
384813396995997696
384812988265279488
384812213220806656
384811924115841024
384811707358404608
384811240813375489
384810612158525440
384806795924869121
384806582225100800
384805915016183808
384804205854089216
384797520469446656
384797423463575552
384740149093208064
384726815706996736
384726491575369728
384725684826144768
384725309440163840
384720417354567680
384715895441874944
384697529851322368
384697375089889281
384689715858788352
384686196661559297
384685925755658240
384685002664853504
384684482504060929
384682976920879105
384682645524709376
384681092621430784
384680676487749632
384680592815579137
384678939618054146
384677724033269760
384673499362504706
384672678579146753
384671447630622720
384670573684469760
384627660023795712
384627251049799680
384626171071066113
384625340980551680
384625189763289088
384623756578013184
384623247469211648
384616436930342912
384595875273900032
384465798263488512
384465255562506240
384361191398969344
384310092822495232
384304380666994689
384303689672192000
384252940363767808
384148379778834433
384148304784683008
384131710880714752
384118121814302720
384117744733782016
383967486770962432
383952148306087936
383951786241175552
383939849096810496
383938696816656384
383922712403386370
383922398254223362
383901890788229120
383808733374971904
383795237618860033
383787375299551232
383770298064969730
383769781368659968
383769577487732736
383769263674101761
383677297137815552
383677245552078849
383677209560776705
383677025158176770
383631668495392769
383630215467261952
383626727135924224
383626407559323648
383625918407000064
383623182365650944
383617956233490432
383616964863610880
383616626894979074
383615961934217216
383615810205274113
383615548740755456
383615518051012608
383614646982172674
383614422352023552
383589912282669056
383588863887015936
383582404310351873
383582215948349442
383581781804335104
383579129380999170
383578713247326208
383578271725531137
383577905705390081
383577666336477185
383577099321098241
383576607245361152
383574626070061056
383574580419244032
383573426520064001
383573116498087936
383572781364822016
383571526055759872
383571354798133248
383570055654432768
383569609569206272
383569569765269504
383569461145382912
383567776591253504
383566254105047040
383566039356694528
383565869936173058
383564955238141952
383564398981165056
383561121019359232
383560671280893952
383559334715596800
383557938981249024
383557448440631296
383557359538167808
383554793404248064
383552390558781441
383552069644206081
383551206519353346
383550005706907648
383547000509063168
383546792756801537
383546491089854464
383545443562438657
383545253937967104
383544799560601600
383544520526135296
383540539674865664
383539970964992000
383539488481628160
383538833880801280
383538703492476928
383535543935451136
383534033893728256
383518986618814464
383344429748486144
383287371779039232
383269842398101504
383266360635432960
383252660339482625
383252544673173504
383250056628797440
383246015031037954
383245902351044608
383244273568608257
383244132325412864
383243837579067392
383242829838819328
383239956778344448
383237000360243201
383236073666539522
383232539436933121
383231961264693248
383229732638048256
383229547996409857
383220968451092480
383218100335702017
383217654921580545
383217421676343296
383217028279959552
383214246038745089
383213045322768385
383212265085759488
383207541284417539
383207406659829760
383206376652038144
383204099220447233
383202646301376512
383199918375989249
383197652063899648
383195907636072448
383192993446256640
383182117959892992
383179990113587201
383179243187757058
383179008201850880
383178385838465024
383176067541774337
383174945162813440
383163813723668481
383163143746490368
383161625429417984
383155710034739201
383155362658254848
383154209543421952
383154064189841408
383153566569201664
383053206873702400
383003342257291264
383002701812236288
382997438354972672
382995794762399744
382995057517031424
382994831670538240
382994631883239424
382926977495498752
382926310802468864
382925914159738880
382925121088159744
382912505565036544
382912354544910336
382912285921931264
382911187710529537
382905483822374912
382891549467893760
382888850529746944
382884214603264000
382882323005714432
382880724040548352
382879948064976896
382865577825828864
382864272088657920
382862589275172865
382862441547579392
382861528250466304
382857501366317056
382850982612566016
382850458609811456
382849916407910400
382848524612009984
382848461743607808
382836785325563905
382835853464453120
382815266666991616
382814709038473216
382814113463693312
382804434876911617
382791327488163840
382790412395892736
382789897054351360
382789704539983872
382789414050873344
382789265845157888
382789015776534528
382788804505264128
382788722661806080
382672833006272512
382672484962934784
382671917209382912
382605443404931072
382605302732177408
382598673559216128
382592259092676608
382591440150605824
382591392406851585
382586343312089088
382584198592487424
382576918291558401
382576460269359104
382572597885816833
382569634597441536
382569530046046208
382569231931699200
382569175564435456
382567669402451968
382566523933847552
382565559373930496
382564839379697665
382564059046248448
382562636720001024
382562231776731137
382561919896678400
382560609100759040
382553032812408832
382552808874311680
382552510759981057
382550996205174784
382533312549761024
382522536506195968
382522350270709760
382521692540899329
382521439750221824
382521096165421056
382521001529319424
382520886542077952
382519989783494657
382519358737895424
382518680988688384
382518478651260928
382517697487327232
382516629357469696
382516251245158400
382514451200491521
382512600799793152
382511646285262848
382511626064527362
382511538336464896
382510883328770048
382510417178017792
382510024696020992
382509465117155329
382509003630465024
382508951939870720
382508633202126848
382508596149628928
382508475626311681
382507666599604224
382507044290723840
382506443456675840
382506370781970432
382506203727028224
382505497909526528
382505187359096832
382505053766311936
382504862279565312
382504495533809664
382504197264261120
382503644190760961
382503320184979456
382503059009847296
382502799902515200
382502349849497600
382501882742444032
382501785547845632
382501260655882240
382500798980423680
382500763144298496
382500659012333568
382500179787939840
382499481583104001
382499121267228672
382498575672172544
382498226831511552
382497217493626881
382496649819717632
382496163297247232
382481635457118208
382480280613052416
382479383736614912
382463310446485504
382461630233477120
382455301490089984
382451260131385344
382450788272201728
382440381105070080
382437369246658560
382429250365976576
382428306253307904
382427249255133184
382427046565408768
382254342323331073
382211217525579776
382210280396423168
382209828384677888
382183124987543552
382165213535293440
382164963147931649
382164773112397824
382164625573543936
382164593340321793
382163721063497728
382156772225855489
382156196209496064
382156144032378880
382142516923207680
382141823873208321
382141706650800128
382141502430134272
382133030154149888
382132617937960960
382131598210379776
382080904296148992
382080529732239360
382080307794825216
382079659133120512
381940788680458240
381933305438158848
381915748664639488
381901321806577664
381873108699078656
381847099719286784
381843937687638017
381842268736733184
381765486645886976
381753110202707969
381751321415933952
381750470966255616
381743629485998080
381704597242667009
381703978456977408
381703767055663104
381701618808676352
381701449404915712
381697044894973952
381695968871452672
381695071701458944
381694845401956352
381694634105520128
381688113535676416
381687989505912832
381687987748495360
381687924888461312
381687877350219776
381687754830381056
381687620868521984
381672223171686400
381672110277812224
381671083675766784
381670314109071360
381670263001468928
381668289015209984
381667731944521728
381584725422252034
381496683525582848
381496608644661248
381496199154790400
381495872586272768
381495799743774720
381450958712373248
381440254722707456
381417846821359616
381417510069108736
381403636821008384
381403568248324096
381403479140352001
381397401115709441
381395805019459584
381395634655215616
381395463049461760
381395225240817665
381391542323118080
381389901679194112
381389319392346113
381389206494269440
381388660509134848
381388627902611456
381388375325802497
381387857585123329
381379704957054976
381374688112685056
381373780205264897
381371161470599168
381370553766281216
381370457104351232
381367076411039744
381366916570292224
381364639281324032
381364361203159040
381364169015963649
381363892250615808
381363531150401537
381363449906728960
381363265298644992
381361006796341248
381360824339931136
381360769692352512
381360678189408256
381360365898326016
381359550282354688
381359262519541760
381339883056668672
381339426200510464
381339254334701568
381213999599079425
381204191160455170
381203015845154817
381202674252644352
381200243246637056
381200062644105216
381199512909262848
381192913017139200
381185877093146624
381165361280090113
381164146999705601
381164044679663616
381132726327607296
381132596459339776
381132386983219200
381116848814977024
381116439396364288
381116409079926784
381107876296531968
381105455684018176
381104839423320064
381104563475869696
381104338724073472
381101178068561920
381097769001181185
381091334075195392
381090465057366017
381090216293195776
381089503211159553
381089128680787968
381087548661334016
381085959627866112
381085416381620224
381080194146004992
381079369709412352
381078914887479297
381065158358884352
381061877704310784
381060109058600960
381059742337990656
381059167772876800
381057953257623552
381057871795859457
381057201629966336
381057022960992256
381056286629953537
381055552509329408
381052052551385088
381050970693586944
381048174766329856
381048075948523521
381045311923187712
381043609589387265
381042133454422016
381040219262164992
381037107109584896
381034650111471616
381034112498147328
381033961977159681
381032775241203712
381032294087020544
381032035776614400
381031947876577280
381031028107657217
381029459127586816
381028699543326720
381023000939597824
381021275734282240
381020224058695681
380980003573616640
380871722821758976
380856765790699522
380856383362445312
380855586666975232
380855548209397760
380855531675463681
380855198660300800
380850687833157632
380839215514533888
380828561407369216
380827315032162304
380821508706164737
380821184700350464
380821099258204161
380819631255998465
380816564968517632
380816064176992256
380814882633183233
380814299817844737
380813339066376192
380796138905153536
380795995615166464
380745718002368512
380745453270466560
380745314309001216
380745237813272576
380745162655559680
380725639885889536
380725098325741568
380724535005552641
380722521202782208
380720477796573185
380713992588914688
380713784505290752
380713334469033985
380713059406585857
380712978964021248
380712084251873280
380711906686013440
380711270221352960
380710896194322432
380710358362902528
380709970385600512
380709871928508416
380709179247575040
380708295318962176
380707910768402433
380706224020676608
380706066923012097
380705839516229632
380704135102095360
380703369750654976
380703066712190976
380702888500428800
380702656836427776
380702602583097344
380701838129254400
380701758701711360
380701492552167424
380700553489416192
380700258126553088
380699820417376256
380673707427266560
380672751599906816
380672435206758400
380671949288243200
380664042173366272
380662751871639552
380654553995444224
380652610627592192
380652402124537856
380652051694645248
380650314707529728
380649954479706112
380649007707873280
380648114178494464
380647211983319040
380647157784535040
380646676295204864
380646078342627329
380645068949831680
380644958555762688
380644246316806144
380642592737595393
380640816789594112
380633509993664512
380633299435409408
380633078966022144
380632870014156800
380484457225924608
380484418873212928
380484331900125184
380476192219860992
380460748981673985
380429787875254272
380428853552099328
380398013249617920
380392993020059648
380391865712775170
380389492294574080
380389185950978048
380389073610752000
380388901736554496
380388374705471488
380388353293570048
380380697388941313
380374017611677696
380373640787005440
380373415703887872
380373246195269632
380373027978244097
380373027852390400
380366350318702592
380356991039725568
380355182883639296
380351600138944512
380348857756184576
380348643418865664
380347427523665920
380347229082746881
380345742868480000
380345240852262913
380344726727057408
380344027037450240
380343718445727744
380342675163316225
380341316002914304
380341257345576960
380338225010581504
380337994265149441
380337821128482816
380337630350557184
380337522691149825
380336745281101827
380336418335109122
380336072829333504
380335080733810689
380334812772315136
380334179457585152
380333769636331521
380331138163568640
380328648844115969
380328544737312769
380325145736253440
380324780462702592
380323143883030528
380319605417209856
380319307021840384
380319004016910336
380317871269621760
380317396965146624
380317255399006208
380316979300560897
380315469388853249
380313355971735552
380311654296064000
380307447220432898
380307229921906688
380305405710049281
380304009422073856
380303519187615746
380303457854308352
380301790568546304
380301334513061888
380300926893830144
380298865527623681
380298699915554816
380298040583536640
380294676978221056
380294147816431616
380293681342734336
380291258901467136
380291048313860096
380286406763237376
380286216010469376
380285203341914112
380282548968226816
380278590228934656
380277535575392256
380260255273586688
380243694072647680
380184759391244288
380184543283933184
380146022116110336
380140759208304640
380134818572288000
380134788754964480
380112828713406465
380111064634892288
380105720005263360
380104478755540992
380104382462709760
380104253928243200
380102940712640512
380102560478023681
380102325521510400
380101441903288320
380101274252763136
380095079085395968
380094791804911616
380094394864377856
380089787987668993
380089697369726976
380089539378683904
380088150409740288
380086771188383745
380086035520057345
380081817899900928
380080491828756480
380080364040904704
380078382861385728
380077669708083202
380077472118616064
380077170715922432
380076621496983552
380076307293290496
380073619574890496
380073018921197568
380068829977526272
380068053758652416
380062002023899136
380050200678920192
380032625039003648
380031873021267968
380027502682710017
380021140925988864
380016865298636800
380016087813095425
380015952827785216
380015876898304000
380015840416268290
380015300617699329
380011790869868544
380010110661033984
380006688746512384
380006601374982144
380000411286921217
379998864087867392
379998727936548864
379998491931451392
379997428432121856
379995634347962368
379995062404268033
379994960117784576
379975460341288961
379973962219806720
379969733954523136
379968981488001025
379967338029674496
379966035002011649
379964581352718337
379963696820129792
379957485810905089
379946308636651521
379939285702410241
379908703014891520
379908263250501632
379808586433441792
379806406443925504
379805072713973761
379761300718370817
379636599123763200
379635738762940416
379635560043655168
379634916440305664
379634870726557696
379634737158946816
379633319115096064
379632735079239680
379631998668521472
379619506831626240
379619115385643008
379618780785025024
379613235537661952
379588985657376768
379587963690037248
379587715856998401
379584670565801984
379583043171663873
379581970679746560
379579860114341888
379574211666145280
379570308883025920
379570202976862209
379564753238376448
379519026718081024
379463053215272960
379459997681192960
379459157427900417
379457707948113921
379455875410567168
379436766971052032
379432591713378304
379394182759985152
379394036378763264
379392158043619328
379386842430193664
