398163432236920832
398161048345538560
398137329854193665
398102096496852993
398097983151292416
398097012807450624
397990089579835392
397695279644033025
397627118030708736
397453483261304832
397453457533460480
397453422825594880
397453392433672192
397453347130986496
397453297357164544
397379533709787136
397031429525491712
397012619129016321
396736440690040832
396729857339834368
396729559598780416
396722246649401344
396719961189908480
396718299712847872
396718177625063424
396717903212720128
396322641969414144
396219475596705792
395965015570006016
395825496405331968
395452575585419264
395451621335117824
395239613327228928
395151674379366401
394917695491416064
394917193252864000
394917139871977472
394917040399855616
394916907557859328
394916837450072064
394916786409570305
394765597118308352
394501987565588480
394501373657907200
394470735080861696
394416363693162496
394415818169384960
394414799737876480
394414337378758657
394414292705247232
394413774494769152
394219333536481280
392978520869437440
392597277308887040
392415727334195200
392364973512749056
392364940721676288
392364916977729537
392364897763606528
392364836442894336
392364801013592064
392364749524307968
392042877247062016
391945288774340609
391944202680270848
391644089445527552
391620468899577857
391620015201746944
391618183922479105
391617227935731712
389828527857885184
389828449973846017
389828334236229632
389828260093497344
389828202484748288
389828129516425216
389828016991662080
389461664984477697
389458382312464384
389456468980031488
389125095530455040
389118185339097088
389112389385609216
389109654300930048
388315960811474944
388315659920494592
388315581071777792
388314615673012224
388314432222527488
388314251338977280
388313992982441984
388302451868438528
388270832398503937
388076103698743296
388075631801815040
387896149908389889
387894633059340288
387646414484176896
387622996547870720
387514009454661632
387513703295627264
387477306299920384
387477054394220544
387475910557184000
387291355359084545
387291340091834368
387291321028730880
387291308185772032
387291293983838208
387291279907778560
387291245631918080
387251491335323648
387140550610415616
386882604303400960
386852336670633984
386040688628232192
386035744026148864
385772104798715904
385770535101403136
385678799339540480
385677588422991872
385676650102669312
385676080268734464
385675718673596416
384754830839136257
384754799323136000
384754759921831936
384754719383896064
384754645455085569
384754607651827712
384754541830627328
384335297435435008
384261658329485312
383511621345492992
383118018949443584
382970987387813888
382498555543683072
382495408708018176
382437763813212161
382437243073622016
382437138815782912
382436917159415808
382436863258398720
382436823450271744
382436708622798848
382436610551595008
382436503412305920
382436440703242240
382436365839138816
382436303490785280
382254434895818752
382218085715169280
382218016647544832
382217982413660160
382217947500253184
382217924964257792
382217892273868800
382217835050962944
382036970249392128
382035572971569152
382034386696552448
382033831207120896
381807080593977344
381804697662668801
381803100194877440
381801840087957504
381798322635546624
381768511200428032
381767130615930880
381712334433316864
381711623519731712
381580784257466368
381580611645112320
381580193141628928
381579241714122753
381374677899546625
381374266702594048
381357977686781952
381042638272864256
381005118524899328
380770168281899008
380589988838404096
380310970767540224
379991555022798848
379968404519944192
379905610906865664
379866906943311872
379683238056583168
379681410761904128
379681324355031042
379681292037918720
379681261532753920
379681199876493312
379681157757272064
379681115260592128
379650200752885760
379582079039963136
379258070859522048
379257624753352705
379257335904215040
379200789010726912
379200291482402816
379186251100061696
379185859658264577
378561336663629825
378447950130991104
378446763692404736
378255363478654976
378248412174757888
378246177436995584
378052009485938688
378051378272538624
377815609519898624
377374265513103360
377144686009675776
377144616128356352
377144577880518656
377144539158695936
377144497727365121
377144424964587520
377144387287130112
377080392991662080
376729966681264128
376729326601113600
376269816472293376
376269147703087104
376267938602684416
376267765143060480
376266866064633856
376266745591635969
375875079827390464
375874255151710208
375635544115793920
375141246756716544
374842564652052480
374811745493458944
374608108309741568
374608056698822656
374608013040300032
374607947865030656
374607819217338368
374607770198507520
374607718528876544
374514989446754304
374480132280291328
374202248580321280
374201326244462592
373853110458142720
373805717171765248
373804992760905728
373796930960502784
373795889430953984
373604073280647169
372603362920759297
372071290775273472
372071245594251264
372071206406868992
372071161880137728
372071120394285056
372071089545175040
372071043755945984
371698602256900096
371644743698354176
371643205554823170
371642874208985088
371571397900132352
371570757656412160
371566408632913921
371194230032838656
371194096163254272
370066581004353536
369883157765836800
369534917665099776
369534823343611904
369534775637594112
369534726161575936
369534611027537920
369534525233442816
369534426130042880
369511560663691264
369511147612811265
369406822978842624
369242991044489216
369152591520743425
369118915403583490
369062561120915456
368807856331452417
368802186832015360
368801655166222338
368686144482844672
368685856514523136
368685747366150144
368685382117765120
368663316199002112
368663048031981568
368662908546199553
368252538937954304
368023805241065472
367679413040975872
367678753025314816
367678065620824064
367676317593894913
367674882664194048
367374201722011648
367198138505117696
366998069956866048
366998043792789504
366998011869933568
366997983499661312
366997956924538880
366997918064324608
366997876234141697
366946161766047744
366668303860637696
366667923093336064
366667564853628928
366665254589042689
366572940344561666
366543013633212417
366542348362063872
366522284355235840
366521531079213056
365864338952699905
365863242444177408
365781448919240704
365497242632732672
365105633474772992
364853276216266753
364647054389166080
364461207421739008
364461175998005248
364461143278235649
364461106313822209
364461046452715520
364461009597390849
364460947207106560
364412714984030210
364355356148772864
364164626864697344
364163458880634880
364162547089682432
364072253555998720
363958788748890112
363957282188853248
363813305082994688
362941288833761280
362904941196615680
362617647290003457
362518245703565312
362511031613915137
362510278321115136
362508804497223680
362508204246175744
362506625292062720
362500162079297537
362314683866292225
362178619554013184
362174634495455233
361924327052025857
361924289726914560
361924259599224833
361924208978178048
361924175532802049
361924143270215681
361924109304729601
361545270158311425
361505064625516545
361486178182107136
361485985894244352
361484421712453633
361441045118074881
360800076731392001
360324216945516545
360181280203214848
360179014675079169
360051055389716481
359600800219152384
359599706898313217
359387776426733568
359387721015783424
359387674152824832
359387670109519872
359387544943079424
359387488613572608
359387452135309312
359266504476344321
358886883478093824
358884573901369344
358884118425112576
358883983385296896
358762288313925632
358761946222305281
358506730730176513
358248687983529985
358234270407462913
357981657288024064
357882003854594048
357867340903350272
357861044883959808
357841391084257281
357754851347808256
357383328250347522
357030723057745921
356850876926795777
356850845154934784
356850810140884994
356850779543449601
356850733527732224
356850707539824640
356850662346211328
356687322361769984
356678534971928576
356355777025409024
356333317840306176
355583180079775744
355327226734059522
355303333843566592
355023385782272000
355020842234691585
355020306802425856
355020036433387521
354998815071272962
354859915539533824
354604207753535489
354317115899523072
354317044285575169
354316708917420033
354316625618546689
354316498329804800
354316404587118592
354316296206290945
354315315557040129
354112758544994306
354111873198727169
353995021592170496
353994709930213377
353804119695310850
353803347607818243
353802865254477824
353802655631540226
353802346481987584
353607567806701568
353607294438739969
353432159693963265
353432029964152832
353285896809873408
353252181702488064
353244438035836929
353241128297967616
353191073113325569
353188931518464002
353047279491485697
352913162393239553
352911312428347393
352908041173204992
352902336500346880
352851968772943874
352800855394775040
352709232400924672
352704906475470848
352678137982746624
352494273255583744
352462097919131651
352314269511061505
351992389650481152
351777850799558656
351777812224548864
351777767718780928
351777714094608384
351777679772626944
351777625406046208
351777551997345792
351664730491990016
351362907071725569
351336595942690816
351336390782492672
351281200943464449
351276621958889472
350604922938593281
350603833833029632
350255651412393984
350254612432957441
350181124644933632
349919435697557506
349919183124959233
349918210293907456
349917753668407298
349795779633885184
349678715401273347
349678636166688770
349678503060443138
349676245476319232
349424033604964353
349271232459448321
349241991948795904
349241732203941888
349241458441723907
349241244607717376
349240916416020482
349240761407123456
349240570050379776
349129605900279808
348833813104820225
348754990493483009
348754497591451648
348752105198206976
348509477504417794
348495328779046914
348444228252217344
348397186473656320
348155627790561280
348155143621058561
348000822120050688
347970173287944193
347771552781197312
347604997460066304
347353206797520896
347243961271853057
347018077361299457
346705040662208512
346704839461441536
346704610498592768
346704505552904192
346704199410651137
346704126941474816
346704011757502464
346527872112029696
346304812050157569
346195582626443264
346193591305134080
346191079458099200
346190626565521409
345831543832457216
345830497378775041
345829350492479489
345648167875903488
345647973788696576
345530768879144960
344167868134457346
344167701029203970
344167475174309891
344167338989453312
344167240633024512
344167187956768769
344167142251450368
344061135420538881
344060030707965953
344059514787622912
344059016453959681
343749368278560768
343749186577113088
343747334494117888
343746627363811328
343746540197777410
343663487865716736
343622966531194881
343622677023567873
343622474124128256
342904891016110080
342795781025198081
342795382125903872
342779688793559040
342779336325214209
342778504196280320
342778325460213761
342777741369802752
342777203630678016
342776580029964288
342776273682182144
342775262771032065
342670592870318082
342656550126628865
342590973924212736
342354392965586944
342353548799000579
342353170644750336
342318368952561664
342305367159603201
342294410031136768
342174119892246528
342040065251348481
342030357610250240
342002991727001602
342002494362234880
341967097099845632
341954156577308672
341929258249244672
341630709347266560
341630655936995328
341630613180260352
341630554984288258
341630489712533504
341630435949944833
341630383823151105
341512284402745344
341488188537327616
341487425958338560
341486988291108864
341486189456535552
341484406910894081
341122832505401344
341121951156281346
340430658994319360
340227587810942976
340210170686746624
340209722043015168
340208581230067714
340206930301698050
340147691004784641
340072559309635585
340071649909035009
340007864494071808
340007351664910338
339855682788532224
339673242904178688
339411503482560514
339303145781989376
339094486397353984
339094328376954880
339094139629076480
339094005184864257
339093903217131521
339093820526428161
339093766453481472
338985269300690946
338984989737762816
338948095511506945
338687213304942592
338647621788917760
338637272868085760
338636198715211777
338635777103765506
338589574169255936
338506441335910400
338467851360940036
338283606764048384
338252806295269377
338252381294821376
338252042344751104
338028664853762048
338006580446515200
337829953188020224
337693264322891777
337692845609734145
337691338273353728
337689756819406850
337608388345204737
337487539852165121
337345210281500673
337345100919238656
337344708252672002
337344099512377344
337343225809489920
337205601669115904
336955045197279232
336883835692273664
336883208526376960
336850975937662979
336742254704205825
336732808988983296
336557634117304322
336557516605505537
336557398250618881
336557337655521280
336557229681557504
336557128619802624
336556989607981057
336437328501407744
336139432086360065
336138355584663553
336137532339281920
336093151116808193
336092188943458304
336091542282436609
336091404424052736
335886346461790208
335885191509864448
335883809625079808
335882506861678592
335882289353461761
335881291813773312
335858882628947970
335844602064011264
335844288892112896
335826219310403585
335825570422210560
335824544642256896
335823837797158912
335696318699810816
335440102992007168
335422213668868097
335375145764020224
335282234347106304
335281400125202433
335098754686402561
335056491872665601
335042693652705281
335042152797196289
335039234966683648
335007615002234881
334926734887636992
334796479178874881
334795926470287361
334795512911908864
334785332392361984
334779392221904896
334729844099280896
334728756352663553
334727648792166401
334727216153894912
334726298985431040
334725762001281024
334725220134965248
334707063664033792
334583235231227906
334428736164339713
334427561952149504
334426554279030785
334388316726247424
334257407293284352
334056274490703874
334043426058293249
334020419029962753
334020394665254914
334020370719977474
334020334594424832
334020307771850752
334020280785707009
334020238360338432
333694652635037700
333646142359359489
333549596070518784
333548836226228224
333547938884222976
333547098152787968
333546595285090304
333545877828411392
333310111269404674
333309792561033216
333309333704171520
333306389671841792
333304824588279808
333304267790221312
333294220360167424
333293520397950976
333268196331249664
333268086100746240
332604941954842624
332602996066238464
332602415280951296
332602194643795968
332538997043769347
332383170685190144
332381919335575553
332380654060859393
332380414331191296
332380189000601601
332139834850308102
331878765577773056
331660264430788608
331660198164959232
331659790973542400
331483672832262144
331483646034841600
331483615663890432
331483593442476032
331483571246202880
331483545228947456
331483499175489536
330963372587745280
330962926716461056
330958369013764096
330958045154783232
330391059102302209
330390715005816832
330390294359068674
330385100745359360
330313754082426881
330313427606183936
330310350547345409
330240646235439104
330239012650504192
330038349106655232
330038158970466305
330037642987196416
329723467119333376
329721801787723776
329676632103202817
329675998339665920
329639516392546304
329556593698033665
329501709976088576
329501684726374401
329248035815161858
329241051460157442
329174204404625408
329168651729113089
329121546947932160
329120849951092736
328983702237495296
328983493579251712
328947679851843584
328947599056969728
328947447059591169
328947278578585600
328947151541510144
328947031303401472
328946877032693760
328463175659945984
328462736709255168
328461678314409984
328461361040457728
328447555551780865
328446164301144064
328443271326076928
328442161114800128
328441506404909056
328439822664470528
328439184891199488
328433501995139073
328127066849550337
328126830685085697
327318933940101120
327201862849802240
327201365141102593
327192823189360642
327191021261836288
327188777195945985
327188462048522241
327143793520410625
327137112665235456
327090453403021312
327090311841058816
327089338015969282
326963926090805248
326963133275058176
326961960992272384
326960797689454592
326959813709930496
326958453530705921
326958260869529600
326741190395428864
326741110837870592
326739887552360449
326739374828044288
326738403490148353
326738046429057024
326737769735016449
326737676067811328
326655856231993345
326599231320231936
326589361871257601
326588823867912193
326410607362457600
326410555340500993
326410504199356416
326410440252981249
326410288117190656
326410230453899264
326410094059347969
326225615026008064
326113109154594816
326111650904162305
326109900444938243
325984232910508035
325905282192523265
325905136415293441
325904984250126336
325904361660239872
325264092640194560
325184732851740672
325182846815838209
325182576786542592
325002992514375680
324652283994447872
324542346156974080
324540100073639937
323875417800982529
323875189739888640
323875019086254080
323874962576400386
323874876588974081
323874834062921728
323874741280731137
323447932647006210
323446509372854272
323437485810126849
323437318700679168
323342185099579392
323209098143334400
323208462387531777
323202524620414976
323201713400074240
323201640758927361
323201422667677696
323002771559309312
323002070712057856
322991784596758528
322990341609369600
322988807458791425
322987831628816385
322986336179081216
322985733277233153
322985116060246016
322493583603167232
322492738065006592
322492468887162880
322489971242065920
322489651942277121
322486786603511808
322457962843099136
322456763175677952
322455786968207360
322454203937198081
322453550598860800
322453349318422528
322452961202671616
322451522900328448
321337588352954369
321337191538257920
321337080733118464
321336799198855168
321336716004831232
321336668114280448
320912840439525376
320848739789045760
320848353170714624
320847698758623232
320718265141846017
320713709964103680
320712816061448192
320712582912696321
320711533590093824
320710550923390977
320708836132540417
320708194424999936
320707869945237504
320706862435692544
320705604291272704
320705417913184256
320704889690935297
320669867927797760
320668499506774017
320664174457921536
320658683057012737
320479592173408256
320342503452729344
320341347804520448
319503166251073538
319502803875790848
318800173146976256
318800140288811009
318800119375998978
318800097045540864
318800066976546817
318800043215839232
318800001981636609
318607878770548736
318606511096090624
318605627960197120
318441536461357056
318388984495616000
318376898600267776
318370681538613249
318370258446602240
318370023049682945
318369740080959490
318368554342813696
318365654606565376
318236280502755330
318235487531847680
318234657143533568
318234290464886784
318232621165453312
318231231512838145
318229184507965441
318228964533497856
318227123267588096
317990474952634368
317769368744374272
317585777188016128
317428348626284544
317427774639968256
317423037471391745
317418357961920512
317417950208483328
317416718618202113
317411267579092992
317410840598953984
317212269152976896
317196464080171008
317196023753760768
317195757667110912
317195729837895680
317194802083033088
317194604518727681
317193751414050817
317180273798291456
317179530898972673
316278542746927105
316278520173187072
316278494285926400
316278456260370432
316278418671038465
316278385141772288
316278339918774273
316198984517566465
315952198360117249
315908044615725057
315893636317454337
315863718149890049
315816880843681792
315801676537802753
315801267765141504
315801057051693056
315798658752843777
315616796558381056
315612963253915648
315612755912695808
315611802354450433
315610603597221888
315609856402919424
315609083459809280
315608586875199488
315607100770373633
315606426431131648
315584096258629632
315580214245736448
315580037191581696
315557229392711680
315453936620412928
315444640356638720
315441958078279682
315439450438135810
315416006514331648
315412112107241472
315412043740106752
315196150493900800
315195219895283713
315008921762938881
314645910363713536
314643293667475456
314643012577816577
314156736535748609
314156507514159106
314156049026396160
314155834001199104
314147106149523457
314146251622989825
314145215025917952
314144407102291969
313916463499071488
313916439251804160
313741808813359104
313741784025018368
313741757630263296
313741731311001600
313741705197285376
313741675686133760
313741636456808448
313587796453515264
313429592004239361
313428486142447618
313427998424592385
313427244175462400
313402370862235648
313401871081537536
313362819124973568
313323362392879104
313318982906159105
313315059466113024
313264967996559361
313261539081728000
313250027902496768
313246996217610241
313245492698038272
312684209829449728
312681954761920513
312681755482144769
312680559732219904
312680290025877504
312679591900766208
312608298648104960
312607821881565184
312549877374668802
312486840076759040
312477920365002752
312372644811001856
312371631240642562
312361142469136385
312281166289977345
312167798107410432
312142906267942912
312142761677688832
312141740020731904
311960374968729603
311954160847319041
311954018790436864
311950915752042497
311950057337393152
311622832528445440
311617457238446080
311616741941850112
311616621913464833
311616317746724864
311615861217705984
311614998969479168
311614907269394434
311614680063946753
311614058904305664
311563389119901698
311205337485160452
311205290332790785
311205215661600768
311205113303797760
311205036011163648
311204977412558848
311204896529580032
311052372220735488
311024311852990465
311023850844475392
311023472212054016
311022326143660032
311020372982108161
310831397793320960
310781519146938368
310780948268601345
310753884236824577
310753145544384513
310752483267973120
310700064261677056
310699002733678592
310698492144275457
310698202011684864
310695465014419456
310693276682428416
310047520397078528
310043316106448896
310042240020017152
309698793950023681
309620325069516800
309597774935117824
309597117771550720
309596258484498433
309596129065046016
309292513775198208
309269881474396160
309265036382203904
309263207288156161
309262876424683520
309262680684904448
309260328397590528
309260171882942465
309257067473022976
308854629230321664
308853016071651328
308851969064333312
308851455421448192
308668912688570368
308668822016118784
308668714453184513
308668622409175041
308668543610789888
308668492301885440
308668320561901569
308247620697083904
308200548669206528
308199773649907712
308198100894355457
308197845914251265
308121251761766401
308121050955259904
308119866223755264
307907285840175104
307906680799244288
307906079705145344
307905893184462849
307905632244224001
307904844352610305
307468591937245185
307393599362965504
307068585304551424
307068446095572992
307067715259084800
307053979634909184
307053773107388416
307053037858459648
306537682245386240
306512997742964736
306511670119895040
306510745347174400
306132005492490242
306131941151875074
306131878224732160
306131825053560832
306131750193614848
306131647798054913
306131537047478274
305686620252823552
305634592654757889
305633895519490051
304965075050037248
304964808606900224
304956024685723649
304955693931315202
304955370428829696
304953754422222850
304482591568973825
304342090849071105
304341941250830336
304338320895401984
304338154859687937
304337151338901504
304335342272667648
304334968954433537
303888398169550848
303774137816588288
303771066210344960
303609396389376000
303606097476993024
303605649483395072
303602811571150848
303595822547869696
303595748367413249
303595656033992706
303595558378037248
303595479458009088
303595393818689536
303595314525384705
303360581879087104
303238084261187584
303175653140881408
303171081374687233
303169040753491969
303134127929032706
303133591792132097
303132942979457024
303131466840293377
303130310143520768
303063279444578304
303062778363666432
303059656140541952
302797068886487041
302794856575684608
302794331260076032
302793720510676993
302205275232927744
302144218359549952
302141905100226560
302141500748357632
302141418955223040
302133678740475905
302133478781247488
302130259388669952
302129696953491456
302129243284963328
302128943325147138
302128852350676992
302126593252409346
302067387321176065
301967517256151041
301965504141197312
301961981496287232
301956444612341760
301810668284284928
301810095224934401
301809280158416896
301808586684768258
301808045795729408
301807624247197697
301801935080652800
301787837936828417
301786856280977410
301784609690120192
301753132466184193
301721502607364096
301703042644979713
301425854435692544
301277018669056003
301098555844739073
301096716982181889
301058356657930240
301058322210095105
301058282867548160
301058251741609984
301058212008976386
301058158875533313
301058113216339969
301039340841218050
300965545136754688
300965166806335489
300875471288139776
300681513022918656
300643537438007296
300642627991252992
300635170602614784
300634882097442818
300631937909923841
300631023820107777
300627858928324608
300627463799713793
300627079723094016
300626487780986880
300533457015148544
300369565492334592
300311200691007488
300309498696982528
300309330312445952
300239213113245696
300237937663148033
300217637496037376
300216124761587714
300191248432644096
300190333910786048
299976211126423553
299975851502624768
299974619941711873
299973879055654914
299906736918257666
299906471037112320
299906158959935488
299850912694956035
299824145947049984
299818716617658368
299796667589357568
299668612707393536
299436122726096896
299435706068107264
299418992613933056
299291664218984448
299290740259954688
299210126244577280
299209835893899264
299209695661531138
298867124561141761
298784599285313537
298783305887780864
298745404894355456
298743412507672576
298742924437499904
298719815340789761
298719629474418688
298709226539331584
298706737471553536
298567107170414592
298561868056911872
298521632304156673
298521630991327233
298521539266084865
298521490880602112
298521463055593472
298521407820795904
298521343157215232
298201823435702273
298198662583046145
298191891642609664
298191784155172864
298191449915281408
298171515155910656
298160495813328896
298159755829080064
298158913327595520
298143522522021890
298142630238384128
298099436708560896
298098194313789441
298097216105619458
298096737141280769
298096523756072960
298095319344898048
298095061705576448
298094005181349889
298093309769940992
297970779218378753
297969588677771264
297969029778399232
297664380093476864
297657906885697536
297651735579742208
297650276100366336
297649626113253376
297648117837348864
297647036151517184
297642094128926720
297641501293441024
297641321936613377
297641043812294656
297639030064025600
297103733068800000
297102828395188224
297101744675098625
297100720027619328
297099707543584768
296715357249495040
296565900637790208
296535660142137346
296523996730646528
296397860604375042
296025705467219968
295984899884740608
295984851583127552
295984805655498754
295984754745032705
295984721014435840
295984682338770944
295984619424190464
295817917969338368
295816365430951936
295569566791249920
295568859090534400
295485583927672832
295482947669204993
295480781625774081
295352305010761728
295340520723578880
295340291538440192
295319713859395584
295317209125896194
295314317228785664
295313506880856065
295311948583665664
295311585516331010
295308606881026049
295307994575540224
295306838134624256
295302503082385408
295301883608854529
295301620135247872
295292325075234816
295291544599142401
295289179426930688
295286232567660544
295279262175465472
295278666332635140
295277819284570113
295277438534025216
295263086187798528
295249542960541698
295246751701536768
295225206123941888
295224435735134208
295223992451739648
295214794330497026
295213429810135040
295213070748356608
295211645184139264
295210989807345664
295209446634823680
295208734723043328
295129004787236864
295127224166785024
295124596712165377
295122222861922304
295122059313442816
295121601060540416
295120685238472704
295120450541998080
295118814767628288
295117914640629761
294960693948596224
294959553257283584
294945833886027776
294939765499908097
294882771678134272
294828808215883776
294795274352750592
294794414138724352
294788016554258432
294419911692922882
294419404853239809
294350425371598848
294008321441153024
293975106483523587
293975010052288513
293880283634208768
293853214296645632
293851126518915072
293849702460424192
293839274749620224
293838639593566209
293837772907745281
293826565228331012
293825893229539329
293825634550042624
293824848998854657
293824060939456513
293628639466094592
293628163890765824
293625161641508866
293624515907432450
293482179420385281
293477581150355457
293475566441598977
293475091830935552
293474959391600640
293474606260580352
293448210465308673
293448158946672640
293448094287265792
293448051450839040
293448013685346304
293447970869886976
293447908345389056
293046079623151616
293045028996128769
293044110942674945
293043771598331904
293039491944419328
293039206731759617
293038767038668800
293038076652040192
293037634396254209
293036208404180992
292947748314042368
292947417366663168
292778010002718721
292776322072182786
292776182317998082
292775886565044224
292772946001424385
292771936449204224
292770960904441857
292769328003158016
292768122576973825
292767893928681472
292391358386278400
292356712537669632
292354861062823936
292196166836297728
292195664258015232
292194980439670784
292194338782445568
292194061165658112
291863867489910784
291841797930512384
291635334041698304
291617324266553345
291616757267972096
291616688296833026
291553957501878272
291553671257419776
291283443994742784
291273098311909377
291272436769488896
291271537166802945
291099155907096576
291098250591748096
291096012997660672
290911365344944129
290911338983731201
290911306867953664
290911278246023168
290911245287190528
290911213901197315
290911177347854336
290570485786374144
290535672761184256
290503152627752962
290494690678157313
290482374251270146
290451022747418624
290450135324975104
290449572025749504
290410928615329792
290404987090124800
290403977512771584
290244653666668544
290240902486704129
290240361081745408
290239162957848577
290238354988097536
290237938300755968
290235408636325889
290232640030781441
290231379441094656
290230878905454593
290230809217089537
290230587481001984
290229947446988800
290229224344809473
290228691307487232
290228056130453504
290227091595726849
290226271391215617
290044393187074048
289803783196782592
289803335823933441
289803152205688832
289802832956252162
289573217230802944
289572631143936001
289553684768116738
289553462579036161
289516512673402881
289491804569612288
289491557504143360
288374684951654401
288374655104987136
288374625753264128
288374581046157312
288374550771687425
288374513173938177
288374459642032128
288058334467198977
288056971200966657
288056805249126400
288054581840195586
288051254956019712
288002499233849346
287966548424015873
287966273210560512
287889524716101633
287888670239903744
287887517229924353
287887280897679362
287886728352636928
287885150652612609
287884329248509952
287883672529559552
287883518548250624
287309095269199872
286813368331935746
286560546336149505
286560310901501954
286559297142411265
286558520881590273
286557726321045504
285970150073700352
285966768990715904
285815518991110146
285814377901350913
285732198374592512
285732177780543489
285732156733521920
285732137892712449
285732119160971264
285732100638908417
285732078375538688
285466142808629248
285424613670924288
285393465481760769
285379118655213570
285377755892285440
285377534919598081
285302806632599552
285302582916837376
285294745264201728
285172999869562881
285169601778700288
285168313812799488
285166289054478337
285165896073347073
285163831448186880
285162215886159872
285160380643299328
285159268557135872
285156902403452928
285155161318502401
285151240839651328
285112976418164736
284965242147057665
284964151091159041
284096261009854464
284095027876069378
283528669161484289
283528430832738304
283527335142100992
283413720137338880
283411772982063104
283409924598415360
283408597059239936
283195629906309122
283195591775883264
283195530341912576
283195486087819264
283195453519040513
283195422170812416
283195357691772929
283125566423564288
283125432352657408
283125302165663745
283124694704599040
283123147635560449
282891443515817986
282890839355703298
282890594014097408
282890321329799168
282869947372290048
282869430705328128
282557622362722305
282549280865153024
282549234685865984
282437680258772993
282434408298999808
282433416564195328
282200181892595713
282198592683376640
282197812014370816
282172442682740736
282168306494996480
282148370401878016
282144315168403457
282111984177131520
282103245231517696
282085245472366592
282080407678246913
282043964931072000
282041631253868545
282036514039398401
281852334852669441
281844542775390209
281520669496332288
281512439026176001
281511886506323968
281510282143092736
281508345486118912
281385130558377984
281384914564313088
281377226585407488
281187042661117952
281186092441559040
281184668680871937
281183928994365440
281181538002034688
281178456128106496
281177704991182848
281175000671723520
281173931086467072
281172951989112832
281114777609175040
281109654484967424
281108521842511872
281107440651620354
280980560061542400
280980055419666432
280962767144505344
280962444690587648
280960900024893440
280960535044968448
280960422184615937
280959843328733185
280959269317246977
280958479664025601
280776554169118720
280775540053524481
280767580589932544
280767515716624384
280767414399025152
280767378277666816
280767316650754048
280767148832481280
280596345784508416
280389580258164736
280355351004585984
280325060701614080
280324646597980161
280324334046830593
280324186239557632
280323915245580289
280323733246328832
280146344570679296
280145623292993536
280145258761818113
280144681826926592
279875003422502912
279874194722938880
279873339961511936
279870594932146176
279681056364433410
279670959324164096
279635769478504449
279631355183263744
279612425412673537
279608598072553474
279569954087522304
279566998122409984
279543962816090112
279541807283593216
279507674746478593
279507046347456512
279501377703645185
279499103673651200
279322918360600576
279315758843060224
278580325838381056
278275703546470403
278275221079871488
278274993136218112
278274675149266944
278274525970436096
278274133412941824
278273868366479361
278273794546737152
278273608684556288
278273157859778560
278272773317611521
278272107991937025
278271138528915456
278227903815241729
278227874899701760
278227829534126080
278227796285857793
278227763431870464
278227729864876034
278227673191419904
277900852524625920
277846409020055552
277824203519041536
277730836466511872
277149684110331904
277144891681828864
277126767595122688
277099478622814208
277094140464996353
277074493007093760
277070373516869633
277035305045999616
277031706584809473
277008395385597954
277005004542468096
276966889568206848
276964303033204736
276955514196328448
276827579984535552
276827154900209664
276819756982616064
276819495039946752
276818618673676288
276818181060964352
276816655739412480
276816435576205312
276815943588515841
276815159706664960
276814993012424705
276814591839834112
276814221440847872
276812821482831874
276812747474362368
276812544298086401
276804415862763520
276804193422028803
276803912491745280
276802289954611200
276802125676306433
276801259900649472
276799111729147904
276773612768346113
276772901020110848
276772724704169984
276771216210137089
276770839217704960
276763684280340480
276453181561663488
276383844712734720
276383494110851072
276382704579260416
275691049752612864
275691010166751233
275690992290656256
275690973437247489
275690955686936576
275690939215933441
275690909859975169
275284133276684288
275281791135399936
275252474418458625
275251032022478849
275249048682893313
275247714776776704
275246872099180544
274661647371608064
274642063201538048
274589556253265920
274562180119158784
274556947301269504
274537926472368128
274534695864242176
274497927932674048
274494511474954240
274473352083673088
274468341748469760
274442162026971136
274435503657455618
274424636555546624
274418801582419968
274261041569988608
274260493038919680
274259769651503104
274259318373765120
274227402203357185
274222979800522752
274215217578266624
274214286425985024
274097837019639809
274096739684843521
273917080821178368
273916786477510656
273843019239788544
273810686658871296
273810217307893760
273809998935646208
273809697662976001
273807518617190400
273806509232779265
273804182782353408
273558002773159936
273557607057330176
273557196355280896
273556928062435328
273517568361373697
273483241573470209
273481579718930432
273480851386400768
273472200785416192
273469777572409344
273469343411630080
273468313189900288
273467893340045313
273343311186649088
273211992720953345
273211675665121282
273211446488363008
273211350036135937
273208847206842369
273208727325253633
273208527751901184
273207992902635520
273207550529400833
273154875121082368
273154805692780545
273154751464615936
273154626826694656
273154568584564736
273154447448875009
272761694655221761
272760506824155136
272760087574102016
272759713215684608
272753374183694336
272739603444805633
272739114418315266
272738809819570176
272732904059183104
272732665910792193
272723035264524290
272722521059635200
272721518390308864
272617854627610625
272617656090238976
271047859539935232
271046774276386816
271046539466637312
271045821456318464
271045722168782848
271045224170651649
271028380164562944
271028197636849664
271027545904922624
271027383405015040
271025432906842112
270617909250899968
270617817269825536
270617765117829121
270617681789599744
270617616933068801
270617535328690176
270617462943399937
270284392348401664
270268286862774272
270195250847424515
270189821237018624
270189388049289216
270189108612186112
270187382760951808
269751057045925888
269750689385828352
269749639224369153
269586502508503041
269586190817193984
269585132938211329
269584149457809408
269508365217038336
269505848508825602
269504425914142720
269365502810415104
269356496683417600
269356301866369024
269355174663974912
269353666669076480
269022719658577921
269022321128378368
269016500898234368
268995992513306625
268995738854359040
268995633581535233
268994909053255680
268994740781993984
268993992929210368
268993735084367872
268992868402733057
268992534133489664
268989405308547072
268753850138230784
268753151136505856
268752569357197312
268752424481742848
268752297830539264
268751831826575361
268749887171084288
268749077850755072
268641287698264066
268640602386743296
268639660836798464
268492323636269057
268492168618971136
268490392767455232
268489081548308480
268488814656372736
268488185649176576
268487993873010689
268487655669518336
268487349648912385
268486955707289600
268486221674725378
268485955931996161
268485277796950016
268485181382467584
268484907939004416
268484739005046785
268484017366654977
268483056313176064
268482870375481344
268284766565064704
268284546083086336
268081044597665793
268080996895830017
268080944597065729
268080890754781184
268080828905574400
268080788736712704
268080744390348800
267683436284764161
267614804481556481
267585466340089858
267585078899646464
267581888720433152
267267663489798144
267266806631256064
267266517362675713
267014749697503232
267013676844859392
266865471582785536
266656989189402624
266655648505294849
266654431507001346
266653494914732033
266614653688365056
266611647924297728
266611333322129408
266610526103158784
266604577850277888
265752474579771392
265752359668424706
265738410877124608
265736773496340480
265586258103914496
265585956134989826
265583122962329600
265582595830607872
265580674025680898
265544287121461248
265544183048175616
265544145907638272
265544102010032128
265544062982057984
265544024411238400
265105801125969920
265104108644605952
265102841666998273
265102443409457153
265101562630791169
265101253351206912
265099974075887616
265099269990645760
265098594346995715
265097156011126786
265096948103659521
264813207615590400
264812901066473472
264812616503939072
264812294142316544
264649161809465344
264643960398565376
264492335625302017
264489275914072065
264488851542781952
264488279267737600
264483585891917824
264482543116623872
264478389530923008
264478154482139137
264477904073809920
264476218328494080
264476075726364673
264475651652870144
264475414976671744
264475176379494400
264474282653016064
264473982655414272
264473655390662656
264473564709797891
264373274308395008
264371766804246529
264371239399866368
264368547021598721
264367467407765505
263007465313009664
263007440856047617
263007415849607168
263007389664555008
263007365975126017
263007339160948736
263007313378541568
262596482216128512
262596023606718464
262592559757537282
262588837706989568
262588100272857089
262582699305365504
262580494439419905
262580208585019393
262500609276665858
262499367498424320
262496072503529472
262494541834240001
262110607954812928
262109199302025216
262108749588733953
261627241576927234
261625205200416768
261624983959252992
261624215176896512
261406762702344192
261405998139461632
261405677430378496
261395489864445952
261391681977462784
261391044300656640
261390578535780352
261390320804167681
261032351923056640
261032021520957440
261031230001266688
261007972338122752
260833967962460160
260833508002512896
260490832052895749
260455728542806018
260455679721091073
260455648863596544
260455616986898433
260455587597389825
260455563975065600
260455518445916161
260370565267861504
260370374737399809
260289609903271937
260289465933787136
260073439732314112
260027092014604288
260024250537213952
259994526037442560
259993186804588545
259992721178128385
259988145272143873
258683693038714880
258633392566984704
258633165831278592
258632716621332481
258632465957134336
258631799868104704
258497662993719296
258495928510590976
258329777700749312
258329739666812928
258328866920226816
258328490573713411
258327901085253632
258324186743836672
258323779514662913
258323206384013312
258321618533769217
258320276410994688
258319840664764416
258317151281229825
257918942146879488
257918919103369216
257918892205285376
257918871535775744
257918847510798337
257918824450506752
257918785393152002
257473723425230848
257473533280657410
257473096309698564
257070546645307392
257070336015732736
257069842723655680
257068495521603584
257066887110864897
257061441859878913
257060970067795968
257060432718737409
257060178074157056
257059863899828225
257059551034081280
255572972637655040
255382420830953474
255382395170201600
255382374525841408
255382341541826560
255382304095092736
255382247245484032
255382195865276417
255211867033698304
255211121743630338
255037217519570944
255036897594839040
255035884158726146
254998751872172032
254998210681139200
254907706077491202
254888667129184256
254887514203095040
254886729897607171
254886494685245441
254885410247946240
254518143416930304
254517587709399040
254517347346427905
254516464000851968
254336638258401280
254326559408803840
254326287869562880
254319390512783361
254300726107459584
254300301245419520
254181989152874496
254147881202753536
253502230592888833
253387244700827648
253386839036153856
253386447309119488
252845665523220480
252845637400424448
252845581574209536
252845533859819520
252845478507606016
252845436623269889
252845402238377984
252839495077089280
252838861426786306
252549520536244227
252543978795323392
252540878789414912
252539457000050688
252436855411322881
252435163097743360
252406134076473344
252405670547173377
252401777276760064
252401568517869568
252400899027263489
252056515421290496
252056128870039552
252055955133562880
251973108725063681
251971854175174656
251970970879946752
251970274684194816
251969753890058240
251297133767045120
251294753621147649
251294288409931776
251078047699202048
251077538695245825
250697155176701952
250690638939553793
250606046303891458
250597989482131456
250597752319393792
250560681148026880
250560213306966016
250560138115698688
250559862428291072
250559362114940928
250558663180300289
250346923133915136
250346552537792512
250345199308533760
250339907288051712
250339768557248512
250339143496892416
250338541098397697
250338276014161921
250337875621711872
250335417369501696
250334058012368898
250333698833141761
250333582290202624
250333510886375424
250333329310765056
250332462381686785
250332171015950336
250329945312747520
250328644088643584
250326871357677569
250326444448829440
250325427644665856
250308842603298816
250308804699381761
250308762177527808
250308710172340225
250308688563294208
250308661140922370
250308630560251905
250266495299489793
250266324725547009
250266286263762946
250266021024387072
250265880896884737
250265686222446592
250264458004426753
250264370670620674
250146319514087424
250146016718880769
250143892215836673
250142326146596864
250141502586646528
250139825443844096
250139747400433664
249938316378656769
249925066794627072
249865219025817601
249840194885414912
249839218212347904
249838848178282496
249838142096564226
249760210128879616
249760084597538817
249642816454668288
249642450900094977
249423163568574464
249422261633835008
249421991499665408
248922045419761664
248698538513530881
248698086749241344
248697759102795776
248697003935158272
248694902983127041
248693701554098176
248560744835211264
248374721303941120
248319209191395328
248318827262275584
248318646252871680
248318076892872704
248317542022668289
248317327781797888
248317230452989952
248311166475071488
248310251290521600
248309092630798336
248149863039123456
248149687478128640
248148837322072065
248148378377129984
248147264567132160
248147031766495233
248146787767054336
248145850092634112
248144509127491584
248144263970430976
247946044086824960
247945386310901761
247822200768438272
247812674426126336
247772187468120064
247772018630594561
247771950418649088
247771892335910912
247771819774459905
247771717890629633
247771568493711362
247453944207515648
247453763005198338
247451556016975872
247450290507370496
247449912151793664
247443699410280448
247439114260074498
247438940884303872
247438263147704320
247437954396614656
247434511372128256
247431571714482176
247430826432806912
247429803823755264
247412990213767168
247410483089518592
247400010533175296
247356294841901057
247356149324722176
247355447672188929
247355247872331776
247354485570166784
247354227347832834
247354054391500800
247353219225907201
247351890382311425
247350824647421953
247350403946135552
247349650607202305
247349019712557056
247348900216848384
247347895609724928
247347210646335488
247227651478151168
247226978955046912
247225292530257920
247225021217521664
247224788148424704
247224657260998656
247112410119413760
247111638124224512
246914394783621120
246914049655312386
246712971051544577
246712153602654208
246711696964595712
246709718372978689
246709409919692800
246705739974995968
246704747413897216
246704664987447297
246290636012150785
246288833505808385
246288289336791041
246287192551481344
246286949218910208
246286488600449024
246286299236028416
246179360426561536
246177959289954304
246177768289746944
246176449533460480
246175944820264961
246172921662418944
246172337764958208
246126511055335424
245235362824343553
245235343249506304
245235324383535104
245235298202681344
245235279877795840
245235255005548544
245235212563398658
244907387683758081
244904391180693504
244904057725124608
244903514357252098
244901482628014080
244900755792883712
244899948997529600
244897803980136448
244897699286106114
244897100830232576
244896835263680512
244896699926056962
244895411016454144
244894911462264834
244894419315216385
244887433475416064
244863165224058880
244862623642963969
244826855117574144
244826637743566848
244826280581816320
244817989277474817
244697316353769472
244696619168178176
244696281614798848
244374157742194688
244372967805558784
244368200689664002
244197282671624193
244196904592891906
244195941895258112
244194051744731136
244193250435547136
244191709620228096
244191386553954304
243813567273500672
243810762659885056
243809869537345537
243809199128203265
243808621555744768
243808493797249026
243790137711013888
243774353743941632
243773957847801856
243773642117349376
243505882929963010
243500901917134848
243500302353977344
243500019049717761
243499574721933312
243498988077203457
243498376413474816
243498181411876864
242916923610906624
242915776791736320
242915385182146561
242914719466389504
242886522037219328
242886193581268992
242885611671941121
242875726683062272
242698766954659840
242698707953385472
242698667897794560
242698630249734144
242698588612866048
242698549295476736
242698504605143040
242407519304167424
242376267079491585
242375594887766017
242322496039305217
242292505717133312
242292296693997569
242219590954934272
242219268819791872
242219164079620096
242203330426839040
242202062304210944
241470954910384128
241468863387152384
241466627282067456
241461846652092417
241460667499020288
241459923370790912
241458560054210560
241456586567061504
241455467870711809
241454805812396032
241454297764749312
241453731185557504
241453077289390080
240216220513738753
240215839343792130
240162069318598656
240162011571433472
240161964133871616
240161922253742080
240161881367666689
240161837784653824
240161792259653633
240159398138355712
240159136963256320
240155548971065345
240154100451389440
240153646216642561
240153118258634752
239747395234185216
239742816618704897
239734895612678144
239734285735694337
239488148848123904
239380888213921792
239303310199377920
239302630646628353
239302438690095104
239299712749019136
239298707294654465
239298044946968576
239297054092963841
239296655789289472
239294871796609024
239292419408015360
239292029820088320
239291369842176000
239291166649114624
239290331227623424
239289726467706880
239289010323857408
238783701113270272
238783156180901889
237625270734057472
237625235623510016
237625208440225792
237625175464624129
237625142723899393
237625109651800064
237625053242597376
237545873465303042
237527386147680256
237503261949689856
237502980188958720
237502113796739072
237209899191373824
237207208742490112
237194869267914752
237193425760423937
237190330578001920
237189761566134272
236956944030629888
236927345418711040
236927171518685185
236889162681290752
236888734279286784
236887905480609793
236882068607483904
236880320920686592
235088676156235778
235088634355806208
235088567200804864
235088524813148161
235088467523149824
235088438506975233
235088362426478592
234918147243790337
234706004078637056
234670158243844097
234624456176332800
234624144522768385
234607012506370048
234606845711503360
234606762060304384
234606319812894721
233291148771356673
233286815623303169
233282230804430848
233277921350012928
233266122181443585
233255845473964032
233254834298572800
233253756492447744
233169910409347072
233169791291117568
233169554300354560
233140511681163265
233139744366792705
233139690721669120
233120221039316992
232551979832971264
232551934601592832
232551884924272640
232551831027470336
232551775843012608
232551707320664065
232551662533869568
232113454641733632
232067409568210944
232053113262047232
232052323734667264
232051776986173441
232051332482224128
232050859389882370
232050039718047744
231738466772340737
231524864178135042
231505019747328000
231503471625527296
231483595498344449
231483068144300033
231482832676065280
231482620775628801
231481887045079040
231469515551145984
231323657845215232
231321280048160768
230811447117103104
230811117113470976
230810462265176064
230809887133806592
230809476498857984
230809170495021057
230443046477651968
230442281478545410
230442154768621568
230426588225880064
230425464592793601
230423998016679936
230237427959201792
230236890748551168
230233286553767936
230229321535598592
230228358779240449
230016294861283328
230015688264269825
230015509473673216
230015324207063040
230015260797591552
230015102991089665
230014966776881153
229705644805074944
229704488754221056
229704027582103552
229703971512655872
229629115760783360
229595171958947841
229584006818181120
229559648741621760
229496823872634880
229494201925124096
229494077962477568
229158480806825985
228995186640969728
227478400451870721
227478367346241536
227478335528255489
227478279798521856
227478254557220865
227478209506209792
227102646408982528
227053432966610945
227037923894235136
227036686587146240
227035119481913345
226968750165991424
226964639127314433
224941665314545664
224941638114488320
224941610952179712
224941582384762880
224941542555664385
224941512146956288
224941469419581441
224569476497162241
224533660706152452
224512407857401856
224511372048875520
224510931529506816
224084164297756672
224083802312540160
224083110059454464
224082239955275776
224081197142257664
224080864823345152
224080639069130752
224054930649001984
224054626650042368
224054278644436992
224053159654461440
224051086028316672
224050392449822720
223341678348599296
223339418554073088
223338988323340288
223338692440371201
223337940510720002
223337472933892096
223337117097525249
223325839444549632
223320314443083776
223318967320715264
223318380898287616
223317828558786560
223173709681266688
223173509306781696
223173159283736576
223172771251888129
223172712741355522
223172522751967233
223172329658777600
223170823782006784
223169517122109440
223169385689395200
223169087352733696
223168536246370304
223040137565712384
223038443452776448
222959262333280256
222950204071092224
222948759984803840
222941779459190784
222939685993988097
222939382615773184
222820085474131970
222814132859174912
222814054878679041
222813596625805312
222812991144476673
222812650306932736
222795276635738114
222794460478713856
222794150569971714
222791837763641344
222791797720612867
222708701302239232
222708149084364803
222707713765937152
222707212903137282
222704895478865922
222464634219790336
222464430926086144
222462569141649408
222460793973776385
222460291626172418
222459229339009026
222458223347773443
222457744597336066
222457134477082624
222456113885487104
222456038660644865
222454587284660224
222405001056751616
222404964276912128
222404923852210176
222404872899801090
222404816280891392
222404779320684544
222404708097200129
222223476927377408
222012314755403776
221989568273072129
221989294322106368
221973552830750721
221972905142132736
221893360087072768
221891560118292480
221891381231230976
221492039144050689
221372677057810432
221372044837781506
221371771742466051
221371122116067328
221370611681853443
221137831198855168
221136372826771457
221135357016686594
221134898394693634
221134692261437440
221133413497843712
221133138829647872
221132891298594816
220777396654178304
220775875501764609
220775618957148161
220773857982820352
220431401839886337
220430415855497216
220267474032148483
220267101338873859
220085132822970369
220084895517642752
220053774083964928
219932735542796289
219930015477927938
219929734870597633
219929373808136193
219928932529618944
219928600583995395
219927118249852928
219868205332701184
219868188492578817
219868167500075012
219868146402725888
219868128119767040
219868109266370560
219868071811227648
219558395437531137
219530418448384003
219512991446601729
219511935236980737
219496401653084160
219452367203082240
219450313680228352
219449292321067008
219407561726771201
219402414866964480
219401026954993664
219367077146918912
219366463407013888
219360258089422848
219326064755867648
219325623934533632
219325225404342274
219324161514938368
219192177476116480
219192052087406592
219191391832653824
219190539789152256
219187449648259072
219185572126801920
219184566227841025
219184180377030656
219183749391323136
219183450211622914
219182773238378496
219182523475955712
219182191203205120
219180737163833344
219180577092403200
219179818544144384
219179290049265664
219178203984572416
219177422594125824
219177096835104768
219176593745125378
219175562411909121
218984936336658432
218815521422983168
218814908299612160
218814597363277824
218117858511683585
218117140929187840
218099304995364866
217878554979991552
217874382389903360
217515404371824640
217504590399156224
217331499685519360
217331480584663040
217331459151769600
217331437622394881
217331417217118208
217331397298356225
217331370077323264
217213729383776256
217212951319412736
217000922117701635
216999800934109184
216995103884066817
216945571204837376
216900521724870656
216813100672880640
216811401530970112
216810823119675393
216339126537031681
216338599703101440
216338036244480000
216156557472313344
216126512775184384
216115839022268416
216114233539166208
214794835520000000
214794815408312321
214794798899531776
214794778481668096
214794760437772288
214794739701121024
214794709405671424
214402761222135810
214277840596770818
214276762081820672
214273575635521536
214273234185621504
214272431949488128
213891611938136064
213890871828037632
213889236707971072
213889005593436161
213411161876611072
213334649999601664
213332386795094017
213280751809077248
213251478071160832
213250224863457281
213249563195228161
213232968444035072
213216764119621633
213216433495220224
213215434168733696
213215142572331008
213215002159628288
213213878438465536
213213490284994560
213212371387297792
213207496565850112
213207196249493504
213207104771735552
213206955722940416
213206500158607361
213206202472079363
213167827027369984
213166899998097408
213166698092699648
213165762129567744
213164041856757760
213161729734094848
213032977276473344
213031324003467265
213026778149687297
212498701359390720
212482803923812353
212465970558681089
212465873389236224
212464305713586176
212462450384183298
212439429128790016
212439085451718657
212258104866377729
212258073283268609
212258047228260353
212258015091494913
212257976155770880
212257955586912256
212257926063194113
212097259410694145
212096716948783104
212093829715722241
211931638383394816
211922456724779008
211910836430708736
211885541753491456
211876898706432000
211839371907829763
211777490019028992
211775525755166720
211536601644408832
211535554800664577
211494347735187460
211203108192272384
211011436690944000
211011111993090049
211010914198093824
211007123323224065
211006683974074368
211006003850911744
211004528030527488
211004064249552897
211003361875591168
211002819896029185
211000156231966720
210404281231216641
210316827069399041
209979218434600961
209978546578395137
209950278114488321
209948540955410432
209948141900935168
209945592984637440
209942987583655937
209941954883096576
209791477176479744
209767888272375808
209766696276328448
209743617328300032
209743119816736768
209742235342876673
209721444161159170
209721413748277249
209721385973596160
209721339240660992
209721305052889089
209721268449181696
209721199247372288
209344390773215232
209307778186092545
209297527231610880
209296509810909184
209295706236780544
209239129731510273
209212859601788928
209212836696690688
209210084247601153
209208752686104577
209083978949459968
209083450748182528
208912039610036225
208904674789703680
208904646079684609
208904283305947136
208863178979942401
208861449739706369
208860989825880065
208332429881114626
208332077014319106
208331943526400000
208318069204983809
208317192104714240
208237321441656835
208236916418682880
208134193157390336
208133624212623360
208133413918621696
208106497169821697
207955975297183745
207953797090250752
207944509923930112
207944370316513280
207939218402586624
207938745570304000
207934499890282497
207933351313686528
207912111727325184
207911870877806592
207911669454745600
207907287774396417
207780274728222720
207726372049784832
207721246740316160
207581555428831232
207580243656060928
207578786332553216
207406611659108352
207204611419934721
207203590606041088
207203069698646016
207184775205756929
207184741710041088
207184715915071490
207184691080605697
207184661728866304
207184622163992578
207184581307281409
206759745917435905
206758543007825920
206754358606561281
206476835406618626
206438717529931776
206438306051928065
206437310705840129
205642513145532417
205642394476097537
205642339455213569
205601811644678144
205601724730318848
205600702414860288
205576086443130880
205553046288211968
205551991718543360
205551054476165121
205542401828323329
205542298396790784
205541901192003584
205403231902375936
205402779601211393
205390628702523392
205390383025364992
205389482260832256
205387601585242112
205387440091959298
205351444583432192
205349828476145665
205346849538842626
205345823498838017
205329793250635777
205326342416379904
205325181303005184
205266682577567744
205237541211869184
205237305785597952
205234666792423424
205234186603343874
205229636492345344
205226183598678016
205224934417502208
205222721087475712
205222219687788545
205221407259508736
205199534584893440
205198573665656832
205196962679631872
205196086481133568
205193718792339456
205056887580934144
205056509988708353
205020709666291713
204870580359544833
204835557258440704
204828317822627841
204825340344930304
204824914992185344
204824216678318080
204824037514424320
204690389142220801
204689425102422017
204685944635404288
204682813616824320
204682515506667520
204680726552117248
204679910374121472
204679101766836226
204678174615932929
204677746545262592
204676071780646912
204647984833630208
204647904592404480
204647888683409409
204647871591628801
204647845796642816
204647786749239296
204647759914090496
204264204591579138
204229888624963584
204217380660973568
204209451459280896
204206307169939456
204205692331110401
204109234860859392
204108379461914624
203965963455049728
203961270725115906
203961013740118018
203960686806695936
203960070940266496
203959434504966145
203958937890996224
203958357378334720
203958013885808640
203957559563001856
203957285310038016
203957118930391041
203956675898650626
203955316902211584
203955025309995010
203954593766440960
203954111316623360
203953456363483137
203952864815624192
203952217919717377
203949875916840960
203949513197629441
203949103896461313
203947718685634560
203947467736227840
203946978051227648
203946578875138048
203945610691358720
203945056716079104
203944763848790018
203944538711146496
203942801312985090
