398188509078368256
398188409560121344
398188393156202496
398188355185172480
398168112744239105
398154609333506048
398149916268044288
398148745226747904
398148266816049153
398147225416503297
398142236853948416
398132296248610816
397973904360099840
397899980364468224
397898809306398721
397884059428200448
397874106210607104
397840941907591168
397837441727361025
397835749694779392
397835366167621632
397834961136275457
397830368075595776
397827239732981760
397826822101938176
397823855701409792
397794930703101952
397794433057312768
397792955286573056
397790819433730048
397790571839766528
397789075228209152
397788779919835136
397784932983902208
397783774974316544
397778957375782912
397778619335843840
397776530970914816
397765608630009856
397763237430583296
397762953572655104
397762507021905920
397593703004393473
397534414332125184
397466499503230976
397461172003155969
397458345692377088
397455651028217856
397455498653343744
397454405605150720
397410555738062849
397409369987358720
397404988894244865
397404749181378563
397384562973491200
397375222619201536
397372409675661312
397369917126631424
397367540407496705
397367311532687360
397121572617474048
397065562976559104
397016740053266432
396808734107652096
396806237884387328
396429971305922560
396418026741841920
396392986428203008
396388019097182208
396368699398963200
396308775142825984
396293237377232896
396094666153525249
395964132429529088
395964039336968192
395955384457785344
395954878385647616
395954380559491072
395954365988487169
395944419800543232
395932812735295490
395811983024336896
395720754529980416
395668007248080896
395662936162574336
395653158577262592
395651576712278016
395650369000189952
395649924626259968
395648880286519296
395648236179841024
395647672201129985
395647322886901760
395645929824329728
395645761565622272
395645596393930752
395644962139676672
395644783709802496
395600454551220224
395599912164798464
395598362675646464
395345517342781440
395342639899226112
395342229289443328
395307943597334528
395305852443172864
395291950468694016
395291706368589824
395291531084439552
395289284875272192
395288288891650049
395249075693432832
395246858777272320
395225527541194752
395215236476592129
395207816350158848
395008096726044672
394981798196690944
394978741085937666
394960671445491712
394960489387540480
394960446714703872
394959700703195136
394957951502282752
394951682666143744
394950750087815168
394950293349089281
394949541562036224
394945812414750720
394945163178418178
394944660130390017
394943561780572160
394941414221426689
394940840977502209
394939119211520000
394937431989821441
394928103954186240
394924762142474240
394924277918490624
394918983989592064
394916353372459009
394916280550957056
394913595680518144
394902913727737856
394902687088513024
394902385031540736
394527506641874944
394488381570179072
393868019371220992
393866446813401088
393843180782624768
393842707279265792
393842552652050432
393842367628705792
393831134678630400
393820367275307008
393778294421598210
393772425634004994
393770686704910336
393768344836255745
393761608414932992
393754314818068480
393530739444031488
393471898710839296
393469021078556672
393460717237436416
393459370127659008
393450769040416768
393436913597566976
393436627365675008
393431620562063362
393430595163803648
393428944805834752
393133197380173824
393129821015793665
393127860027678720
393126420731285504
393126293924896770
393120244895473664
393109987578232832
393108334217146370
393095563475824641
393076864073211904
392813594045186048
392812674976739328
392810279848792064
392810201616617473
392810010196996096
392800280518991872
392798774386372608
392795579954102272
392786132032688128
392777737993068544
392770095639846912
392769429605335041
392767942619721728
392767859786395648
392765203609169920
392737263043358720
392736524158001152
392735899026743296
392735336557969408
392731916560240640
392716615881474048
392716096005894144
392715838421098496
392713838220435456
392709120899284992
392706455947603968
392702914604441600
392701180591095809
392700274755649536
392698954527166464
392698501563314176
392695436827312128
392695335740387328
392694776895516672
392687401081905152
392686228111253504
392685975383457792
392683140415631360
392399560347103232
392349282121953280
392349176454864896
392047394180706304
391960616463638528
391960283540750336
391959641854201856
391297210983280640
391296846225625088
391296751648247808
391292877600325632
391192875637043200
391192765750468608
390961954807771136
390961700184154113
390959505132900352
390958445588791296
390958335672868864
390954066336944129
390953926733742080
390953712211857408
390952569725399040
390951982879371264
390950959620173824
390948045644259328
390947316309323776
390945187863592960
390945067055058945
390931278452637696
390726836524564481
390614299804049408
390614291994255360
390554691559383040
390479438674022401
390348901800091648
390344267865931776
390282694589825024
390281123688763392
390277265826656256
390265242472562688
390259316013268992
390254074009903105
390252955187699712
390252588941074432
390238710152712193
390238385270300673
390228720952152064
390216238124658688
390216058398707712
390187634816856065
390167994170486784
390164833301041152
390163905361608704
390163849392828416
390163201649676288
390163068346310656
390160592771624960
390158348546355201
390157846525931520
390154108130177025
390152091592691712
390149301164204032
390149058611789824
390148973949775872
390145833854709761
390140207846006786
390127187887521792
390127165842280449
390123251164131329
390113723685154816
390113260252315649
390113032795209729
390112560277487616
389820046249193472
389819951558586368
389817667147661312
389816909291458560
389807225876664320
389802682275221504
389796464164995073
389784571136311296
389784308019257344
389778061584900096
389594382967398400
389580493366104064
389577371025559552
389435306706890754
389434300963102720
389432014035619840
389079100557492224
389070837157863424
389045319125577729
388787514938380289
388711726289408000
388695691565862912
388694662023622656
388693959112785921
388660612311445504
388660300263604224
388527936472489985
388474784771616768
388463313354362881
388414202458558464
388380167275421696
388359245080453120
388357504389754881
388107743975841792
388052886518652928
387989838961459200
387969592561111040
387969218873815040
387965200256622593
387816151838773248
387702939231342592
387700496804233216
387699975783608320
387618666235195392
387573063207747585
387390539454103553
387353593604739072
387339773095849984
387335692147101697
387315006104023042
387074591262126080
387074122829676544
386516951771906048
386516573475057664
386508252374380544
386312836307492864
386218922741362689
386199291746070528
386108326070583296
385901680497541120
385899424456511488
385892182403469312
385884367605624832
385879593179033600
385874981789245440
385874593623207936
385873827856523264
385873726010429440
385867653908537344
385867197668933632
385859953258663936
385779920678715392
385769680277106688
385432691593969664
385413610006396928
385413075178106880
385141245103702016
385141217962360832
385078631690563584
385078302139883520
385077459105751041
385070456039940096
385070319674748928
385069931177312258
385048681247821824
384787341434294273
384783236238286848
384741319240736768
384738938436349952
384736815300628481
384674608873353217
384673129626230786
384672911920869377
384484642067202048
383738689404166145
383736432117809152
383721472478310400
383720262564212736
383714838767095808
383713955270504449
383713867395653634
383713500570189824
383712957059702784
383663170503454720
383647568560795648
383640267732946944
383630024982548480
383466109103398912
383354857689579521
383352662072115200
383352573782003712
383315607275724800
383285656081821697
383282432796942336
383281891320664064
383271971623936000
383271522120372224
383271429107486720
383271273817575424
383270467437465600
383262716384641024
383262600785453056
383032502450794496
382989341208764417
382917005575090176
382895844136988672
382884354961059840
382747869746171904
382637213667692544
382636968896503810
382550353431912448
382549501124153344
382536550434615296
382536147798204417
382521937806635008
382521570826010624
382520896394502145
382519673096400896
382495504560422914
382495290499944448
382494964510232576
382494663187251200
382494490402881537
382494431389032449
382324236376752129
382252403070078976
382252130784256000
382252034189438976
382251487021129728
382232872712556544
382230501907382273
382230262039343104
382210384322502656
382196218425667585
382172686052372480
382168161497268224
382163763291357185
382154367459000323
382154018606157824
382151000976396290
382150901315543041
382143269636800512
381894116906266624
381890239863595008
381834122991136768
381833927804997633
381833663165390850
381833184498835456
381820598961197057
381677511672733696
381181446561357825
381181017404358656
381180746313904128
381180489127567360
381180409880391681
381180346751938560
381155807879892993
381145181937864704
381124652564639744
381114779789557760
381113248809902080
381112879677571072
381112200087101440
381111931081203712
381109585551319041
381104307799482368
381103348310503424
381083284685328384
381080320247726081
381078383221682177
381077368414023680
381076768938946561
381066381447266304
381065187337732096
381042884696211456
380905739868323841
380820121700167680
380817485932408832
380815180168314880
380811303662522369
380794862074753024
380794834912428032
380793080527323136
380789759867486208
380787772539142144
380781277617483776
380780871759839232
380751350318915586
380751241275375617
380751069686398976
380750565774729216
380749770840489984
380743268851781632
380737871910412288
380729612281450496
380728348990640128
380728200747155456
380722193032032256
380720771753967618
380720228461584385
380719734888472576
380682689986039808
380682477460672512
380458649233027072
380458466709483520
380458372031463424
380451998115434497
380451287017349120
380450727618818048
380449518400978944
380449118197268481
380364767891693568
380229120698773504
380220515102621696
380213109375250432
380121993481175040
380112771678863361
380110042722099200
380108915574202369
380105632080084992
380072003417292800
380047487584964608
380046977121013760
380042027242504192
380040299264761857
380037822033321984
380032522639265792
380027250206191616
380022626220920832
380020404137377792
380020083881287680
380019669853163520
380017857855102976
380015553076662273
379985569767370752
379985477589151746
379982992845713408
379981136501698560
379741573350969344
379717605579186176
379692409761718272
379332117936631808
378647396223557632
378642908296912897
378642640184422400
378616166219931648
378542355697000448
378533481141129216
378322707642716161
378316758832013312
378312098880557061
378308182734430208
378305712960851968
378303546103308290
378291332201996288
378282733656485888
378282607751872513
378281601479634945
378279797916307457
378279755490930688
378279741456781312
378272550150619139
378270132688023553
378267916426178560
378264377754804224
378227798369792001
378227674788802561
378227554189983744
378225937302552576
378223719417528320
378220943404838912
378215549915783168
378214939791331328
378213280830877697
378211951039361024
378211316512477185
378211026992259074
378209718969200641
378207650992750593
378205532193972224
378189717281325056
378189594094616578
378176051760750592
378175995179573248
378173280676347904
378166410758742016
378164362373910529
378159664862482432
378159359378726913
378157633242292226
378155075039789057
378153873304592385
378153764475006977
378151341941481472
378025605167460352
378022096665718784
377979357873987584
377970263377203202
377970201200820225
377970155185123329
377964504874618880
377963675807518720
377961302729060352
377946125170262016
377933887663775747
377926704620388352
377922741519003649
377922663521726465
377922207189827585
377922158426869760
377910161924694017
377909899768107008
377908331329101826
377908136990244864
377908074834821120
377907984418238464
377891039677517824
377887798839488513
377885292126294016
377872435296886784
377864377761677312
377864215098187776
377850508461215744
377835207836971008
377802138505576448
377801256485388288
377790449420730368
377787424589758464
377786595329736704
377661756694593536
377650645982928896
377650135355752448
377649585117593600
377648450336067584
377648259574931456
377641087977811968
377635542810128385
377635406398767104
377618944712278016
377617140167094273
377610923369709568
377610711066628096
377596397454774272
377592966053126145
377563647079223296
377554796191809536
377553655517302784
377553449493078017
377552169966108672
377542048246534144
377542003170373632
377540704823554048
377519898315857920
377518991041769472
377518860217225217
377518574610292736
377512322899902464
377511542943924224
377509905743495168
377508142227390464
377502228010921984
377501699805437953
377500163624808448
377499470721593344
377498772701339648
377497511864193025
377496647044829184
377496506900557824
377496140096102400
377495094112165888
377494029924958208
377493699682238464
377491471483408384
377490321606578176
377489906655694848
377489888876048384
377485762104528896
377483844108025856
377483298575896576
377482705308377088
377482317297483777
377481134067560448
377479439312900096
377478614704349184
377474490076110848
377473334163677185
377467105186045952
377467032906002433
377465716187742208
377463588752871424
377458745334169600
377217814496411648
377216280819806208
377193166752845824
377184542005551105
377159431525793792
377153057961680896
377151230050443264
377151105223782400
377139284525842432
377138100465442816
377136820812660736
377136717309804544
377135519005544449
377134357133021184
377098028588363778
377084184969220099
376763111572643840
376436781836541952
376371239012413440
376368241154605057
376224862336872448
376139745333506048
376127009052585984
376087330710253568
376087149092696064
376086741951578112
376040523263246336
375780104183361536
375756013590155265
375741143004110848
375668430781042688
375626352172351489
375618892170657792
375618648108322817
375617955498700800
375495117051658240
375435521889009665
375434221675769856
375431216440172544
375398749062717442
375395732808671232
375387747378147328
375387198507323392
375356593941905408
375343493394079744
375341002363371520
375334943225692160
375334428987228160
375334285479133185
375329862975631360
375329809749929984
375328958918578176
375318837278670848
375317565137899521
375316508311687168
375315687935209474
375311812885217280
375306179020201984
375305858776694784
375304849941749760
375303276851240960
375254357974851587
375125887768739840
375058857837727744
375035311262146560
375032184798605314
375030891719835648
375030702586068992
375022300178817024
375021560727207937
375019083546124288
375018706679513088
375017190014980096
375015113687711744
374976073903374336
374970165785800704
374966973307691008
374965236115062784
374964936792748032
374956295386050560
374953676810375168
374952155641167872
374952093259292672
374951770281103360
374950819239448576
374949142092460032
374947674304155648
374945097562861568
374938692386713600
374937406983516160
374937001000071168
374935446469365760
374935049331687426
374934878472511488
374934638931619840
374932726106689536
374932709480480769
374930709032357890
374930410708287488
374929762239524864
374929255404011520
374929049102987264
374928725562777600
374927464578838529
374925881950478336
374921437909241856
374921022215950338
374920777679634432
374894361558798336
374741372500049920
374741166333235200
374740317401919488
374577794233028609
374422914272989184
374361639438409728
374228292171472896
374228056808112128
373574729933676544
373560944955109376
373489264589148160
373481582369062913
373168744169603072
373160077378600960
373158020466737152
373156048896417792
373122481285898240
373111696404918272
372954680189407232
372938440611880960
372931500427055104
372930949199036416
372925366324568064
372897577458343936
372897143616315393
372894921801232384
372891602659708929
372801113122037760
372800688910528513
372758033002029056
372497068108943362
372488850133639168
372474527877328896
372472731087810560
372467544885428224
372447081857683456
372410505085726720
372404625384542208
372138899776094208
372130802563178496
372127236360376320
371754271894958080
371699509362839552
371424936906084352
371373273428533248
371315553568165888
371064988309266432
371057273700769792
371056504507346944
371056399452618753
371054828044029953
371054547759669249
371052711556296704
371052340242948096
371050105396158464
370968060435259392
370966293769252865
370927460218454018
370907071593455616
370906922037149696
370900615813005312
370693039104094208
370632731111071744
370631382310977536
370629841197871105
370628979075461120
370624473583468544
370624432827400195
370623443542089729
370615589611384832
370607368809099264
370584976208588801
370583905373401088
370582579306455040
370565396627070978
370564325057912833
370339082255073281
370337062907424769
370291934956638208
370240929975631872
370239773891256321
370201603954847745
369991268643786752
369949512602636289
369949294796611585
369944026037755904
369942862554624000
369915067011047424
369893084638638080
369892074205626369
369891647506501633
369884524231942144
369872230831751168
369822766372904960
369574630589079552
369565540857040896
369534051356405760
369501338557616129
369174215615725570
369019137030225920
368958029703561216
368520607572295680
368519707504037888
368517271536164865
368516885970554880
368516872469094401
368514813992779776
368512168569733121
368503976590712833
368498784872837120
368498537710907392
368497693204545536
368497185446313985
368495853746405376
368493474988822528
368493192963825664
368488006220394497
368484031492399104
368483817842950144
368483426677948417
368483352241639425
368480457005883392
368454261308260352
368449925379796992
368449556549488640
368429471595909120
368391964778962944
368384123011751937
368383319580221440
368375739680182272
368217275528015872
368217012859711488
368179336127328256
368140985856839680
368133170119454720
368092197343985664
368073826812190720
368038264470401025
368036383371186176
368033640564797440
368033184606203905
367694593229217792
367670194530816001
367661306389614592
367660732248104960
367658679790624769
367655913999437825
367655137881227265
367403000504938496
367378714532659200
367378702335627264
367359611705102338
367359143402676225
367343259267239937
367339144084598784
367078463187861504
367077907916525568
366932057017946113
366931203066036224
366918283057831938
366703757838389249
366694927016538113
366587432247902209
366585986022510593
366582816105963524
366569022315167744
366437167335092224
366002875853332480
365982285541019649
365981376853446656
365979981484003329
365941401025912832
365909357340274688
365894684247199744
365894000563064834
365527925321240576
365229959754690560
365228000456876032
365224194373459968
365224039070961664
365199897253150720
365155580052127746
365155549215592451
364924086817800194
364692340864061440
363936317388115968
363934602676957184
363405109495357440
363280108284428288
363275527672430592
362992191506886658
362990250940825600
362974992163545088
362974471977566209
362973099047661568
362972621522358272
362972472431226880
362596110063255552
362344958700687361
360216211818168320
360215144023851008
360128753155850241
360128662755999745
359849905424056321
359842273430749184
359838832843169793
359832448122634242
359828382269181952
359811421938266114
359811129624641537
359811038545330177
359804907391426561
359796726275637250
359796624467312643
359795819945279490
359795768154001410
359795744632352768
359795679750660096
359795435575058433
359794036225212417
359793729843892225
359791914150658049
359789569627009025
359786858114326529
359786344337256450
359785489978494976
359784534868361217
359784193842089986
359782543161176065
359776915789328384
359776846952398848
359775960230400002
359772798568251393
359772355674902528
359768958804566016
359732755791216640
359724640135946241
359714096410669057
359709043754938371
359552474048249856
359539321352622080
359506085654167553
359476374106406913
359459504204685313
359379420697473025
359368909092171776
359367116278857728
358639245210038272
358623786033094659
358623578519900160
358359643984498688
358351665432248320
358056195149406209
358037896416079874
358026786552033280
358024539202420736
358024325305073664
358024062708097024
358022062117363713
358012024363565056
357985413949960193
357982197917040640
357979261887447043
357978920760512515
357974372562112514
357972531828895744
357971870047408128
357968680941916160
357962081141653504
357951629812695041
357934062616330242
357928559353933826
357921716921577473
357921556514611202
357905846732206080
357897188791164929
357896406641557504
357891547397758977
357888900146012160
357881342240890880
357876078347419649
357873366901862402
357870968795967489
357865364421476354
357694119205801984
357614242922381313
357566794413785088
357566601228324864
357565242080894977
357564834486829057
357514954368229378
357511094446735361
357280795364298753
357021887777357824
356997757132742656
356877122985406465
356868347771625473
356863788491878400
356855425074855937
356854426784378881
356853397313433600
356842045685514240
356821021589909505
356812656390311936
356812524370395136
356811697278816258
356807238607847424
356805823177043969
356790736563347456
356785112215609344
356763307140579329
356651199426080768
356622769225609216
356622434482401283
356620975762182145
356535659151888384
356414688914976769
356211724120104960
356211612778110976
356199961391673345
356157026738511872
356127207892070402
355732329446117377
355550918680391680
355474577238921216
355474559509602305
355393044662595584
355392126609133570
355368985333731329
355202920419037185
355162362040426497
355144128440451072
355095391907229696
355085964542083073
355079545298227204
355069048918253568
355068706545598465
354999828868104194
354971209059926016
354953489320914945
354808621223247873
354808467460075520
354735339497205760
354674445488627712
354672665472147456
354665267441307649
354664825512656898
354661014870032385
354659103903199234
354658145701871617
354617056399859712
354408619569192960
353915723954925569
353692537787138048
353616065886040065
353545138494111744
353229806109859844
353197695134990337
353190159983968256
353189600501579777
353165632486899712
353162967862345728
353023414442799105
352959761790144512
352583739961913346
352583665395568641
352578190327296000
352575012571578370
352573848329273344
352563496434663424
352540340240138241
352539779491053571
352537635090219008
352500253464862720
352483091782176769
352480326301388800
352477912504614914
352474794274455553
352471963379314688
352470406776619008
352469955087826946
352443040083877892
352441276039311361
352440805585190913
352440086899589124
352221877638410240
352220114004881409
352209349369798657
352209056154386433
352208937342337025
352201958012104705
352198639491362816
352196355562811393
352142086579027969
352109434585092098
352109190552100867
352093942109585409
352080931579891713
351914471901503489
351904612363669505
351904196255162368
351904079259250688
351903416324333569
351903262267539456
351894396020592640
351892416267161600
351888011337805826
351873200306659328
351847811035303936
351844122241409024
351830601835360256
351815083833294848
351799793242218498
351796981733134337
351779344571580416
351777638815252481
351762372941189120
351158508634390529
350655995942420481
350648342298103810
350647967578980354
350617368025759745
350395100779646976
350395024594321408
350394315056488448
350394225134809088
350384858851319809
350383082911707136
350300406540275712
350291409263276034
350287548557438976
350081333919367169
350080444429119490
349946110271447040
349913532009152512
349912777747476481
349912166092115969
349911915255959553
349772229355114496
349701678238408704
349682753983356928
349645456369922048
349644309798191104
349642402992099330
349572472624005122
349565443633184769
349564885069344769
349564841851224064
349557424086188032
349553682297274368
349549165367394307
349549110665297923
349547567597629443
349547261962895361
349547215783591936
349546192910286849
349404677063974914
349340868110598144
349318194655264768
349309166260731904
349300949807935488
349293615052361728
349273379532062722
349273023066554368
349272797266182144
349260751292207105
349252174687113216
349250751131959297
349227554072301569
348560917279145984
348530494931087362
348222019239809024
348215374573088769
348213153181601793
348210931777544194
348210814831955970
348210491333677056
348158498099568642
348157985131991041
348125708746362881
348120914296184832
348115607780200449
348115430260482048
348109600672858114
348109384368406530
348109174581895169
347859698977996800
347858835114954752
347858198436388864
347844910935834624
347839901649215490
347839562292264961
347839282855165952
347838609811968000
347838295922860032
347837355283054593
347837213863714816
347835898169270272
347835049787396097
347830224718794754
347825529472294912
347824235890225152
347824208849539073
347806405643882496
347803752868216832
347783489313202178
347782866282872832
347778698981801984
347778569415581696
347778524607815681
347778404554256384
347777996955983872
347775369497157632
347775089560928256
347772561741987840
347772490375901184
347772342660911104
347768561575534592
347768358898393088
347768178572668931
347768039829299201
347767817774440449
347767504128593923
347767273722888193
347767023213891584
347766870528622593
347766730296262657
347766712445321216
347766630874505216
347766543171596288
347766455707774976
347766166338547713
347766113221877760
347766053188825089
347765766596210689
347765445824237568
347765096711323648
347764606355267584
347764150350520320
347763934192869376
347763826034356225
347763654613151744
347763276706361344
347762987538448384
347759935955804162
347754393514426368
347732281093402624
347470703890673665
347469500309970945
347467344697778176
347464124550230016
347451130114093056
347420551641436161
347419381946535936
347417338561306624
347415875550326784
347414977163968514
347414383632191488
347413739177402368
347406352278241280
347359246029033473
347349877174444032
347107273883131904
347059963048374272
346817988625838081
346747393427005440
346747222215491584
346745841626775552
346745753701584896
346743664887881728
346735645747732480
346731572164173824
346731499418157058
346724964646416384
346718726328041474
346713606290812928
345969974147432448
345688722035052544
345687464461103105
345687239214383104
345686973555568640
345686774749724672
345685830645465088
345682812592078848
345679502090850304
345667904932544512
345665014386016259
345665006798508032
345637329005850625
345632359623827456
345630584602771456
345629827933552640
345605021926322176
345343810286522369
345244115346259968
345244053585137664
345242611088519168
345239978919473152
345239884027531265
345237784040202240
345229540739653632
345020082042310656
344989194508173312
344970323877298177
344967210793586689
344898207236620288
344887187898265600
344884611937095680
344876029447393280
344874064747315200
344870415111426048
344845081020350464
344809887190106112
344686330510446592
344576589469728769
344565942908502016
344534723403583490
344534395060883456
344532214530326528
344531921738534913
344531901819789312
344524168013950976
344492949230477312
344489783936045058
344489702809800705
344286739537477633
344282252743684097
344278676508119040
344271391203393536
344270848787611648
344257289185792002
344255587774783488
344254722741526528
344253916092960768
344250393708093440
344246262096343041
344243551296688129
344242501118476288
344241889840603136
344241372167016448
344239286670983169
344237913636225025
344236751868534784
344234108362309634
344233040513486849
344230240706510849
344229230806179840
344225419828019201
344225060682342400
344221878690381825
344206506209710082
344203353842147329
344201919792824321
344185839179407360
344185087337824256
344185085035155456
344184777089372161
344183723819954176
344183370466594818
344182260938981376
344180983614025728
344176743663407104
344176025711824897
344170463922098176
344169750055751681
344166510673149952
344166428984881154
344161009927340032
344158709867483138
344152690701500416
344151629114793985
344148692665769984
344148626823585792
344143252204687360
344130131046039552
344130008626888704
344127821720989697
344125314189901825
344124065855967232
344122883771101184
344121477374828545
344121249087238144
344089960627961856
343544907924926464
343430610544635904
343429088079384577
343423674075979776
343423660842954753
343422707733499904
343417308531814400
343117815227744256
343101803929419777
343101138540843008
343099047709659136
343075844140445696
343061959043846144
343058972519038977
343046002829299712
343028941499535362
342840524887162882
342839966163943424
342821516565696512
342818698526081024
342813323894599680
342811575826149377
342811462428925954
342811390601474048
342811313115901954
342804441977729024
342800935346663424
342800876320202752
342796088522178560
342782830641807360
342781711467286530
342777427791056896
342705083789758464
342649778259251200
342445022874042369
342435393246986243
342433479600005120
342432110772101122
342431994979966976
342430766795456513
342429219424464896
342423276368302080
342383648605102080
342382555418468352
342382043860189185
342299638289801216
342298584701599745
342298495119659008
341647405982314496
341647030319456257
341589907279601664
341589599342166016
341589422250287104
341364377758339074
341271078737428480
341266498591006722
341262875949674496
341261462255325184
341260169486934018
341107731421335552
340933573857136640
340907191303303168
340899427793371137
340872772144222208
340656393008840704
340529949146488834
340363333909749760
339886312247144448
339809566005018626
339807363110404096
339802519033237506
339798259235168257
339797315621634048
339796841707225088
339796102712799233
339795547764428800
339795529988964354
339760841907912704
339473090054586368
339264676745580544
339190541055045632
339175321473523712
339157417319346176
338771430336516096
338702146323234816
338701806869811200
338701648736178177
338496307184427008
338360691251630080
338339645693771776
338154904399011840
338059952314789888
338016736949436416
338016506573094912
338015879549841408
338015375595798529
337996344843177985
337968546824990720
337966905044377600
337587187812007937
337578000906326017
337573094447267841
337573056270721024
337433169135538176
337391804192268288
337375917640912896
337311552489267200
337279931996323843
337279861515223040
337279645009453056
337006602274099201
337005802076372992
337002331440832512
336993218736566272
336978675532718080
336978036320768000
336977112789557250
336974275024142338
336973250989023232
336972146775576578
336967046631923713
336965038512410624
336964799852318722
336964491088642048
336964285379014657
336964153128402946
336963366109200385
336962240659988482
336961938187747328
336961652299816960
336961103785517057
336960698607353856
336952218056003585
336951449995071488
336950600875003904
336948076432470016
336938390501089280
336931394808848384
336931106244927490
336904603675271168
336904494237499392
336904457520553984
336904216742330369
336903969400029184
336902892302774272
336902043719593984
336899559533985792
336877616655110145
336870164287070208
336869329180164096
336869149152272384
336868267316625408
336662570893197313
336649939620876288
336628297133854721
336627985035714562
336627690557816833
336627267511914497
336622751395766272
336622658705833986
336616299214012416
336614929882816514
336612236590215168
336606029569732608
336605873378050048
336604124558794753
336603830076719104
336603561381199872
336601408516259840
336601160280588288
336600955485306881
336600736496508929
336599007273033729
336598887387238401
336597815461572608
336597746658201601
336596846241804288
336596456003760128
336596286943948800
336594222385856512
336594144627671040
336556245303566336
336556005800427520
335830368483684352
335611285276352513
335499848717582336
335499352057475072
335499233379627008
335441445639028736
335434756080672768
335412288116899841
335412277530468353
335391875131383808
335386490756538369
335385825774809088
335176867214655489
335165224007110657
335131772352331776
335108825705246721
335058768008187905
334879078333181952
334877976787304451
334875828368326657
334802404841226241
334802120723267585
334798716366114816
334790556708380672
334773275278327809
334771874921848833
334751861385097217
334748532860932096
334744432354148352
334741918376398848
334732226472321026
334730728581505025
334730390168272896
334730323659202560
334730198685736960
334728082441248768
334728004049719296
334721636601307136
334720668253974529
334719808467763202
334719754059255808
334716506631974912
334716294618288128
334714666783739904
334713042304655361
334709552459182082
334705214093393920
334704692795936768
334704023456333824
334703658115690496
334702286158839808
334698532428738560
334698150910640128
334695314957152258
334694553120555009
334694189906399233
334691367496318977
334690961189896193
334686228836384769
334685492736049152
334684705758797825
334683528799322114
334677258629414913
334673867345899523
334562208900071424
334476323240177664
334474643601772544
334474135084363776
334473866971852801
334473566106050560
334472076649984000
334471726354268160
334470840550830080
334470514913456128
334469339996639232
334446690310451200
334439646572470272
334414659790704640
334382006689480705
334371443666206720
334369346119938048
334358081431543808
334346559854608387
334346279473790977
334344060527587330
334343263819538432
334342557465186306
334340270151843840
334327618365186048
334327450676908033
334327022346174464
334326740304396288
334326599858143232
334308228710141953
334181642971250688
334098930163929088
334094663713701888
334078792165380096
334046451636264961
334030169939525632
333813531835248640
332865659954417664
332646201591730178
332632515246452736
332624334801760256
332618780700192768
332588725458567170
332575597572268032
332559567110148096
332507789115133953
332507221638389760
331920286729515009
331919704375574529
330448145001615360
329403016828567554
329370588126773248
329368325794705409
329368236904808448
329367853402832897
329345649671827457
329331683415441409
329331378950901760
329325208903225347
329318447399960577
329309793523204097
329298045009289216
329285583664979969
329283806437715968
329282166083170305
329274316824920065
329267656391794688
329245888075677696
329245593295781888
329232876275109889
329226885072572416
329220418470821889
329005310394114049
329004909762596864
328991372126326784
328985589804326912
328974463284674561
328961653582487552
328959556828946432
328955253254914048
328933164569473025
328929911622471681
328916699074158592
328914893363359745
328909438243188736
328881803437932544
328751920934182913
328216113601196032
328207546940796928
328204915044397056
328044150383575041
327960964794314752
327960713727442944
327941870263099393
327920334055567361
327919504153780225
327912627042918400
327910864562814976
327906527182745601
327905717061287938
327905574819872768
327904294126878720
327898895587872769
327891122829537280
327553073553735681
327547508932886528
327529824312758272
327528801376534530
327526817781145601
327523160205438978
327521956733800450
327521644165873664
327513526841249793
327496604393279490
327462768573812736
327455217694162944
327454861895536643
327454646509654016
327449793599270912
327240046656765952
327192602707369985
327192542850457600
327192134488838144
327160659353677824
327152874574450689
327108358962294784
327081024284663808
327062848972918785
327062739296075776
327059286813450241
326952933608521728
326937579016552448
326846580881764355
326839055977431040
326837271749873664
326836882887557120
326835372774535169
326834275808854016
326833193116372993
326832906297282561
326830285935222784
326829424156745728
326827337062690816
326827058829328384
326824820824215552
326824555010220032
326824233734897664
326823963281985537
326823097015603200
326821987206979585
326821680708206593
326818471327449088
326818256956567552
326817492683063296
326816095178727424
326815160700399617
326814238821728258
326812366396342272
326805728360800256
326805522269483009
326805501541236736
326805392912969729
326804864619401216
326802765672235008
326802654225371136
326795746189918208
326790221620453376
326787901297922048
326783910153428994
326781083435819009
326774194115330048
326769653961596928
326769478400610304
326765818312552448
326765576800305154
326765152844263426
326747425719062530
326747390990233600
326743773273010176
326532222737842179
326475135676715008
326460010521559041
326452205227999234
326447519016026112
326406482889420801
326398946668851201
326395677989011456
326394632462278657
326394036212604928
326393869581303809
326382031170830337
326360220135727104
326344252571410434
326343230398529536
326177859444035584
325792887214309376
325722821768646656
325722581544079360
325716073582301184
325683298431025152
325682792270815233
325682420185702400
325678966742597633
325678286539726851
325675584829145089
325443363040018432
325429262607847424
325415722173992960
325321045043191809
325286460217499650
325285608043982848
325283720112259073
325275706181435392
325274331217285121
325025193904984064
325014530902089728
325001950208872448
325000116001968128
324997901250072576
324997807608049664
324996115843911682
324994599561093120
324993936026398720
324977903848787969
324976329210613760
324970349613703168
324968091085852672
324940590594809856
324931918334398464
324921710677745664
324904140402737153
324899907309813760
324878201518166016
324656334182170626
324600166931918849
324593629572251648
324593324092686338
324586873198608384
324566913818710016
324566369469358080
324565790588289026
324565677476306944
324554024554754049
324551926530314241
324551296604590080
324550673091944449
324549681638150145
324549595881406464
324548853401526274
324527048775303169
324211546383335424
323951253099016192
323879921946595329
323796140833251330
323663973704691712
323656837884936193
323643603295559681
323577365236183040
323559057396989954
323222712237572096
322925780940251137
322878278010544128
322848463828185089
322827029613518850
322826592789348352
322826183060377600
322825972514684928
322762925607645184
322751203496833024
322749731459702785
322749491864297473
322703199536549889
322579721177165824
322576262784753664
322575793366642688
322574344851173376
322573048274382848
322572870016438272
322503169999515648
322501430474838016
322493532621381632
322492146215157763
322491251054227457
322487422468386816
322486983748370432
322485369721483265
322438631870586880
322424800989552640
322396632605941760
322350104713515008
322163628948209664
322140855882362880
322131263106453504
322083445624934402
322083297998012417
322082397774561281
322078866741006337
322075904878718976
322075424135983104
322074819778723840
322071979081482242
322069221922193409
322068135001862144
322028446454775808
321705138551136256
321704803799531520
321699807179714560
321698114199236608
321698102971088896
321696560352198656
321685805636661249
321685532197396480
321651410921979904
321651267657138176
321651042859245569
321650777959579648
321650405916426240
321635157956239360
321634946282311682
321634792980500481
321634114560204802
321628827015053312
321450799043579904
321331018772672512
320991770613788672
320990062387027969
320987485217882112
320949330385199104
320789674471862272
320778222361006080
320660743982833664
320300672518090752
320261607382994944
320258762176868352
320256882575015936
320256813197041664
320256671811252224
320256529028743170
320256494056636416
320256441741111296
320256353358721024
320250091615178752
320248280099459072
320211076354539521
320210399809134592
320169974855516160
320169948800503808
320009195766288385
320008148180140033
319959431137857537
319947654366916609
319937821110571011
319937623185571840
319936685779591168
319936041291243520
319920204316540930
319919855870550017
319918919995494401
319918775501746176
319918232372912129
319901393353842688
319884876482502656
319883316717309952
319883028275015680
319880978287968258
319880707038121985
319880658057064449
319880519825375232
319879970182811649
319879858614312961
319879816352526336
319878643788685312
319878623999971330
319877504884170755
319877309878394880
319876636495466496
319874818566651904
319873666517188608
319873472690024448
319873232503181312
319871756393398272
319871569415503872
319871169425707009
319870810137452545
319870718013734912
319870608341082112
319870389037707265
319870268489228289
319869815789608961
319869770528854017
319869251576012800
319868766399913984
319868513965727744
319868009961357312
319867940726001665
319866620690448384
319866557247397888
319865971483496452
319865880395800577
319865589160095744
319865208967421952
319865110682275840
319864970554781696
319864465195671557
319863317692813312
319863239783624704
319863214076727296
319863089338146817
319862959818043394
319861487692828672
319861265025613825
319861156212781056
319861023853137920
319860810316906498
319860416043954176
319859767822655488
319859646837977089
319859140358963200
319858563222749185
319829175026454528
319823626952142849
319630364618399745
319625950788726785
319622194508472320
319567227483459584
319566340006502401
319565497064632322
319552305131319296
319536106691497984
319534949847941120
319532704582496256
319531658384662529
319525435350347776
319514997539618817
319510278876303360
319506334787698688
319479969862524929
319479479942647808
319466297530388480
319459365222481920
319459031670480896
319326838499442688
319265786407555072
319249299676467201
319247642024620032
319218030133522432
319217228350357505
319212894510264321
319212270506881024
319211819904421888
319211143056982016
319210530487296000
319208845777960963
319207913606479872
319206762664304640
319205673932050432
319202004129947649
319201184755896320
319199858114301953
319198192711397376
319197554707423232
319196690659807232
319196445204963329
319196412090908672
319196017255923712
319195834291982336
319195582927368192
319195376756342785
319195314819039233
319195044517142528
319193468184444928
319187523735805952
319154774043942912
319110611554406401
318827011600707584
318826749611880448
318824956509163520
318824729932886016
318823511781167105
318823485419974657
318771637996625921
318740657411870720
318589853749084161
318579704951099395
318535562262884353
318428069662707712
318427860656353282
318427138460106752
318378208020021249
318170299533242368
318095595409645568
318095527298342912
318095342409248768
318095226126360576
318033471442415617
317834259601707008
317815975695249408
317773435029843968
317769908651962368
317769076392988673
317768819005341696
317759434111717376
317694131038216193
317692935015649280
317635911443689474
317092296116031488
317092101055729665
317091341525991424
317076603182133249
317076014624813056
317026040054685696
317018390877335553
317009156131397632
317008728136249346
316986107780792320
316985227136348160
316972825950969857
316919800658030594
316917154240921600
316725296856444928
316715685210361856
316388174307930112
316361063673262080
316340715594588160
316319591938785280
316212019621683200
316211501922922496
316184879555571712
316184590060507137
316177319058345985
316175432552697856
316175364118425601
316175326684250112
316175232991895554
315736939552702464
315734741489963011
315561407460544512
315509351177662464
315272183054217217
315195426313744385
315162988678107138
315128783906684929
315113648156717059
314929726047264768
314887308035903488
314887280915533824
314886927679639552
314884947397726209
314883657280155649
314881655808610304
314880969561751552
314870576323891202
314858180276543489
314856879832592384
314856542124011521
314854006730129408
314821333357821953
314820634318340096
314818386876051456
314816989317197824
314790511556820993
314789140141068288
314783852851777538
314783759515910145
314783682521083905
314762576703676416
314618633210974209
314618443565502464
314600520117518337
314591963401822208
314579356091564032
314578504886927360
314577302640009216
314564605898801153
314564369197457408
314543520289521664
314542931736424450
314521855623065600
314520714734604288
314517729233231873
314515492494770176
314513873531179009
314511688462397441
314511164937732096
314507755341877248
314507538383126529
314507362335596544
314507149856350209
314502663716872194
314502458896433152
314501032304599040
314499722616389632
314499649996193792
314498936876445696
314498419450314753
314493451037196288
314487212949528576
314479717812142080
314476779089838082
314461377949470720
314412305322479617
314399448342069249
314387897568595971
314224687607599107
314211743213699072
314211436207431682
314211423163125762
314151962050457600
314139642536529920
314138386120204290
314136483575513088
314136191400296449
314135841247227906
314135574246219778
314134311186079745
314134040833822720
314133210168696833
314129790800109569
314129224648761345
314128623714045952
314122483999571968
314054138155646976
314035778726551554
314025998255529984
314017497575743489
314004860590751744
314004713723006976
313857596073328642
313852530473963520
313846244214722560
313809050137661440
313805758934437890
313805228401123329
313804207171969024
313803367430381569
313746726748037120
313706816620081152
313673685561131008
313667594425098241
313524083050553345
312995040848908290
312704935668101121
312699733619666944
312676207156162561
312676167574515714
312672934651101186
312623421219549184
312623110522302466
312599087755177984
312598411570462720
312581487297970176
312580376440741888
312580250196406272
312575527179407361
312571406250541058
312334808615362560
312315096363827200
312309790187585536
312277118052614145
312277075912441857
312276800585732097
312271297776349185
312231026070011906
311997353466929152
311995943333531648
311992235421995009
311991515637501952
311991402861047808
311990503908450304
311989712640438272
311988995745796096
311988716262551553
311988231321313280
311987832321368064
311987709738635264
311987429546541056
311985260118290434
311985214383611905
311985191117799424
311985127418888192
311984983575252992
311984225043746818
311983947485683712
311983710771761153
311983643776151552
311977801643335681
311962166163030016
311950193736171522
311927328139771904
311913254379192320
311911519782842369
311911463629488128
311903951521972225
311902778274480129
311892186184704000
311883092153491456
311877310317998081
311876714332557312
311641422904303617
311640476115681281
311639562369769474
311639346711252993
311639330399596544
311638501458313216
311636593356197888
311592035306061825
311558775758790658
311551531730227200
311509765203304448
311509507278794752
311508440734380034
311507693431046144
311507559997648896
311493902647582720
311216474763186176
311188233008607232
311187023757197312
311169333025988608
311163617187885057
311151287351775232
311142095316475905
311140394542960641
311135264640737280
310842427730694144
310842335833489408
310824682158960641
310819741373698048
310819343015501824
310817833040887808
310817436385546240
310817167006396417
310774254897610752
310541733740036096
310541617444581377
310538371791474688
310538190110994433
310530739986907136
310521757717127169
310521433396756480
310520717617819648
310508852640641025
310192942952349697
310187067005079552
310184547050479616
310181554326474752
310179261568917505
310178839902949377
310173812337565696
310119273114771457
310119046521708545
310115133869416448
310111225444958208
310105924763275264
310105486299111425
310096275687211009
310080402595385344
310069956052152320
310044130346692609
309849577157193728
309840561676886018
309839732756586496
309838965928779776
309838360460013568
309835005763407873
309834387409747970
309834000590053377
309833518396096513
309833416663240705
309827467512786945
309793975429107713
309781759774564352
309781183783378944
309775508403539969
309774228083834880
309768769637609472
309768085076856833
309703822836658176
309691263207235584
309516258792058880
309475429641773056
309475354064588800
309467349147344896
309419283602096129
309406863630405632
309406853647986688
309401478672576512
309370685984215040
309367934483062785
309367896478453761
309137329279356928
309091960239554560
309067613542174721
309066387932991489
309009690258464769
309008586485403648
309008272139108352
309007858282926080
309007040611758081
308996063811997698
308986791451570176
308985145438924800
308980298874511360
308979149916229632
308978107824619520
308798318589407232
308772694164381698
308771084415680512
308770555824308224
308770068114837504
308750699754291200
308750258215735296
308749344318836736
308745666761478144
308735817319317504
308735336584998912
308734052419137536
308733332810760192
308730671801720832
308727686392590336
308726049313812480
308725900936093696
308724005098106880
308717060760928256
308716216271396865
308710773755092992
308708347664805888
308707511454814209
308707400398032896
308707199646048256
308707110714212355
308698473514033152
308680042085490688
308679995230941184
308616192715804673
308603829979586560
308597801762320385
308595269002485762
307651574048636928
307580585323413504
307492198436462592
307295295794978816
307274113901289472
307257215746703360
307245335300947968
307243389051629568
307242733934899200
307241853714059264
307241043399688192
307240740327665664
307240535951822848
307240503961862146
307239859985211393
307228806731669504
307178175241273346
307173084618702848
307172567641387008
307170913445634048
307168557547024384
307167258994675712
307159868496830465
307159207990394880
307159193692041216
307158880033583104
306933821633343489
306847542459633664
306805397858160640
306639841553182720
306610908669562880
306583440306888705
306583384484892672
306582775169941505
306528992171798529
306503281860046848
306499834301542402
306498351489236992
306480386731548672
306468821047312385
306467612643180547
306465510676119555
306464460640493568
306464295137456129
306450621739962370
306241868545531905
306217453778763776
306201983260434432
306130303783669760
306129074357682176
306125599318110209
306124031814430720
305918340734541824
305879186369818626
305878377808658432
305823713255895041
305424560721911809
305372196207996928
305370403231105024
305206071344103424
305128591128158208
305104547989295104
305103465070338048
305100590097240064
305100464263925760
305099300587859968
305098808327544834
305098793903337472
305098605444861953
305098397612908544
305098234106372098
305098151717662722
305095036947808256
305081175083470849
305080514858065921
305076175175315456
305075470028914688
305072619223404544
305068241359867905
305066808182968320
305065460871876608
305063531659808768
305061797705170944
305061780965711872
305061367080161280
305061288667648000
305061031481339904
305058061280759808
305057124164194305
305055766891593728
305055041016979456
304761490395758593
304757256065540096
304752599683448833
304729320637726720
304687716057096192
304687250950737920
304687143119376384
304687130964271104
304677985015971841
304673728602718209
304672412950208514
304670925700358147
304670845853392896
304670607528841218
304669800121131008
304668571441704960
304668254750777344
304667641484828672
304667588498165761
304658457154437120
304655987351121920
304655825325142016
304655704113954816
304654036160884736
304653694987796481
304653511608647680
304653433506525186
304653317957627904
304653223879389184
304652990697074689
304652918215299073
304644256847495169
304644163968847872
304643730391040002
304630696750768129
304472556470140928
304469263396270080
304429864524591105
304412140339609602
304410129678348288
304406237154512896
304406145727098883
304406111216349184
304405261391642624
304400858219692032
304400433697406977
304400101038780416
304399225704292352
304397709547274240
304397443649384448
304397211494645760
304393812451663873
304391761407647745
304389945529860096
304389661177049088
304370602314174465
304370366413938688
304367334007652352
304366543049998337
304302808503570432
304302111963873280
304277954387664897
304094337770328064
304007732627910656
304005480253108224
303999527290028032
303988118137229313
303975339066007552
303971993844338688
303958605504323584
303957244301701120
303952884960223232
303949573150347264
303935196825260032
303933687622406144
303923085541777408
303922330088927232
303920902310076420
303919424178618368
303914142430003200
303908261495701504
303906459484291072
303887038262964224
303715669495652352
303714034891501570
303672272181415937
303666590124228608
303649422363983873
303624926953369600
303585879681798146
302950823565070337
302889388008947712
302873336902463488
302838932993892352
302838417484562432
302565566533742592
302564956333821952
302554184794906624
302543959819943937
302538958380883968
302538121474617344
302536134527946752
302535638480216066
302533480611475456
302523105228767232
302251262282444800
302232126445731840
302193324033462273
302127555400581121
302118752676347905
301856289900855296
301844953041104898
301841781652324352
301839921113612288
301830627886514177
301828253365186560
301827637767196672
301825451989540864
301805230344003585
301803260942090241
301803224078376963
301802443677765633
301801949827825664
301799352337301504
301791957854871553
301791778728726529
301782951513968640
301772043442081793
301771168724176896
301770414248579072
301769679201005568
301756945059172353
301568486218559488
301562503744339968
301558537157484544
301558315782139905
301525580875177985
301515175507402752
301513488742899712
301511294866030592
301504597636284416
301504482599129091
301503419292717056
301501550910652416
301499120105955328
301498678240227329
301489023027924994
301472841742815232
301458561303707648
301457373552320513
301457311283691520
301456693412368385
301453512112484353
301431840655421440
301430862828953602
301430309910614016
301429960701263873
301429421263437825
301422404436127744
301421516661342208
301421268962521088
301420885141778432
301405739354841089
301394204154806272
301393125790863361
301377115578843137
301372952950231040
301372754693877760
301372602050543618
301370789167513601
301365960051400705
301365689053233152
301364673490599937
301363932357083136
301363804116234240
301363122688630784
301362273824436224
301361431394254848
301360139431198720
301357917817434114
301348923644182529
301348015153745921
301185966561964033
301110737328275458
301110361652883457
301105700678025216
300851387678457857
300412879172169729
300045181456101376
300008528926633986
299925436371189762
299915405726736384
299749277830352896
299333847353524224
299311439309570049
299291505179385856
299286283740663808
299208234768687105
299207268229083137
299048466347352064
298984813237501952
298967147974107136
298964671074017280
298909124408778752
298865310486913024
298856901490401280
298846597763194880
298828308227960832
298826569986736129
298806728064110593
298802521550487553
298802340474019840
298795901378523136
298683979287126016
298679545320583168
298626135850364928
298584705022951425
298584451481489408
298584096626585600
298509046615527424
298508248942800896
298507544601694208
298504968607002625
298504700674842624
298459289939492864
298456644994596865
298312987591200769
298277311701200896
298277030364082176
298276949007142912
298272043667947521
298269686917902337
298261982803537920
298251557038866432
298250443681828864
298249898862735362
298249799608721409
298249387631591424
298249344166002689
298248113095860224
298247495887249408
298247019485593600
298246796155691009
298246417452003328
298246122294620162
298245850331754498
298245743725133824
298245687898955778
298245563101614080
298245326823890947
298243082837688321
298240021729771520
298223251136585729
298212224147783680
298187070545985536
298146114958417920
298144424112844801
298143815070519297
298087366856417280
297802425811755008
297601692860571648
297553521346232323
297552098927718401
297546872741064704
297529925869654016
297529144374349824
297524990310486017
297524782612762625
297517281607573504
297514579964096512
297513921840033792
297513717229293571
297513708710658048
297513617207746560
297512760839913472
297510865505251328
297508476958158849
297505662567587840
297481224572780545
297476601506041856
297476413290844160
297464415039676416
297464128434475008
297458467004887040
297440783269773312
297436604535017473
297433801687191553
297433655830257664
297430194833199106
297426372740120577
297425824326496260
297425610094047232
297425394401964033
297424873083506690
297215654442979329
297213431797383169
297198090472026112
297197358503034881
297192454443118593
297163461153132545
297155887473246208
297137862292410368
297137022076874752
297130605089550337
297128278727217152
297074893315514368
297063847402020864
297060474984493056
297059724510253056
297056509194539008
297043313960304640
297041986089779200
297030202272399360
297030006666829824
296867587336323072
296689218967724033
296677897811410944
296521046897594368
296520760418263041
296464200627281922
296463864114069505
296462705076871168
296461990455541760
296460539821977601
296460399744794624
296432534408003584
296413121571082240
296390810772058112
296389922317795328
296389764565856256
296384600815579136
296384410369003520
296384350948319233
296376906910154752
296376596384845825
296375739165593600
296373666747383809
296352834373431296
296339576048455680
296336031194685440
296335943986724866
296335686204813313
296327216248283136
296324495747211264
296323629396934658
296322491771678720
296279832331952128
296272522184388613
296272286766465024
296271256959995904
296271113661587457
296271041477627904
296270614895943680
296269842498072578
296269765318688768
296269752387649537
296269555263733761
296269397033639937
296265839848611841
296263052553248768
296100345510248448
296100092711145474
296058611132674048
296050729196609537
296032405351964672
296027272312406018
296026432411418627
296022494048051200
296018057845932032
296004070911668224
295983150696378369
295919275972120576
295742916276649985
295464965505183744
295421213193424896
295417692809220096
295342235518636032
294964208930525184
294960290347487233
294955300987994112
294949302579625985
294949128696365058
294947745658195968
294947624417628160
294942192546488320
294940076906012672
294938865066733569
294938232511143936
294938159211483137
294938031666892800
294931819881713664
294912627887460353
294909180534476801
294900305173291009
294894739801661440
294850526946922497
294849593764610048
294579526552387584
294560492352045056
294552722609426432
294552643118977024
294551006979698688
294539919492276226
294530879013933056
294530421377622017
294529296012300288
294478645022556162
294460790092726272
294458718488248320
294456535017472002
294274924279918593
294264995250847745
294264642698608641
294262288200908801
294256393328943105
294256194061733888
294255038161887232
294254482928332801
294253294853959683
294251187258150912
294250922178138115
294219143954198529
294216722523766785
294215730868662272
294214851071455232
294213944611049472
294213813232873474
294212389329567744
294211357182676992
294210511002820608
294210274284691456
294209884201828352
294208798346846209
294208539042398209
294207921707966465
294207026433769472
294206368880136192
294206036397662208
294205661066194945
294205296161738755
294204351226994690
294204093638012928
294203527998341120
294203309768712192
294202684116979713
294201845889527808
294201581149233152
294200754900705282
294200744477855744
294199624833572864
294198260116094976
294193022139252736
294190297250942976
294182371647950848
294182215519186946
294179528815833090
294177416740474880
294176991928799232
294176285012393984
294176012458151936
294175522320154624
294172013759709185
294169674277601282
294168689404678144
294151207998595072
294148552630878209
294147773203353600
294140457712246784
294140350170284033
294139495924776960
294138895023603713
294131234295136257
294130847685173249
294130294330634242
294128515304005632
294125750322356224
294125519975354369
294122191296012288
294121964543549441
294121926807416832
294121882628796416
294121712113565696
294119625766080513
294116976937275392
294102809320775680
293963531836071937
293949761420140544
293859430905286656
293858798995648512
293801221544886274
293795816827662336
293737012408754177
293725843627331584
293725604677816320
293725000366702592
293724746632290304
293472125266833408
293431124296867840
293430661124091905
293405176474259456
293404931984089088
293404699007262720
293404128078598145
293177705078333441
293066447071092736
292752085022306304
292738327667425280
292725671216693248
292725292663967745
292705287301902337
292676515290808320
292676357530464256
292522307262492672
292430138480680960
292388465709039618
292352808752132096
292352008021766144
292351960739368961
292346854912438272
292341910851448832
292334955349024768
292303905696645120
292303545905053697
292300737885650946
292287458824036352
292286855322423297
292286573800722432
292145883699630082
292115799320182784
292113404469075969
292102347818139648
292102122068127744
292101677534814209
292080404901527553
292080291797938176
292067952172355584
292067916189413376
292067457676505088
292067408573784064
292067126599098369
292066770498510849
