398000149927976960
397800548016979968
397759243421777920
397758818488442880
397720519627137024
397720350475038721
397717403993653248
397716968410988544
397713880916701185
397713721352790016
397712864498438144
397712330639036416
397711881806577664
397675284616318977
397469206377009152
397465594179903488
397360477333762049
397359354321444865
397027314384396289
397010337817698304
396942790602788864
396772793507147776
396766998795124736
396766263529459712
396708520751796224
396591649851457536
396556295580696576
396544821718171648
396544074716823552
396542795827380224
396447666965868544
396447556336910336
396446867510546432
396442439893778432
396441806541307904
396439828952133632
396439614770016256
396436371138543616
396344972787871744
395922729305522176
395921526051991552
395858271904346112
395857851643473920
395849784650502144
395849155899183105
395708313154760704
395707911021666304
395707400423895040
395706865088479233
395706780874842113
395705950809493505
395705651348770816
395705394481213440
395705213077565440
395704157266382849
395702530849525760
395702099926728704
395702015348600832
395701180900196352
395701001094565888
395700756520517632
395700566833102849
395700065383104512
395699817512316928
395699465228521472
395699239235244032
395698922431078400
395698836481404928
395698447023489024
395698146367401984
395697733748535296
395697511605604352
395697326368358400
395697161553190912
395696538174775296
395696387741872128
395696173031247873
395696044899438593
395695741005340674
395695535639646208
395695131195478016
395694820292710400
395694534694158337
395694421678649344
395694266103500800
395694055373279232
395693811126370304
395693631526293504
395693147398737920
395692867647045632
395692710884941824
395692462162710528
395692333720551424
395691995701579776
395691931633582080
395691670307471360
395691467034730497
395691171441156096
395690187058974720
395690038026969089
395576322920939520
395573926920597504
395183439525076992
395146267317116928
394958650244354048
394915230805139456
394755629601914880
394516844734074880
394129274573037568
393859400378888192
393857948952592385
393744098710290433
393360480833916928
393359928527958017
393359271599304704
393334358448549888
393333654086504448
393332923770097665
393332726470037504
393330726806224896
393327439247859712
393326443851423744
393326043249246209
393325357430243328
393189996624379904
392689618472017920
392653963981361152
392088758599708672
392081020096241664
391423718452232192
391421618968203264
391421219683069952
391420195253673985
391163515718746113
390841700161044480
390825182576664578
390752672414175232
390532041072459776
389930635797999616
389682097834962944
389660307993669632
389459583238156288
389452734455644160
389434929270243328
389394589356150784
389033753307516928
388459385502326784
388359945093009408
388337528580743168
388290389675098112
388240648052432896
388240016553828352
388019470326718464
387725391097790464
387723986832216064
387722307852324864
387721276275826689
387718339558395904
387716437202444288
387691328609746945
387669791957581824
387668714549936128
387635228577390592
387631449832456192
387628144473432064
387626516869570560
387588877390999552
387588670817333249
387575318690930688
387575302161190912
387566048159203328
387541811579060224
387279257753616384
387278658794455040
387261610429272064
387259885148438529
387251703512580096
387227604681756672
387142814771191808
387023292428996608
386996118317694977
386949235213881344
386948562514632704
386878978382114817
386878510432022528
386877105147228160
386844983447146496
386842517036998656
386842426310017024
386832644123545600
386832520496431106
386824483559849984
386612797494538240
386603414895214592
386280531622502400
386193250576777216
386081679040708608
386073664359116800
386065055139123201
385925392978427904
385923125621563392
385453201774116864
385432489256181760
385350305048981504
385344199677452288
385181081357787136
385010330641788928
385009680436563968
384979036336054272
384978787110494208
384977345519837184
384975707526688768
384808346231898112
384632076836016128
384631781385076736
384388212208463872
384386770118647808
384385596006756352
384213457144643584
383806938615914496
383734402913931264
383732245691105280
383633087382708224
383500149521412096
383497553566003200
383348903758016512
383230208729698304
383229577633738752
383188394278285312
383162537681752064
383135483850940416
383133890422263808
382998444904054784
382882398872272896
382868088862949376
382864202102083584
382861237454786561
382856373098127360
382829687128326145
382826430083514368
382826189699547138
382824981274431489
382822089524146176
382809331692888065
382809005770301441
382793759521378304
382793398702198784
382793060049887233
382792814595022848
382792126141980672
382791818733051904
382790439050309632
382789898354188288
382789447470686208
382787854436274176
382786330377203712
382784775905239040
382784118326456320
382763877219696640
382763263307808768
382625919799943168
382539245228802048
382538846996422656
382511704954777601
382403980212830208
382146242538528768
382135743126450177
382089495241560065
382088972681633792
382071582379999232
382071275545714689
382070213581107200
382039877044690944
382034556955922432
381693010121355264
381462035772768256
381331934309523457
381022875668729857
380425677247238145
380322016072454144
380314977447321601
380297159297339392
380291543451463681
380093057309224960
380004742794969088
380003536446054400
380002373172596738
380002271796269056
379994675240644608
379783833043755008
379783374342070272
379539210866155520
379509697398571008
378750840863219712
378690044988375040
378657190527000577
378546145292595200
378479219975540736
378309869469589504
378115549806338049
378115375289737216
378058791536705537
378058432491683840
378057927677865984
377957141673689088
377822820010827776
377462798432735232
377431405409878016
376860207336263680
376683938225221632
376302207458492416
375619469030088705
375260268282277888
374755057327013889
374685833355218945
374403748535099393
374351909437460480
374350440042725376
374312825369284608
374312234488328192
374284822035705856
374164420512849920
374164191470317568
374163974574440448
374163900687593474
374163678385303553
374161893507600384
373963670973194240
373961174674460672
373823769275404288
373823258677628928
373724396126363648
373672621360959488
373277354153361408
373093930218184704
373093079508455424
372738804492156929
372315971282677760
371558181576507392
371548823971045376
371507123466665984
371431554284675072
371431462647525376
371407711046365184
371407222590275584
371406490302558209
371403021172752384
371295285072248832
371277406981476352
371274393365643265
370824309167497216
370797454456655872
370768250117701632
370749987635732480
370749756340846592
370748976636506112
370748694221422593
370748427849576448
370748062806720512
370747093649862658
370743342948024320
370743097656741888
370742868018593792
370742761860771841
370742565730910208
370742146829012992
370741917538992128
370741449182019584
370741192238956544
370740299342954496
370740091620040705
370739897742540801
370739614287290370
370738554395054081
370738245505523713
370736670745698304
370736367241678848
370736141374197760
370735713018339328
370735401519951872
370735155595317248
370734979476496384
370733875040751616
370733567099162624
370710932051083265
370572499462782976
370461568019869696
370390375648616449
370085081345310720
370083098282573824
369707439714603008
369402639693258752
369341375617044481
369310395250384898
369305936742985728
369305697424396288
369300255646289920
369299775377534976
369299598054916096
369297157955678208
369065190790164480
369062207113277440
369061176027521025
369060851338076160
369059054284320769
369038194026639360
369023422518411264
368870459573420032
368791811503841280
368691206022103041
368642973304508416
368531978049429504
368531353706307584
368281636133036032
368262992657264640
368064337304244224
367968490621124608
367287326285635586
367198869404127232
367187391267610625
366530002608590849
366528043222712320
366156722231984128
366116173978402816
366114760237920257
366114541874065409
366108277689421825
366107954526683136
366107767666249728
366105146985431040
366104600052379648
366104338587860992
363589685697720320
363129907930333186
362966391256645633
362961478384496642
362920331125587968
361422011299409920
360990225087995905
360890128304054272
358918747479748608
358860276772257792
358859019202473986
358848340638699520
358797992062484480
358782440317255681
358777117707743232
358374472308363265
358368029156974592
357675551110074369
357375686605942784
357375502853480448
357375025533292545
357125628316749826
357123620780249088
357078936724832256
357077643490902016
357077448212492288
357076948805103617
357024525726138369
356908493745291265
356526550759387141
356267737766567936
355689011576188931
355214417744510976
354073867590963200
353985411124707328
353376343666339840
353053872236929024
352568059225051136
352391062519681025
352377158032834560
351683315079716864
351671600556425217
351331513398341633
351327749270552577
351266719983079424
350807193186091008
350413822886019072
350226470066601984
350226380916666369
349759424681885697
349541880968658946
349185691651022848
348998853187473408
348783656619343872
348333163329765376
348002716531974144
347834952064315395
347811878329806848
347452115658108928
347448612256632832
347373319667998721
347371860612222977
347131134380998657
347113734608666624
347113541406425089
347088043066404865
347086306528075776
347085978793562112
347081778995032064
347080366860955649
346766605704892416
346500993044844544
346500668116324352
346374714933014528
346368799202758656
346360796340695041
346360464424452097
346358695166353409
346358313459515393
346133348063789056
345934251629359107
345566102035775488
345565842978783238
345563987645186048
345209775841226752
344669584890155009
344669362063552512
344663616336838657
344479492242292736
344477437599563776
344475473436352512
344475312328957953
344474203594051585
344473249893187584
344472661541416960
344471949398900736
344470815577890817
344470269219467268
344469308098883584
344469196270358529
344468908113293312
344468579019788288
344467442266931201
344466764349980673
344465252995452928
344464964918075395
344463524237557760
344461035937357824
344457267380367360
344385123032113153
344300455985303553
344287116848689153
344275024749920256
344264719823163392
344263902101643264
344262725658095616
344110432727994368
344109860683665408
344109695545511937
344109357375582208
344108990277505024
344104790160207873
344101650782363650
344092323149381632
344079892398366720
344038701925560320
344030748371742720
344024359192641536
343968359328653312
343937463510765568
343931283098980353
343927256248377344
343900630634606592
343894434422878208
343891889281458176
343890619225239552
343882870739316737
343871341193224193
343870963672289280
343870868763598848
343870401002237952
343869448635162624
343868841400627200
343867464804880384
343861668159291393
343838259572535296
343771038884167681
343766579592437760
343752664066187264
343752554393530368
343752354090323968
343643174624960512
343594152593862657
343592568182943747
343567369450446848
343563313428455426
343562120656453634
343561894549925888
343404094259617793
343367987773964288
343159849279954945
343117153723113472
343015415506677760
343013550115155968
343012433356533761
343012297041645568
343011099723067392
342945426359595008
342921407522545664
342904400697757696
342836657227186177
342639528919580672
342636773454774272
342635872577007617
342632589355515904
342631944946860033
342626710434504704
342626461427048448
342618569726640131
342599769874657280
342599350679134208
342593404863148033
342591308961034240
342587933209010176
342587671652216832
342538540376276992
342525882616930304
342417349552521216
342243426433105920
341944319525146625
341898574767980544
341879635056934912
341859467635351552
341858432275599361
341820138615619585
341818404753264640
341808253816156160
341788435746529280
341788202195091457
341786429954859010
341785596471169024
341785023499862016
341754762364080128
341482628182048769
341378414554533888
341210354719784961
341156290711654402
341038170386886656
340858803761332224
340784238167207936
340747785001369600
340733535419760640
340409809855709185
340268194201755650
340025264450961409
340022687701295105
339670188263870464
339314642457333761
339295164747116545
339295046748749825
339284330734051328
339267619280535553
339026409731272704
338809728501153792
338793212909076480
338617542811729921
338538265562972161
338461358611902464
338118165177458688
338108962731859968
337961446224834561
337897305590095872
337892343317426176
337890761347575808
337890346749022208
337885466185572352
337879453080354816
337877421615370240
337824870119383040
337824348897423360
337823750844186625
337823181186416640
337822833558298624
337817609665912832
337817183407181824
337810589655117824
337797285884854272
337796026805153792
337524927441825792
337517479632982016
337470683091181568
337400347268100097
337397315658711040
335780927764566016
335774937480572928
335693802775904257
335459279039520768
335438627171614723
335438292004794368
335437170842140672
335436294643650560
335418423209242624
335417561120403457
335368959018819584
335360810794754048
335341617680642048
335341048219967489
335325533871144960
335160739906076672
335156746182086657
335153713238908929
335105625237377024
334840250000084994
334778899517042688
334464131543478272
334443671506272257
334160689713274880
334045699459129344
333478721925296130
333419213362454528
333358555308621825
333225105696108544
332888415886512128
332865594183524353
332725194185637888
332722820406722560
332585739047022592
332354508896210945
331994825563963392
331852204455653376
331781624666681344
331514150691958785
331451076840660994
331401818112409601
330677981280362497
330677559052341248
330677198962974720
330546544166182913
330459463200952321
330454210527256576
330372001216733184
330368562545954817
330367084515184641
330358232465940480
330172668118724609
330106633021706240
330049883719491584
330043074157895680
330027797609320449
330022486114717696
330014968449744896
330012756948434944
330012084127555585
330010208967487489
330008097802297344
330006768115662849
329876677989634048
329719551090630657
329716927326978048
329653288280662016
329448612612419584
329345384847646720
329343840827891712
329339284886786048
329333689232273408
329333459225026560
329320764148953089
329280699033075712
329228374230839299
328947895468453888
328775999200325633
328646961244803072
328519643633422338
328501736127995905
328410034235125760
328409672430272512
328110962152448002
328062573553541121
327908040500195328
327907238872236032
327792241189986304
327751037693882368
327423981877600256
327423803149922304
327418698358988801
327213257381265408
326993520042864640
326821922480480257
326310108508344321
326270184430108672
326099908107071490
326077210710667264
326030895251333120
326029361239166976
325681281516048385
325668064630812673
325662227900284929
325606009236234240
325580951738519552
325580698838769665
325374265660686336
325333871468097536
325252041268154370
325251316844744704
325251063529738240
325236253287133184
325184486688051200
325070410972545024
324959710254075904
324890630826389504
324890359660417024
324871689018155008
324551528503472128
324516604673142784
324515989293244417
324513166908354561
324511419439673346
324503947329040384
324279622533517313
324136140003241984
324113101295325185
323923131796451329
323779982616846336
323470894699773952
323038220797480960
323036243166363650
322738799056654337
321907811447631872
321883676705169408
321760081622482945
321669378473091072
321331848041078787
320956666734575616
320146658249805824
320146268368277504
320118845698342912
320118576759570432
320113578680135680
320113236802433024
320112660731535363
320079584857038848
320077770774437888
319947788433620992
319947730766147584
319944260382257152
319943648471052288
319852264649003009
319801241897152512
319786077055492097
319755761121103872
319755447957590016
319715201924616192
319546709782966273
319517654614425600
319513273538072576
319491906994315264
319489161960755200
319458474767577088
319426753493889025
319191668148551680
319072730949500929
319049252133273600
319035489749438464
319017963841798144
318794667959386112
318794202907549696
318778553657327617
318777786045173760
318777427637727232
318776585937375233
318759296949157888
318750608628805633
318748329926356992
318720320418770946
318719878792101888
318719132973559808
318669805760704512
318665864977195009
318646863043629057
318507458932920320
318506278425096192
318504605849899008
318503847452610560
318502880749428739
318502171668799490
318501380350410753
318499973253722112
318499429218910208
318498051620753409
318496979615363074
318495518412124161
318494292110876672
318494115400663040
318492931357040640
318491935872540672
318489476961820672
318488974765203456
318488782775148544
318486874501033987
318485566108876801
318485345723351040
318484568548188160
318483510115569664
318483199405719552
318482902004424707
318482356312875008
318482306522300416
318482169666355200
318481919329316864
318481682141433857
318480817196257280
318480350445703168
318480134166441986
318479852535697408
318479526931881984
318478844313100289
318478330531835905
318477911646691330
318477607513513984
318476885908656128
318475620805922818
318475150502797313
318474509231476736
318474252162576384
318472524985937920
318472243011276800
318471839917682688
318470840993845248
318469552583372801
318467803868958720
318466643929993217
318463880185647104
318462724386484224
318436355145359360
318427075579109376
318418120660369408
318417184235851776
318416366128484352
318411958460231680
318365769475948544
318305767457431552
318285283667873792
318282631080988672
317936661206020096
317919532322803712
317800389741264897
317800057715974145
317700908936994818
317692779100782593
317660719225131009
317660286972731393
317658729703157760
317641302651047936
317603626157756416
317518982288646144
317381527828832256
317312682208423937
317310801339887616
317277692020027393
317075881262714880
317075766884052992
317075371126300672
317074881151893504
317074819692769280
316949003738685440
316901662306480128
316898253515939840
316243432383340545
316193752744079360
316189639264305152
316156592548622336
316117548020158465
316117109946081280
316116062334754816
315944910362660864
315941830384553986
315904281138036736
315904042385690624
315903432391282690
315885814448005120
315871836397264896
315830387756630019
315804544338640896
315804418106871808
315804019933188096
315802295617085441
315800824653684737
315799457826492416
315790129002344449
315774068894863361
315441306254049280
315140564079218688
315133133181825025
315063703722668032
314861357239513089
314842776162422785
314785838888275969
314750375011954688
314726534919376897
314725491191984130
314712219256496128
314706672251703297
314684044115853313
314683536584110080
314682573756444674
314681537411047426
314681304866226176
314679012658139136
314553288743866368
314464803982815233
314417262843023360
314414318152192001
314407113977909248
314406368029339650
314405036090339330
314372130248744960
314096348179886082
314045972210667521
314012735031631872
314012464754868225
314012239357149184
313993150387597312
313974161829666816
313969519825657857
313969041914081281
313968443344949248
313786120213237761
313750966174363648
313734031156051969
313733227107975168
313732431926681600
313682722130370562
313627318490902528
313626813266018304
313287770409947136
313285924911980544
313108371928657920
313105843409285122
312921087174389760
312699257239007232
312698797606174720
312636046456262656
312556185645621249
312351952816189440
312349741100986370
312216483398828032
312166792082632705
312166368239841280
311811565680738304
311810915903340544
311787630515859456
311632850636111873
311617770699763712
311209481801445378
311204353048473600
311157619006009344
311140207569272832
311050543382540289
310879839311781888
310867113134936066
310840254619852801
310839429931610112
310839352580263936
310839040465334272
310695582937276418
310689009384951808
310413960186826753
310413893849739264
310412227805081600
310315226832728064
310147379275915265
310131107091865600
310050524940619776
309968136185204736
309827538945974272
309826607189745665
309826266998120451
309826051549315072
309825207714070528
309825002360930304
309824839336738816
309824028439359489
309823877352132608
309823714843820032
309823421523578880
309822527121788929
309822285152407552
309821254800662529
309820135290580992
309820002251456512
309819122957578240
309818612514971649
309817979787431936
309637795662675968
309583783676481536
309568964923625472
309449198439383040
309100851895623680
309098501386686464
309097487266873345
308823251944103937
308371678063366144
308364202475663360
308248828627259392
308248612746436608
308242019304759298
308040083855003648
308037209779490816
307858398911791105
307853033688158208
307840174124056576
307839921173970944
307839466943430656
307836663118315521
307836325556539392
307762125479223296
307760581128097792
307760309949579265
307757595786108928
307754756070330368
307754264393031680
307752883217125377
307750863571668992
307749263499227136
307748659527831553
307748370745794560
307748145377456128
307747435411816448
307683680011317248
307632594512658433
307632419299790848
307632067917787136
307631798190481408
307631688744304641
307629893494124544
307621144754806785
307525121403387904
307265610134482948
307262534384250881
307262233694568448
307261588644171777
307261240038801409
307260252036931585
307243864736034816
307243765955956737
307184275395063808
306936960197459968
306932424938500097
306834812122046465
306816891878510592
306807259067981826
306779874364899328
306776724669083648
306762173483454464
306759383323389952
306754822718234624
306734381576368128
306481656548700162
306478376170954752
306441277724053504
306440948957720578
306439982065795072
306410850221178880
306408078453121024
306398960447283201
306398576777519105
306397991273635841
306383900152832000
306382933831327745
306342696275030017
306340880187531265
306339012363292672
306337462794469376
306148618019164160
306088925234089987
306022493519495168
305988047407833088
305757702582321153
305757209504120833
305756865877401600
305680383968677889
305677526464856064
305674600111562752
305673880712929281
305673597249261568
305671930479009794
305656911381032963
305655137966358528
305654921255088128
305653866190491648
305652958366928897
305651126181711872
305650017564250113
305645709783343105
305492525332983809
305364333003698177
305364180213579776
305361255709941760
305360950091980801
305358306854174721
305357640521891841
305356181264822274
305352368541794305
305351219436744704
305346719309238273
305343972686061568
305343482850058242
305293035938410496
305292254858330112
305065546947375105
304979421390073856
304888213896581120
304655823488040960
304647857774931968
304426854402646018
304227645061726208
304219167366725632
304217115236372480
304191540157370368
304190337201631232
304019052706283520
304000409909997568
303999447967358977
303942454061703168
303855118653222912
303825267955216385
303824603334184960
303823156420952064
303822683915837440
303809749143674880
303809317709168640
303806822299627520
303806532280266752
303802334960558080
303802302286950400
303802279864172544
303802262134865920
303799279636606976
303627191596482560
303549407046021120
303531049613393920
303509683614920705
303496393752969216
303491502687019008
303481370628481024
303444655993913345
303444389475266561
303437861250805760
303292501031272450
303274950356267008
303272568406802432
303204734163103744
303160579672133632
303155961558880256
303123284956950528
302865401551933440
302784087058419712
302727990217953280
302410724565737472
302390828788228098
302101234557538305
302033835183439873
302032959828004864
302009940116119552
301878166744621056
301681435511750656
301680982820519937
301671359967264769
301670548688220160
301666350613549056
301663519533842432
301661551016955905
301659786141900800
301635697222250496
301476757465341952
301476291675316224
301474814839881728
301474163795841024
301472975817940992
301414205674909696
301410552637435904
301394364289134592
301378062866595840
301374820501843968
301349462469656576
301339267551096833
301337150119624704
301335757963026433
301334374127919104
301326142223306754
301325859552366592
301325123103899649
301323485903458304
301051520013717504
301049588301828096
301020495359406082
301009060461953024
300974217099366404
300955111784603648
300945762618060800
300941225547145217
300924549376135168
300563558004060160
300557963142262784
300328467403243520
300328145297485825
300192682624569344
299531478080028673
299440619502321664
299144635912187905
299117825375760384
299116478974787585
298928977773469697
298845301278638081
298845131023478784
298818556391456769
298799712121786369
298761985238122499
298546794139365376
298352392926281728
298192522340089857
297748229330718721
297025963613618176
296995654830542849
296871730058764288
296057873291685889
295954609707577344
295311925309480962
294132713517101056
294077003009765376
294076981555916802
293990228287426560
293640373547433984
293506000546316288
293500823504302080
293374775320014848
293336420607725569
293327397883895809
293326536826822656
293321989169500161
293321029084921856
293320577240924160
293320195819335680
293317575436271617
293317287719620608
293315333438205953
293311245187170304
293308559154900992
293305410629287936
293112299739287553
293106754361901056
293072357898194944
292964604399734785
292894949890981888
292727169770221568
292726558655934464
292722660490768384
292712364439138304
292680951719407616
292680865333526530
292679127184601088
292679077775671296
292677766246195200
292624418117664768
292623554770501632
292616116482764800
292608057211486208
292601911046193152
292600653434482688
292582175549829120
292338647351570435
292257086476279809
292256345829294082
292255616557252608
291866386949623809
291822435265810434
291301307376103424
291299045127909376
291218927969771521
291214768583364611
291214546662723584
291214376357216256
291213546870693889
291209331104444416
291167436793864193
291166026412994560
291161698734325760
291160830068813825
291158912944709633
291157709057847296
291157199856734208
291156347213463552
291155961127776258
291155817913278464
291155527780679681
291154825578676225
291154735329837057
291154261583224832
291153989616160769
291153307546824704
291153040017350656
291152821166936065
291152574072098817
291152366084960256
291152050937528321
291151765984911360
291151559771975680
291151336635002880
291150895868157952
291150689038643201
291150406401261568
291150074480836608
291149941152305152
291149825221726208
291149676911140866
291149434572660736
291149405292199936
291149064731516928
291145393855684609
291126631236509697
290899908465139714
290898778817445889
290895550776221697
290794199526301696
290761353822621696
290539984857993216
290537154948526083
290536763594792960
290534814946312193
290451966902013955
290444511002382336
290426717078704129
290426598400851968
289985560540499969
289495075648585728
288875425063657472
288858602830168064
288251446355439616
288081472852750336
288081333773824003
287860722615062528
286971182597697536
286411957517557762
285916040993574912
285731510735220737
285721541830926338
285359860005089280
284870879542923265
284648636934156288
284647150128885760
284646944960282624
284520951591342081
284505251149664256
284483247868624896
284483009200128001
283385262581633025
282170648686653441
281549096991461376
281104872080801793
281077674162679809
280865922959437824
280524795056123905
279972977536270337
279972392623804416
279970305722699776
278235897634381824
278080981691416576
277994581075841024
277965245891362816
277953527068884992
277941005054009344
277940061310435328
277939351269298176
277938015115042816
277934154463723522
277921876595077122
277921477439934464
277921094470602752
277918514789109760
277918172596817920
277918033601769472
277917040340242432
277916418673082369
277916068608098305
277915729074978816
277915508513308673
277915236550459393
277898930178625538
277450489476546560
277255113620480000
277190855863971841
277190411582337024
276776268651954176
276737218079494144
276582525864914944
276459068292468736
276458805729050626
276442484056399873
276435825103876098
276371882981347328
276072561769586689
276068601235111936
276068306203582464
276066522621947905
276066296217628672
276064912848060416
276063678317613056
276063609224839168
276063465817403392
276005286572081153
276004924196798464
275989581650870272
275960912815480833
275960417493327872
275952843867967489
275934376267751424
275933926080528386
275933623776051200
275926504796483585
275926372310999040
275925538244268033
275923084828102656
275921498085134336
275921106140020736
275920840812535808
275753605846429696
275752727043268611
275710470743289856
275700320254959616
275674528212975616
275639254472851456
275628198300106752
275546726239174656
275355136170283008
275326807832686594
275324351857958912
275323448920768513
275321435541610497
275319143404814336
275316525454471168
275271774223081472
275247925041430530
275247568068419584
275246705941819392
274923484898021377
274910840895979520
274564170454806528
274563953483472896
274562733515632641
274562622785978368
274562469370925056
274561707504967680
274554349164834818
274447039092383744
274444810709000192
274444540428054528
274298241003167746
274223370533474304
274222027487969280
274211783902892032
274205080545284096
274184954815074309
274145556354445312
274143516173688832
274141088246296576
274140584862707712
274137983014277120
274124181745053696
274124007341715456
274123925846364160
274123605242179584
274123378279993344
274123306741936128
274097157097803776
273920228042358784
273919652927766528
273883879453118464
273883129406713856
273854450618204161
273852031662436352
273827359923245058
273824077679050752
273823206463401985
273823092239912960
273822627733319680
273814946494685184
273814684338094080
273746404558639104
273742932677361664
273538251594268675
273482776492257280
273481640116879360
273480997264297986
273230459582951424
273225850827194370
272748839218343936
272739016380653568
272725656792612864
272367864546213888
272280086630244352
272018329517039616
272018035219517443
271943128389386240
271663422171648002
271396084314677248
271393144795430913
271327224903372800
271169552379949057
270932638653628416
270932365558308864
270683007126482945
270675427142537217
270670560948809728
270669549974716416
270607576343932928
269946315104997377
269944633029705728
269899546463727616
269899247808311296
269625858484998144
269621299050082304
269618921185890305
269615670503813121
269614103339888640
269522067509084160
269375398733836288
269193171483893760
269157304102973440
269150606051115009
269148385028759552
269148309501923329
269148077078769664
269147409601400832
269147130768289794
269146527014977536
269145970661552128
269144800857583616
269144607311413249
269144472762322944
269138295122964480
269135903144943616
269133490539356160
269133089081548800
269132513761443843
268815232451895297
268815118152900609
268815069415084032
268814901533876224
268814691780923392
268814487514144769
268814028032335872
268797434614915073
268796932170858496
268794756363063296
268755412768129024
268691718814199808
268496187676573697
268495392218439680
268495320000892929
268494149840412672
268493332932591616
268493271645425664
268493080871706624
268491896819699712
268491250238361600
268041013807964162
268040070425083904
268039956579115008
268039747438518272
268038404804067328
268037885746356226
268037706225967105
268036433154027521
268036047097692160
268035897231020032
268034576134320128
268033481060265984
268033199102361600
268032968885424128
268032538784718848
268030581504368640
268030104679088128
268028742566309888
268028683250438145
268027143563390977
268026919268798464
268026851069423616
268022723001868288
268020963164160001
268020676512841730
268019714658279424
268019594168528897
268019094668845056
268018868709126145
268018215861514240
268018046407434240
268017664562167808
268015588033572864
268015090039660544
268013777939742721
268013686986268672
267925797011083264
267923181057241088
267803204241219584
267803111811321856
267802927161278464
267802688643805187
267802562776932353
267802459722895360
267802320056766466
267802075117780994
267801908088020993
267801845722914816
267801803503071232
267801277365379072
267800604343144448
267800149407965184
267799977307295745
267799862463062016
267798764100665345
267797559509143552
267797391288184832
267796511184797696
267796285522837505
267795288075403264
267795214519902208
267794267529965569
267794090924589056
267793087261196290
267792390855733249
267791641853706240
267791475381792770
267791178999668737
267791002079735808
267790348556828672
267790256772894720
267788733657538560
267788543001243649
267788101043245056
267786270871269380
267783594322296832
267780671538352128
267695489993035776
267383488305565697
267373090047148033
267352059412615168
267209251913613314
267209094342000641
267199831548776448
266988447288397825
266977804665618432
266934102450642944
266670265424027648
266657193993056256
266614497161125889
266607863231807488
266603708341698560
266512605026320384
266512241241772034
266511932784275456
265980632507744257
265966205502906368
265962362291503106
265540246702276609
265539991092998145
265523344063991808
265517282309054465
265511529775001601
265253598559080448
265251692541534208
265251471250059265
265251287082348544
265250720813547520
265250213248249859
265248997827043328
265246254064361472
265242055335362560
265241130927529984
265239130097713152
265238490587992064
265237166609817600
265235635604946945
265233023195283456
265231676442025984
265230719129886720
265230137291857920
265226067613200384
265217897712979968
265216783231901696
265215799139106816
265215340290654209
265199460198543360
265197314002522112
265197089741475840
264804675109392384
264803602051260416
264756837218398209
264753480131039232
264718552244826113
264718356328882176
264714558780878848
264531862347726848
263641553237590016
263302933519691776
263241347480313856
263196574514044928
263184793255153664
263050331234131968
263044393567657985
263044019813236737
263028794753957889
262992333266640896
262985083466690560
262974322732314625
262969078610804736
262968825270661121
262968518700568576
262688868745228288
262685808966905856
262480204843335680
262458801947561985
262455740743176193
262271806394736640
262267550463840257
262266972622966785
262216264611667970
261824778669789185
261579706971869184
261469769465741312
261116158550368256
260710566031675392
260013951226609665
259991633720926209
259818858024669185
259728286668685312
259630026172030977
259628487969742848
259628062361137154
259596065123213312
259588453937868800
259467707194408961
259443412628029441
259432035800719361
259425129979846656
259423953355939841
259384640949870592
259363337744293888
259281033382473729
259235609762226176
258952043081912320
258566390003421184
258558700191633408
258558331168382976
258549470390784001
258546941523292160
258165682473148416
257902962196770816
257899848970424320
257888831427198977
257870020166709248
257842055227797504
257836667271012352
257834607616065536
257087115467292674
257084694280159232
256910914429808640
256884853910417408
256851608258899968
256734534979182592
256734106170314752
256448161734852609
256214372202975233
256213946648895488
256213414760833025
256213004490780672
256212538411343873
256209406566486016
255798060372852736
255797248116547586
255792412998385665
255787683887083520
255721415297339393
255688044097708032
255679511608303616
255492356470616066
255487755293966337
255487639254364160
255450149399171073
255446475885137920
255443306283167744
255442209044848641
255441325359525888
255439044949970944
255438121792065536
255436329096196096
255435921263038464
255435286086029312
255434484420329472
255433264188248065
255432729322213377
255432613320347648
255432577341616128
255432296033832960
255430904808370176
255430730614726656
255356022485569538
255325162000482304
255093846457868288
255013289543749632
255003906638237696
254943072499150848
254743019746631680
254741622393274369
254741238429921280
254636725400375296
254529673235677184
254378794201272321
254377312424980481
254372899341885441
254187378799947776
254015199621820416
254013532516020224
253923791242133505
253892717023739904
253854658651648001
253854204882472961
253853601909325824
253660532605857792
253658709958479872
253472086968905730
253303356792139776
253294174374338561
253292793500430337
253292598469464065
253292287218561024
253292004874805248
253188624550612992
253159906457309184
253155705928970240
253138605210492929
253102340389883904
252797360739074049
252577036609138689
252575058369863680
252574286248820736
252382153306951682
252380925688688641
252379407778463746
252375825717030912
252375721241096192
252375441208385537
252374463360933889
252373903823994880
252372241277390848
252371996673990656
252371845158948864
252371180340801537
252192788563783680
252191702838816768
252191473209077761
252190556908826624
252187016110956545
252186275468156928
252186095679320064
252185072629854208
252184543707152384
252182713556148224
252176949227700224
252165708287471617
252164936233541632
251474139100098560
251365430285979648
251360348429488130
250991250277294080
250921388263743490
250753282002255873
250746487846354944
250652464515264513
250651195629256704
250596242042810368
250213680338329600
250057037520699392
250053125640167424
250052759628414976
250052358967545856
250046335473029120
250041290048278528
250040370619092992
250039546526437377
250039525508780032
250038235743522816
250037229634854912
250036679765803008
250035991711207424
249922624296194048
249893274981109760
249871741919313922
249866406965940224
249788351232749568
249650873234505729
249577626723840000
249576766233010177
249576049283854336
249538678517551105
248801077540052992
248787829990232064
248783627897417728
248757415753949184
248553353653678080
248488009429815296
248481210349785088
248478682975453184
248477673213546496
248477063474970625
248473152131309568
248472804385755136
248472711649718272
248472448310317057
248472391502688256
248470261962268672
248470110791147520
248469846117986304
248468863770058752
248468495329787904
248467479662313473
248465763407642626
248463107393998848
248461710304890880
248456038876082176
247817420587274240
247804941073268736
247739504654438400
247739357748928514
247652516983091200
247652059321602049
247629998498926593
247629493399871488
247628828791418880
247628047577133056
247402070276177920
247307104321409025
247307049745129472
247303257213509632
247302478025068544
247252376942153728
247107280879898624
247095675785986048
247095372462292994
247095167058845697
247094326222544896
247093506114457601
247092921642393600
247090631376240640
247090095696519168
247089081807417344
247087585875333120
247066938990292992
247065494316806144
247045073945100288
247044540047949824
247044224141365249
247043705628942336
247043497931177984
247042651151552512
247041651938304000
247041279219863552
247040971961933824
247040907260612608
247040866223534080
247040385430474752
247039613749846016
247039213751640064
247038734145568768
247037597728251904
247037189651828737
247036959241945088
247031459234340864
247025286938501120
247023834899828736
247022962081939456
247020317522919424
247017325692338176
246999133792124928
246319963969818624
246312533420548096
246247376216539136
246246763692953600
246246619933196288
246232068080680960
246205476491100160
246202938429677568
246202482236194816
246199421338005504
245863014778146817
245859450051776513
245815836344975360
245790875756670976
245465279658881025
245462487607177216
245461924467331073
245460450085576704
245458882158264320
245456525366263808
245443537217409024
245187134049366018
245086330172874752
245083526431662080
245082819087450112
245082380715569152
244775392966213632
244761969633132544
244713725733502978
244421951966289922
244420163330531330
244419771171491840
244419249102266370
244416382794600448
244416140556763137
244410448764600320
244410143469625344
244409973717753856
244409673539780609
244409236782727168
244409160010170368
244404607483273216
244403993932095488
244403124079575041
244402361706098688
244401418054815744
244400880076615682
244400553906556928
244399543964282880
244379552430821376
244366647073320961
244366275634139136
244365190232162305
244364904767832064
244364160698310656
244362672332754944
244361397109133313
244340467821604864
244169749943156736
244071061996580864
244009619935068160
243990444231499776
243871356876365825
243822618174693376
243822556371632128
243805931312381952
243725624710148096
243696110214975489
243681553878749187
243428219821371392
243425699220824064
243423397592313856
243405802201821184
243400620105691137
243399243627364352
243300206601441280
243260359664865280
243075014121885696
243073845261635585
242540487679037440
242385446112485378
242232590541676545
242232110428065793
242231807364448256
242231030029905920
242230468936888320
242230160731037697
242230088278614016
242229416669892608
242229129066446848
242228520737177600
242228403321835520
242228154599612417
242227934356721664
242227019482558464
242226571291811841
242226193418571776
242225066870452226
242224807033315328
242223851101106176
242222647302320128
242222186071486464
242221795242024960
242201316275929088
242194295145254912
242026526411980800
242024958618898433
242022514585387008
240852305665224706
240775196796149760
240712720104710145
240528025865834496
240515479079354368
239764433868574720
238949991324975105
238948429223559168
238943613839634432
238943365461315584
238941348382789632
238940968508858368
238940901169303552
238940160669138944
238747238736744449
238745822525792258
238632447007412224
238562038174085120
238548665394925568
238547127888912384
238378676088086531
238344630788321280
238324910668263425
238289049901756416
238273557631750144
238057297002250242
237906848710270978
237891063245836289
237847405586948096
237818319707725825
237666988992917504
237447295665332224
237327815069016065
237312558460182528
237226787074105345
237149608709607424
237126225624178688
237125802771243008
236830108801961984
236825514839535617
236823150703284224
236817974097477632
236817429853003777
236807708748156929
236807466984296448
236806016388448257
236805136180195328
236804130813911040
236803911627993088
236801578781253633
236800929624633345
236767486261993472
236564846018183168
236248826745348096
236247500263141376
236243363442094080
236235877725110272
236233241395351552
236093766417645568
236004401645510656
235763024332476416
235758913843240961
235700148901130242
235693322197430273
235654404102041600
235480327580180482
235271606904184832
235146783645384704
235146548672086016
234625699380600833
234622342259683328
234622138571685888
234620451446456321
234619149308018693
234618560884899840
234618426092556289
234617143394717698
234614302642933760
234612827556573184
234609101362040833
234608589430464513
234556431301488640
234388664111738880
234317212536672256
234316000915501057
234306948227530753
234299052265730048
234298735633498113
234251896892821505
234249006421794816
233954963657728000
233870069057351681
233704174179725312
233702923543138304
233702429575770112
233701649410039808
233701576982798336
233698991974526976
233419847818698752
232860823150804993
232859287452532736
232858502958297089
232857275302293504
232650171597590528
232200985760632832
231070702529298432
231048808090439680
230728979684917248
230720493525807104
230547202068598784
230502491777810432
230500580769021953
230160835497041920
230087509588185088
229970209308549120
229612802220912640
229612648713572352
229611742714535936
229607189424250880
229606939405987841
229446305431302144
229415585124085761
229249345957015553
229119776713220096
229119621209391104
229117412719591424
229117034728923136
229116339879542784
229112752013201410
228910173144625152
228902850774851584
228901441983631360
228748740796760064
228624792381706240
228247937296244736
228173049923518464
227979676772073473
227056847071354880
227047811814928387
227046647849422848
226963940956061696
226962349737791488
226955956158861312
226954326285877248
226829030517792768
226828793254383616
226827414435688448
226827230561574912
226826756580073472
226826245592199168
226825885284712448
226825046532968448
226824841607663616
226804583144497152
226641031570010112
226640493767979008
226326415652552706
226320265578164224
226292850038538240
226064141234876417
226053300238290944
226051523430461440
226047001056403456
225740643102752769
225626118147932160
225359262732402688
225354925264224256
225354690773258240
225345585346129921
225345320253534209
225345278989959170
224991749414731778
224652340353957888
224651428642299904
224648645566414848
224645502082351104
224636498354511872
224631351830253569
224612936612716544
224612759046864896
224610237913640960
224609950394093568
224609370418327552
224595477809741824
224202394970492928
224102183971471360
224101413167435778
223194335926169600
223193973567655937
223193752133570562
223192785120010240
223186981352517633
223186716901642240
223185907061235714
223185316687781888
223184618055143424
223182995375403008
223181338218471424
223138945972707328
223138665067577345
222776844817149952
222108582089474048
222097362892505088
221921531620630528
221612278347345922
221607478352289794
221398635307474945
221380675922694144
221318206965547009
221282244180983811
221266777080991744
221264818806591491
221054414679580672
221030846273044481
221030004685934593
220826220890308608
219724810324951040
219602288296202241
219476832846745600
219160148030140416
219116879174828033
217727171454713856
217727106375892994
217643994396626944
216901491892555776
216900935962726400
216899219305410561
216893593590317056
216893109680877568
216889915760316417
216889419028893697
216889090229026816
216887568350978049
216318042873925633
216242858196353024
216242562682454016
216242234255880193
216241383789436930
216178012624912384
216176914648416256
216176297402056705
216175747788832768
216175176826630146
216174423441555456
216173679447515136
216172343003852800
216112766702977024
216112412762456065
216109144825004033
215463485096722432
215340424364163073
215325200840015873
215200454034997248
215187238781337602
215186381524312064
215186149826772992
215183828917035008
215183246126874624
215182413591097346
215181831715291137
215180925783384065
215180225645002752
215179704901173248
215179441150754817
215178943291064320
215178507611938817
215177881742094337
215177053362847744
215176535194337280
215175117628645378
215168274500038656
215153247743254528
215106986491129856
214377753720528898
214375471876546562
213977866801651712
213975558504185857
213968172628451328
213667367333531650
213332004043886592
213330354260541441
213329209999900672
213326155003072512
213325707168858112
213325082905427969
213322411372847104
213321207993470977
213320910520860672
213320645210161156
213320329295183872
213319219905966081
213318805605191682
213318448908996608
213308178065141761
213307222929833984
213186587037679616
213056108561047552
213046219587592195
212669063892176896
212309299869921281
212309231385325568
212052085611569152
212049693281226752
211826917010190337
211826849297342465
211817232970428416
211795437118701568
211795067533410305
211552442515599360
211509848205049856
211236088742809600
211226778071597056
211226023352733696
211225284148592641
211215557838639107
211202439347572737
211199491234205696
211127453886857216
210856211506147330
210849939411058692
210839302677086208
210689834015133697
210686501309267968
210634230013755393
210273948137566208
210273845880422402
210063072713388032
208984994847272963
208516132062236672
208412277374853121
207965336199364608
207922815570149376
207906005030416384
207876286553657345
207297149447323648
207253033967566848
207225859877253121
207190935514263556
207169555565514753
207166042454228992
206984699481034753
206983412563722240
206976017515024385
206803049757425667
206633901144289282
206563058519261185
206562398474207234
206561205169561600
206501154501312512
206500867980001280
206499766526410752
206499500251033600
206499448275214336
206497964556955648
206497829345173505
206497616161275904
206497480114847746
206496837702664193
206496683759120385
206496338278494208
206496271635185664
206495843530977280
206495187776712704
206494970453049344
206494816081690624
206494574493958144
206494490276536323
206494390242377728
206494059039166464
206493930953506816
206493652623695872
206491559041044481
206491343156031488
206489826428596224
206488929686392833
206488367800659968
206488244018364416
206487923053441025
206487389626040321
206485840300490754
206035530390044672
206028628125949954
206028121173004289
205886620161937409
205825255464370176
205824982377435137
205821714964291585
205820589527662592
205819958553362432
205819725337464832
205757655493521408
205755873824477184
205716377242320896
205716101923995649
205715669751312384
205711308140711937
205710710553055232
205710439282253826
205709754792804355
205709597200228354
205708275692478465
205707644395208704
205707433736282113
205706854536454145
205706681445920768
205706158915338241
205701165437038592
205700730504482816
205699699418742785
205698901481766912
205697739613413377
205697216793423872
205697159385985024
205696661031370752
205696195794972672
205695162784038912
205692202528157696
205690941045080065
205690592041238530
205689550004158464
205689410543558657
205688032211374080
204955172890361856
204711559635800065
204683609871884288
204683537687904256
204683217071116289
204681688830312448
204681233089839104
204679838001410048
204678717451157504
204678334511194112
204678037613187072
204677743588282370
204677464268611584
204677067411959809
204676054231683073
204674121097936898
204609861525323777
204607768987054080
204594923993972737
204421039659294720
204256293895159808
204255800749858817
203824972915933186
203822702165893121
203821248344633345
203820951572447232
203770712404668416
203442652031631361
203227286294626304
203225418113892352
203224045578227713
203222839556456448
203198311459594241
203167456733298689
203080473109463040
203080124227260417
203079555743887361
203078850341634048
202739384661975040
202690149434396672
202689113953017856
202688655335231489
202662959779033088
202551167870451713
202429082204516352
202311116037160960
202309612228190209
202119036669140992
202067022769684480
200704489609637888
200625127627567105
200621612922454016
200609108175499267
200582163555565568
200281155403124736
200204924280254464
200186969085587456
199839476653101056
199838924636565504
199762237332783104
199404368158666753
199401541965328385
199106981506711552
199104373845000192
199066743958810624
198315829547380736
198079239004753921
197650404241190912
197038714088734722
196976970133811201
196929968930963456
196929353446195200
196929173141454849
196928619094880256
196928437116616706
196927944122306561
196927450146537472
196926381135892482
196866281830494208
195782663532068864
195552749230891009
195551911531909123
195551449780977665
195550672358354944
195550138662518784
195548718802538496
195545690942877696
195534259723837440
195532138035154944
195531444037226497
195286592116633602
195161044757389312
195111889209008129
195082897588371456
195079774765465600
194899707598872576
194807174470434818
194454874686111744
194451425185628160
194435363987664898
194422750385942528
194421938234462209
194359186602205184
194356822956711936
194070431362318336
194059703234473984
193823151011012608
193784349504708608
193654846983905281
193585608352997376
193585267712606209
193415554898460672
193392753915330561
193379027539595266
193378965879144450
193378590874800129
193358677032435715
193302204285861888
193301893836050433
193300944807661568
193300700862758912
193300225086078979
193237018812219392
192993369805422592
192928532064763904
192533999665688576
192310533486161920
192294707022401536
192201118258970624
191629536201408515
191525898732834817
191524733681016832
191523314928328704
191522830838534144
191522485550841857
191521045893750786
191520924057612291
191519676776456192
190472312011759617
190103961976573952
188742221833580546
188695419390402563
188653416363458560
188651553194905601
188649242661888001
188272041525379072
188034439115321345
188002044689391616
187539198721536001
187538323722600448
187215748626780160
187132511858597888
185278927781117952
185093042993250304
184993442097668096
184409593600950272
184222684664705025
184217128247902209
184216966209339392
184207486524456961
184194779117142016
183955772697350145
183953769158017024
183944749928034304
183780438572138497
183780167603335169
183779845866668033
183336780114821120
183336481199370240
183330073506627585
183329225980395520
183327867864743936
182906014100750339
182905869476958208
182904730165583873
182903904462323712
182899663219851264
182899217189187584
182896120580669440
182574570379821056
182565925130731520
182551544028344320
182411405172023296
182410800080752640
181828929626193920
181827095452844033
181826302477737984
181806587915145216
181805680146120704
181530470373261312
181439315270840320
181316229397614592
181080838878928896
181080395037675520
181010286231293953
180696177090641921
180693981716414465
180454520650862592
180443316914102272
180443096046243841
180423264470958081
180398054866812928
180394750208253952
180371045511991296
180368933382131712
180367908705284096
180362697114779648
180362170108887040
180353060093169664
180327224703074304
180291201428226050
180281227046166529
180279190992584705
180279142456111104
180278522030465024
180272638084648960
180272484233379841
180267488406290432
180066931401965568
179879152218947584
179877869793718273
179669045497442304
179596288306843650
179516393853698050
179264217323552768
179259997329424387
179255776248999936
179190344896880641
179145707071086592
179141848764395520
178969852592140288
178968687716478978
178208081921048576
177807244870680576
177769364425162753
177755497259220993
177532048121151489
177367353133248513
177367253770182656
177367189068853248
177367014787133440
177366860105388033
177365813169364992
177345433083973632
177094429889400832
177035459229257728
177014224051126272
176796249318629377
176796081433223168
176752638199742465
176750416095232000
176712349783306240
176667309606318080
175649206248292352
175627123028013056
175613295607283712
175551825150353408
175551568291180545
175190504013692928
174926327785332737
174926015632637953
174641120918241283
174636322563170304
174628041878802433
174622115092381696
174622011493064704
174607344435601408
174330191907270656
174288116134322176
174264066829856768
174118774608367616
174064413412831232
173867124169773056
173858772350013440
173811266450755584
173802055738212352
173801901207457793
173789696919486468
173786141571563520
173786067332382720
173785888063623169
173785818295574528
173708694855491585
173707320776331264
173506710667919360
173495437435744256
173495281491521536
173495219667480576
173494048483586048
173481561440796672
173337435181297664
173188150812868610
173116769614041088
173015619422261248
172997952556638208
172987378724638720
172785068551581696
172682845100322817
172682746714537985
172658891040112641
172637909843845120
172623123445841920
172616072506257408
172614982909964289
172613213630889984
172612556949696513
172612465551618049
172611882455281664
172611821444939776
172600541396996096
172387183783714816
172308176186785792
171991950885519360
171959095954391041
171959015813816320
171957931296821249
171953712959471616
171933317208358912
171688232042500097
171641948187275264
171635000062640128
171630837010411521
171627710576209920
171625536534220802
171597933635059712
171593172466663424
171592825379631104
171592712515100672
171239703100669953
171239469146570752
170874591894450176
170743760035131393
170688359566553088
169847091705819136
169705196526637056
169679956664782848
169663554100805633
168835189508808704
167942141019045889
167646627971076096
167301042256613376
165483024010579968
165461414339805184
165456411944423425
165398322205556736
165301081654558720
164786435226996737
164527277927960579
164234989158928384
164087715594375169
163895225318772737
163757563115094018
163757321409925120
163734498926800896
163124056500092928
163065703199543299
163064487086260225
163033219854385152
162946060250120192
161998740406800384
161988735955767296
161925142627356672
161568329574785026
161521859899293698
161514427676495874
161514292615708672
161513595631443968
161512824546402304
161388662062456832
161387434217701377
161060415844003840
161059243867389952
161031779527032833
160417057622593536
160416913070100480
160416697214435328
160394184652619776
160389456241754113
160324575350112256
160307365961404416
160304436009373696
160025994189733889
160007129279889409
159995449565134849
159988012292374528
159952715957547009
159732293571837953
159704336111378432
159579580754182145
159579331868377088
159579002246406144
159578821790679040
159578675849867264
159578273150541824
159079193496403971
159079038772719616
159071163526549504
158931690973184001
158918808634003456
158918344320356352
158917194988781568
158905522035232768
158903962790150146
158903419439026176
158902033041195008
158901342675537920
158901128388554752
158899565095960577
158847382946185216
158844143660056576
158116343617556480
157973292811161600
157761272925007872
157759053462913024
157530473617297409
157530186651414528
157513490444197889
157513103817457664
157511231815680000
157510415360856065
157475345652658177
157475164941070336
157409579574104064
157265980282765312
157265659636621314
157262293044961280
157149292673507328
157147297782824961
157139686056411137
157073201594253313
157047282645217280
156880363514363904
156790311761350657
156706897506996224
156704285546119170
156704069333958656
156702916240080896
156701804674031616
156701465849774081
156701379942039555
156701150618460161
156700890055712768
156699770478538752
156697902843043840
156693438182604801
156686077229408257
156676540476833792
156666448876535808
156665755356762112
156665165075582976
156435658943111168
156428081593204736
156422284507230208
156421349517172736
156417868064493568
156416540760223744
156334930186612736
156306463957073920
156303824712237056
155576329608249344
155368086181134336
155365573730115585
155360566142181376
155306322433277952
155064570514391040
155047542617407490
154999020010479616
154970268186574848
154931963277484032
154931696775598080
154930746799308800
154920666464915456
154920115895402496
154668874766356480
154660236102336512
154503293312303104
154334897664831489
154333556330602496
154267944384348161
154255120899645441
154249611257716736
154247413803130881
154162870299525120
153246396080848896
152822580506673153
152818575541932032
152452313057992704
150669366768308224
150667885717635073
150227040837181440
149984726378229760
149972265742761984
149971623234117632
149966099587403776
149965749010702336
149964308372144128
149963969342353408
149962069825949699
149961455691763712
149960477307437058
149960144875298816
149958090744283137
149957651713900544
149957204194238465
149956590420762624
149954418022940673
149952971889836033
149951668778307584
149950632210604032
149949772550258688
149948456981639169
149944982332121088
149944631080136704
149940418266673152
149936089933676544
149935684071866368
149933958937849856
149924428673855488
149865936973869056
149855955385987072
149855479957434368
149855297169666048
149853836767539203
149844509365248001
149844262945689602
149843329159401472
149838630792331264
149838159163822080
149837980184485889
149837881505095680
149837695449956352
149837539140845568
149837411659165696
149835747577442304
149833755320778752
149831717966987264
149827282117206016
149444804244275200
149298669093527552
149279771023523840
149278262185562113
149268242349826048
149093378808741888
149009260620161024
148833190444941312
148790923994742786
148787696700104705
148560189870710784
148557381498978305
148554636448641024
148551499805507584
148550271839121408
148550198401052672
148550084622159872
148549706325303296
148549389659541504
148548852486651907
148547264602841088
148546311518568448
148543856881844224
148542558056873984
148541492468785156
148533748646948865
148499862198030336
148497274371186688
148490327769092096
148138562825633792
148138287616368640
148137622940819457
148035406351446017
148022483319136256
148022167643238400
148021735906742272
148020540253274112
148020374112702464
148020008121933824
148019722112339969
148019108984786944
148018925840506880
148018356799275008
148017154049056769
148016459476516864
148010590869262336
148010122982076416
148009607086878720
148009150893408256
148008816485732352
148008733669203968
148008638248792065
148008487971061760
148008316503728128
148007779280498688
148007539114647552
148007373330579456
148007202911821825
148006944395886592
148006749717278720
148006675490668544
148003392332111872
148002693166796801
147999413514670080
147996932189585408
147996694838116352
147996508938190848
147995921299406848
147994888775008257
147994312813195264
147991836462546944
