398160616378343424
398155433149358080
398039788886188032
398035162522349568
397836828218499072
397829067208019968
397825968401707008
397763544449417216
397704997200080897
397692426963259392
397682758798934016
397682027660455936
397681917228625921
397681668506394624
397679983402835968
397679826791710720
397675869914664960
397671124021956608
397671010331152384
397670461921714176
397669693198053377
397669543050346497
397667580673945601
397666730501107712
397665806168768512
397663816160247809
397660686584528896
397639700397428737
397621881442164736
397621198819196928
397621089142321152
397391147858800640
397322950090559488
397097705623027713
397010754332684288
396645106436292609
396616340620197888
396615951313276928
396611186009313280
396603165539184640
396603009712390145
396602505569652737
396556676134096896
396552336581353473
396406632608829440
396391673254526976
396334817790291969
396331915831439360
396303581592031232
396301144244232192
396291517867753473
396288869630361601
396281874131062784
396268186955304961
396257932532527108
396257569305407488
396256683036381184
396254383127539714
396238603937800192
396235237996642304
396226861379760128
396223204777144320
396213462227238912
396208755349532672
396197568545177600
396197304492756992
396196149675053056
396195949908725760
396193629019987968
396189687406022656
396187726317236224
396187575079026688
396187416240734208
396187195351916545
396181326325616640
396177584347955200
396047995105726465
396046505909690368
396030493302718464
395959649620328448
395922998429229056
395883874930028546
395883609665462272
395816878905757696
395689960205860864
395654495847604224
395620943004844032
395620255663271936
395619696763875328
395619134949449728
395616812739481600
395614096688570368
395609666413023232
395609323939704832
395608439356801024
395606112516730881
395599223799828481
395597788924243968
395597261226254336
395593152255389696
395591283332628480
395590266121641984
395572243411263488
395568216715436033
395561927889272833
395509457243090944
395501389750620161
395501287279570945
395490189063114752
395489979037544450
395489845125992449
395488779319775232
395488259289006080
395487181847814144
395486718838587392
395477948024619008
395467752900554752
395456923841339392
395102425909952512
395093574624112640
394985134719782913
394932567352172544
394900690113269760
394898489278070784
394855702432206848
394775024831188992
394774950306783233
394774009738702848
394761867697995776
394761717030592512
394742138946080768
394616342135185409
394611038185721856
394608903050121218
394605591387070464
394595866020806656
394590156373491712
394589952597454848
394584317990813696
394524031598075904
394522228693663745
394521628656140288
394402853051052032
394398827949465600
394398581240520704
394387876936306689
394142235542818816
394140428380798976
394138158654160896
394135098011836416
394134701096439809
394131173992972288
394131057936564224
394117640358473728
394113308359675904
394110939043479552
394109064877461504
394087081464434688
394086389702066176
394082420460236800
394069529703100416
394061899400093696
394048780883877890
394047620097654784
394047511951728640
394045662507311104
394045384168710144
394044469391015936
394043916393013248
394043733840105472
394043176450658304
394040047248211968
394039901722656768
394039683413311488
394039288603500545
394039186728054784
394039123528269824
394038565782306816
394038452158599169
394038338195169280
394037544288923648
394033146020507648
394026501110108160
394024758334873601
394020624567242752
394020030007881728
394019777452077056
394019604055326721
394017042333827074
394016078650560512
394014412404584449
393996050824175616
393994989296181248
393994813810696192
393838925287923713
393807258888732672
393800380360196096
393799620582981632
393799347176890370
393793716579614721
393789749892513792
393785341724733440
393780616606789632
393778950511812609
393776463494668289
393775957338619904
393775188380102656
393747495677100032
393747222174904320
393739799426650113
393739685995888641
393739453811798016
393739157853310976
393738807486324737
393737163356909568
393737081144369152
393736458143399936
393734960806260738
393729185920733184
393728275081461760
393728079320739841
393727615745265664
393661281796128768
393657242337423360
393492824450011136
393489936537501696
393484702444560384
393466264850399232
393466117332561921
393465150860058624
393465005628071936
393464578090074114
393463885790867456
393463339289833472
393462056587759616
393461913369059328
393459707370668032
393458617724063744
393457311676510208
393457193564901376
393457062140592128
393456909514047488
393456640998916096
393456213947449344
393455996439232512
393454349541576705
393453023554306049
393452149536870401
393451909538775040
393449256247255040
393448609108078592
393448308242255873
393448187664416768
393446609939226624
393446486043684865
393446321945710593
393445932592660480
393445605436964864
393445495328083969
393445308195024896
393444410186137600
393441180350173185
393438867870994432
393406612192645120
393377229616726016
393352047837204481
393348984187527169
393323482890911744
393274358615277568
393273112219115520
393271175071428608
393269177525747712
393268208566013952
393265143901339648
393264680036491264
393260175412703232
393256428041166848
393255336448385024
393254518483611648
393253727349772288
393251121596497920
393247852631457792
393246952739307520
392977341934473216
392953223990214656
392936268986085376
392932838279876608
392920992471064576
392893092095098880
392753019797766145
392750012985131008
392749660219011072
392749162388664320
392747056034353153
392746266297237504
392744674613420032
392744510284775424
392738487424020480
392737463837270016
392736417874317312
392722071979319296
392721836527452160
392682586230636545
392682299357020160
392679520349585409
392678324629016576
392678184241467393
392677847635996672
392677310286921728
392676218161471489
392676050246696961
392675669076766720
392675560654389248
392675511375106048
392672532802723840
392671956773765120
392671792235429888
392670691088007168
392670535751970817
392670271003303936
392669691010756609
392664113068789760
392663476318904320
392658019797843969
392656834487934976
392652888519868416
392646340934520832
392641008799731712
392633779224731648
392628956144209920
392628047624404992
392627585328246784
392627220952281088
392613925071896576
392611146316136448
392607357001535488
392593293852565504
392593236466077696
392583564199337984
392580496753819648
392578026161967104
392577744870989824
392576743397011457
392571703538503680
392542675716800512
392540561917624320
392533501121429505
392531058698502144
392529619200790528
392432478796800000
392399199238516738
392397076622888960
392395715088904194
392395492593651712
392390459185582080
392369413313150977
392362225312493568
392310221022187520
392303856102543360
392298540728197121
392273494685528065
392232040034480128
392223190107189249
392223029847003136
392221641557565440
392220505979097088
392217694138662912
392207097183866880
392200967103737857
392193813927968768
392172374470451200
392172281285586944
392167657136726016
392033239629451264
392028217546403840
392025932627591168
392025766210203648
391970777974996992
391970494196359168
391969904997330945
391967977915961345
391966274374205440
391963535002963969
391962064874246144
391959030530179072
391958500055597056
391956113655996417
391951957734084609
391949505416794113
391948696423645184
391945515060846592
391944269021188096
391943932126310400
391902012214095872
391868835961532417
391859812675227648
391831159652761600
391815175067926528
391599686915997697
391577374078545920
391543433040379904
391532464801587200
391532275315515392
391531519535513600
391531019238912000
391528440668901376
391527163176161280
391495345328648192
391493315956576256
391488961576960000
391485255804551168
391480882877722624
391478213379366912
391477960286691329
391440302650949632
391256791679778816
391254190544404480
391238195108933632
391235882662912001
391234987824914432
391234687110094848
391232551810916353
391231745179123712
391225290149462016
391206415752495104
391204967492894720
391202568174448640
391194242942767104
391193888008179712
391174001906954240
391169868588134400
391097433650135040
390956878588813314
390954454327230464
390950778770571265
390950395897733121
390942217877356544
390942041871757312
390941883410960384
390940945027715072
390940163364626432
390939926671675392
390939154961674240
390938846227353600
390938322048389120
390909561961713664
390902374044565504
390873520374575104
390871745336733696
390870988508131329
390865524189847552
390865281801019393
390853827727228929
390851840000421888
390804885631168514
390788797379510272
390786440109752320
390785861391900672
390780556759142401
390777475673776128
390775453163589632
390764930997035008
390761260062490624
390757832024272896
390755837397831680
390752792375070720
390752623021662208
390751436033634304
390749199286804480
390746382857818112
390746068830273536
390734266105356288
390733967982616576
390575525778837504
390569872578465792
390567442004447232
390559328689995776
390537310082576384
390534921896218624
390533089438343168
390532902036856833
390532690782326784
390532602290913282
390532358664765441
390532182554320896
390531961908768768
390531853255323648
390531590100496384
390531404330594304
390531102151954432
390531049983205376
390530977375612928
390530888737374208
390530721409822720
390530630749937664
390530578480525313
390530486428123136
390530406702800896
390530365007212544
390530269666496512
390530196215828481
390530045866831873
390529986500624385
390529888962097152
390529855705452544
390529811430400000
390529666047414272
390529563916120064
390529487818866688
390529310424985600
390529176991588352
390524121001373697
390516344082677760
390489734306209792
390441842237394944
390441703431086080
390439672876261376
390439392436686848
390438738792165376
390418506652475392
390410676557979648
390402616854732800
390400893582991361
390399296232632320
390397884828360704
390386047135145984
390385504962621440
390383348670922752
390195525670432768
390150363648913409
390099500292792320
390055953514496000
390055051261403136
390054508308738048
390054241101828096
390052465170583553
390040557575491584
390034549146910720
390030040270118912
390004466663297024
390003020110782464
389825650955018240
389824832390451200
389780874654281728
389718134477062145
389716446731059200
389707101393522689
389700490516119552
389696731790577664
389696498587271168
389696182496161793
389692033545150464
389691541297451008
389691053550231552
389690496152387584
389689743409029120
389678130366918656
389676331488669696
389676042085859328
389674287105200128
389673845180727296
389673142571921408
389664172981891072
389653154721460224
389651371097870336
389520875189727232
389511265212981249
389508516798812160
389487533727293440
389485068638363648
389483642310762496
389483043045404675
389481897484496896
389480605626294272
389470633362341888
389462213204779008
389436573587996672
389435368262492162
389433639710126082
389372119878238208
389369381035454465
389363712135802880
389350413553922048
389350223778426880
389342639859843073
389342419004579840
389340326327889920
389336225338761216
389334016475668480
389316781355315200
389316297580109824
389309277682565120
389307313263112192
389303022620127233
389302735541374976
389302462106304512
389299739402833920
389298571758956544
389295062279942144
389294676760481792
389294041377943552
389291332071481344
389291171219906561
389290788376432640
389290577004482560
389288715782066176
389284930045235200
389085205979729921
388704966983958528
388689549351608321
388687566926401536
388582322385473536
388579502152245248
388575423816531968
388575163006345216
388573630734811136
388573059579658241
388564550741946368
388564475143790594
388563436504109056
388562972068831232
388562469893185536
388560856860340224
388560294064447488
388557473323692032
388452106883317760
388451934946217984
388438787661258752
388405124789727232
388345728432484353
388335898166706176
388335714049327104
388334340586737664
388334246382694404
388333200109740032
388332948379803648
388332048487682048
388312723366236160
388291029637816321
388263375396147201
388206734311170048
388066698328563712
387925660733546496
387548103320285184
387546700409487360
387545880368533504
387541543424651264
387521837867229184
387500933497626624
387493024004964352
387488454872797184
387487108593500160
387485295957913601
387485201388941312
387484015604662273
387482010778087424
387481635165175808
387481532744486912
387481270780825600
387479258907439104
387479226665803776
387479186094313472
387479118033321984
387478958838513664
387478807386398720
387477992772886529
387477001461706752
387475394204422144
387470342874087426
387467513371447296
387460962372288512
387356178181017600
387345259996655616
387344164872282112
387342658026631168
387339671053037568
387339118591893504
387321919701131264
387305153369362432
387304000921829376
387303836760559617
387303374019756032
387303076987564033
387301430605783040
387300867973476352
387292993515843584
387287233184542720
387264874503757824
387259653266354176
387249886074523648
387241800324632577
387241385772212224
387234532023599104
387225972225101824
387223633699299328
387223480502321153
387219025258106881
387215304998551552
387205543783575552
387203971942993920
387190179775389696
387169186541473792
387167863150497792
387167161527328768
387163638039343104
387155312610148352
387154192777089024
387153793403850752
387153539015143424
387144921356197888
387144330252931072
387119530860113920
387112962357747712
387112161157611520
386977573672337408
386971961861349377
386970925453021184
386964728847028224
386958080627724288
386920930825764864
386918981711712256
386918691977560065
386918364566020096
386917650263445504
386916875831369728
386914375095025664
386914156504694784
386914032634327040
386913450104201216
386911741105676288
386911073401856000
386910553710804992
386910183370539008
386909898698936320
386909547585347585
386908460971200512
386881929498595328
386881067225202688
386875314577883136
386819083062480896
386812875702288385
386745965321125889
386729174641442816
386584291817574401
386582669662113792
386577540149952512
386576899142873088
386575314291531776
386569365833142272
386564398934130688
386562927253532673
386561774642016256
386554894238621696
386549392939175936
386520971739676672
386519626160812032
386508577269358592
386506251733319680
386489132677353472
386488838488866816
386486981121044480
386479366274056192
386478204888023040
386260708343955456
386234838262763520
386227033162137600
386224821069430784
386210408304230400
386070137788715008
386067364103872512
386066603915628544
385866881157959680
385865215427899392
385856179076755456
385831692067278848
385830794301698049
385828277996109824
385825592144183296
385822810074914816
385822775824248833
385822634639773697
385819005019107331
385817488933400579
385801223037026304
385789562163060736
385788838674956288
385773535450632192
385758671931584513
385738237115105280
385736107092365312
385733877987573760
385732372412780544
385692202128535552
385689503093882880
385689356637200384
385683590559707136
385683184404291585
385681846647812097
385673716996120576
385673517246590977
385672935072997376
385672859118354432
385672568872521729
385670226387279872
385665279491325952
385660066357317632
385552668598337536
385552530911944704
385550021342408704
385549276165570561
385544933827821569
385544056140345346
385542020715921409
385538571672641536
385536585237676034
385536340751699969
385534262964789248
385532446470467584
385461314304606209
385453484352753665
385396730210312192
385395182533091330
385394042353500160
385393653935788032
385381419524313088
385364740819914752
385340012721876992
385339434419630080
385336139303104512
385324305443061760
385321504117768192
385321047286771712
385320527549579264
385319428591603713
385316527588646912
385316459431223296
385314935296634880
385314514662457344
385313648781979649
385313105963544576
385311579924725760
385305547429265408
385302192225144832
385301056344686592
385300169060667393
385145875510857729
385145542290182144
385090234158833664
385089910476009472
385002968439078912
384958544069787648
384956321478737920
384953316440305664
384944086438117376
384941292117327872
384939093064691712
384938651337363456
384938494474596352
384924710569783296
384921815807979520
384921366287642624
384920933213155328
384919139787501568
384821720798203904
384712044878249984
384669830181560320
384648135399985152
384645261345435648
384645006143021056
384644001900793856
384592487928823808
384446081003945984
384398269956513792
384397539984048128
384394250722754560
384388690090672128
384386572600487936
384354924890710016
384346677261656064
384346624170131456
384327890990817280
384311942640599040
384306595871879168
384207575056916480
383993289009299456
383983128349794304
383982991217000450
383980792755798016
383970835159318528
383970667135524864
383950484132077568
383938397318164480
383935957365714944
383930318233034752
383929727675035648
383929051838427136
383928830219812864
383927586801610752
383903780238266368
383903596313866240
383902901351219200
383666026497716224
383665711606136832
383658751238365185
383649434271510528
383648652197380097
383642905749254144
383642634885292032
383641949464715264
383641540184539136
383632715830280192
383632424145784832
383630510360391680
383621409282744320
383605679757754368
383603889271869442
383583055245766656
383565818879295488
383553053078851584
383551134469586944
383548244124794880
383514159784398848
383513839603826688
383511586625028096
383510673332113408
383509267938299904
383507717413142528
383485575871070208
383483694444736512
383362837651140608
383331074329546752
383224229048905728
383144436630171648
383141764028059648
383141013163737089
383134862598606848
383127765073285121
383127335152934912
383124142712950784
383121385377529856
383119938552340480
383119300191854592
382941314507362304
382919865951993856
382918108987392001
382915570439450624
382905862488350720
382901366899093504
382892151086280704
382825992479588352
382766422700863488
382565188786192384
382085038386737152
381890771986960385
381882509229035520
381881988640415744
381875120895426560
381832764112535552
381827677180952577
381776715577823232
381498647357423616
381467200915537920
381467167860215808
381386188382552064
381380834496086016
381365875217301504
381362559640555520
381361668497743872
381359116779671552
381352349161488384
381346344419336192
381337656686166016
381332451333009408
381309373886496768
381307926985867264
381300675650801664
381300540137017344
381300373203722240
381300215288188928
381295404362792960
381145448930877441
381126370950414336
381125897698672641
381125061467717632
381124036220428288
381123864627265536
381113323133349888
381112124854267904
381036421533794304
381033025540485120
380979434955997184
380966239893737472
380964065251979264
380963420633567232
380963298122141696
380962653122097152
380962415187615744
380955874627702784
380755821002760192
380707467438460928
380707407803871233
380707363319074816
380707014537515009
380706949907488768
380698602584018945
380694050497503232
380681783328530432
380635213128151041
380634447504101376
380632993259204608
380619729343225856
380617917512970240
380614009466023937
380608439342206976
380594707422007296
380591364964352000
380323663746461696
380317243307225088
380297693941473280
380251832062586880
380202661800583168
380083135452823554
380044355463286784
379908217201258496
379906187715969024
379905414550540288
379905342043602944
379905138292719616
379902688487415808
379900914238119936
379900541972664320
379890517061820416
379885569385312256
379883701758205952
379883477815934976
379882106798632960
379877957155569664
379865709393633280
379865514853429249
379861641862459392
379861101858406400
379860707161829376
379860295629295617
379858799281979392
379857557130473472
379856665551446016
379851356229468160
379850955811876864
379850283011936257
379848311538479104
379694518745841664
379693853390819328
379690114860871680
379684957699854336
379684911944192001
379683387956416512
379635188822585344
379626223447470080
379626034087219200
379624036902256641
379623786657509376
379622585106825218
379601808970108929
379585884569337857
379571862985924608
379563107154030592
379560408404619264
379559695599427584
379554743292411904
379516472286248960
379511113605713920
379507897811484672
379507238789853185
379506595459104768
379505438766530560
379499221298061312
379498824449789952
379496560364486656
379493429136220160
379491709979082752
379491350795657216
379491140195463168
379488016240496640
379487230651162624
379481747190472704
379473457672880128
379380243070746624
379348502494846976
379334688029958144
379223541285412864
379161229669195776
379158488255303680
379158087221133312
379117524627238912
378994981954146304
378988548449665024
378987624427687936
378983079882547200
378982168019877888
378976158920228864
378975772314468352
378966802459799552
378965265272541184
378901448412905472
378831120655470593
378806927352139776
378778873775009792
378589986372984832
378585107114000384
378528350085869568
378496677360828417
378479302914109440
378478265809518593
378474530240729088
378432903270514688
378431179038261248
378430252562644993
378429044619874304
378410238078386176
378394482334785536
378394195805110272
378294841022906368
378278167435177984
378273680339394561
378271739009957888
378271561968386048
378267259963064321
378209519186489344
378184704316301312
378180700970569730
378180370388119552
378180131140800512
378177907543117824
378176368787197954
378168423018020864
378167416166940672
378166368736014336
378166210275192832
378164136728739840
378158450288500736
378150844354424832
378149841341136897
378149079319969793
378148058090848256
378146379631063040
378145994149339136
378111122496552960
378111080079585280
378095151060500480
378094939940200448
378094837506916352
378093718714060800
378092275353399298
378091063631544321
378090842944061440
378089565396799488
378080805354209280
378079913984950272
378066181175119872
378065652822867968
378064793493848064
378062794002034688
378059301728043008
378058164744486912
378057823688855552
378039343312797696
377923544849854465
377913071865307136
377892548594778112
377890144809787392
377883062849126400
377880676349267968
377880101737988097
377823426229968896
377822664477261824
377821405800198144
377773291869851648
377765756513300480
377764219682553856
377761517070192640
377756710372671489
377753498970243072
377746123534114816
377745937747423232
377740868054450176
377740050110627840
377739890290864128
377737467589570560
377734516385021952
377730332956844032
377720252525592576
377718164307456000
377695013477429248
377694804664016896
377694627232350208
377694126990311425
377693718968418304
377693467083685888
377691344816185344
377685412837588992
377684428958728192
377683924476239872
377683568027500544
377675489672192000
377557136940617728
377556782677102592
377554700435869696
377554513273434112
377549050402205696
377546000769904640
377542888923475968
377486547500556288
377482696726818816
377461134837964800
377458654200733696
377458125802323970
377456151409201153
377455476432068608
377450751213047808
377450493967998976
377450402314088449
377448808793137152
377446353711796225
377445702286065665
377445027971997696
377442464702791680
377440720354676736
377440398987128833
377438232557801472
377435832472174593
377422452844142592
377409257290727424
377404058127986689
377403518610444288
377399743271284736
377394033322373120
377387385077911552
377375266294611968
377366629455106048
377365357402398720
377345585478516736
377345411930800128
377345254686334976
377344735251144704
377344614908190721
377344365070262272
377343198936301568
377342766365163520
377342148162502656
377333555103162368
377333226722697216
377333018479714304
377332911915012096
377332859045810176
377332716481437696
377332466706427904
377332375148982272
377332218353299456
377331992422920192
377331773216014336
377331725929414656
377331649224007680
377331583306330112
377331374148952064
377322408837120001
377321974286266368
377173416458985474
377167224462524416
377153644749414400
377149910262759424
377149569605582848
377147573858869248
377146817470672896
377145639429103616
377145325456080896
377142544636727296
377139921170874368
377139700638547970
377137874530865152
377127777431871488
377123283662938112
377121447509905409
377107970821070848
377094661724057600
377046195907989505
377031009830580225
376981286789079040
376980118104965120
376979822104576000
376962904165449728
376777326346137600
376770285279924224
376758332020625408
376744205134991360
376744154761416705
376742198878158848
376722476967145472
376713119869198336
376631749863690240
376631340600291328
376630937208889344
376630811534974976
376630614184562688
376630497821995009
376630217143361536
376630109181988864
376629709225750528
376629473824604160
376629375627575296
376629238125694976
376629176553336832
376628874106253312
376596734576562176
376595596913569792
376595405703626753
376595241580494848
376592519401717760
376591218643197952
376591033796005888
376588888782827520
376586002397011969
376483845799174144
376437901552549888
376437239196418048
376413252194156544
376377824179126272
376368239879942144
376335550711877632
376334753261449217
376309646472282112
376278151179300864
376268060597825536
376267083379507202
376266012951207936
376264958746447872
376260701393649664
376249265581871105
376248980033658880
376247923459096576
376241262149369856
376238104920608768
376217843882549248
376216830819704833
376092403779649536
376087102401675265
376064879729201152
376012970204999682
376009410645983232
375992810740412416
375991809677074432
375937412255739904
375907638556778496
375899123196911616
375874385418420224
375768407737516032
375767715689951234
375767228496367616
375761398187323392
375760282896699393
375756646611296256
375756508836794368
375756421897273344
375756160864755712
375755903376429056
375755765383843840
375755632864792577
375755553231757312
375752854671065088
375752614538780674
375750698710745088
375748067690958848
375734955961090048
375734788075696128
375664683396513792
375656206280310784
375654803881222145
375545999307317248
375539817075212288
375525135274737664
375523201046282240
375520325863473152
375518144821223426
375516525996015616
375380266665005056
375263656344584192
375261673088888832
375256511758352387
375237355168604160
375203020922830848
375202388354686976
375202274559012864
375167922043236352
374948869034868736
374941077381197825
374928966336782336
374927445993857025
374926064042012672
374913109909331968
374907879217975296
374907760947003392
374907474270490625
374904657124286464
374903870809726976
374900084598927360
374876363083493376
374871330229084160
374869551743508480
374868958358544384
374868896668725249
374867968536358912
374866501888917504
374865602080681984
374864316631363584
374863567436386304
374851162698043392
374835411022925824
374834192518881281
374809210757738496
374808596438986752
374807730164219904
374807374558547968
374807278588682240
374805825656598528
374797810790449152
374797259600175104
374796653560999936
374794077998305281
374670382550507520
374670017633468416
374667144086048768
374655139958628352
374654255228911617
374652762341916672
374637809438826496
374609394274926592
374579149597589504
374563523214323712
374561162001534976
374553814268780544
374551506164252673
374548839618711553
374546193650446336
374543531089866753
374541279839125504
374480757768871936
374477119838879744
374474646403293184
374464722701012992
374460661322887168
374454704857563136
374451419979329536
374448736400728064
374446544402927616
374441898225963008
374439223455416320
374431112694870016
374430879810351104
374430151352000512
374421243296219136
374138832725479424
374137988739235840
374137354799579136
374135898079645696
374134192969228288
374133964769734656
374133234436542465
374128097911521280
374122530828587009
374119296361717760
374119026428899328
374118341427736577
374116583045468160
374112647525851136
374111796337979392
374109440846217216
374108997046923264
374108897880965120
374108722269663233
374108625406423040
374108446913622016
374103101419954176
374101401388863488
374099785604530177
374096409588289537
374095697269633024
373998963718111232
373998758054592512
373995011370938368
373862858687545347
373855253269336064
373855166979932160
373854985727258624
373854681921232896
373853485068222464
373852622236975104
373851671694409728
373849963878301696
373841386464100352
373821771708772353
373820953400070144
373820793186045952
373811786572890112
373810125691453440
373805067792830464
373804720965824512
373801280680235008
373791509444714496
373790588736241666
373787975324147712
373787561782542336
373786658014908416
373786540154949632
373785117493190656
373784145865887744
373774873157713920
373769316766089216
373694473840369666
373694237482975232
373691788852477953
373689034075545600
373687208215334912
373686523176435712
373683520121864192
373683068592480256
373682955891515392
373681000095973376
373679632853532672
373678431395139585
373672363659108352
373670826643849216
373563278104199168
373562301867380736
373482244888727552
373482078957871104
373481949186117632
373481900389580800
373477724611821568
373477646601945088
373477469472292866
373474717434249216
373474554934333441
373472346863968257
373472092047433728
373470111996198912
373469551070961665
373466078090756096
373461161817014272
373396458403549184
373392573051965440
373379109491343360
373378817982992384
373377485108695040
373373942943453184
373341331604918272
373336126549147648
373225304091017217
373208810330259456
373204714189750272
373204668895473664
373199507192033280
373130289666859008
373128530566975489
373123887745097728
373113524018360320
373074564483252225
373074112446353408
373068635880714241
373064398266724352
373064295120375808
373056448215142400
373056074632683520
373030902710157312
373026803423535104
373026205013770240
373023347186999296
373018821591695360
373018217725186048
373018076217765888
373017436670287873
373016679892008960
373010741613191168
373009313117126656
373006557782347776
373004731016159232
372990738520629248
372983846222180352
372983601912352768
372983336723292160
372975858036011008
372975310620618752
372974423462395904
372972434561175552
372959906590388224
372943547227713537
372597953502117888
372517392112697344
372515425151909888
372497646872563712
372454339589066754
372369691370471426
372331873776582656
372312564325036032
371946123478331393
371819908113256449
371705721903009792
371698486120427520
371696902342856704
371684993598099456
371667267722817537
371593825099055104
371593423507054592
371592658226917376
371590472226983936
371581997887401984
371574031855534080
371571408817504256
371563090988396544
371563013901258754
371548340262957056
371547709825499136
371544004728352768
371543809995190273
371543694114967552
371543576653479937
371542759665971200
371542589037486080
371542469730529280
371542228939722752
371542047338938368
371541900114657280
371516085402468352
371483535720202240
371435789822857216
371435700148633601
371435442433826817
371435085465014273
371337102799020032
371207372628164609
371207270362669056
371206828647915520
371206071487971328
371198740071063552
371139677719236608
371124483441950720
371054325579014144
371053820538679296
371043160555671552
370902770989027329
370571870275244032
370571698107449344
370570932856713216
370569629233467393
370569096510713858
370491109925199872
370445415411646464
370442063743295488
370441242330816512
370438318888341504
370435807859179520
370433384172253184
370433088222167041
370418202406559744
370408474301448192
370408001750204416
370274425704161280
370271814594732032
370264055740518400
370115176709627904
370111929500463104
370111641557282816
370107847406665729
370094965726408704
370094059064672256
370086805384994816
370085972685619200
370082225402159104
370077379634683904
369985342411399168
369979594398789632
369910479575351296
369875601379057664
369875249132994560
369835151964250112
369833606157697024
369833514394714113
369831305510674432
369829969301483521
369812852544385025
369811368985522177
369806468104867840
369769506430017536
369763154534072320
369760906944970752
369758323379560448
369735973980348416
369725412697735168
369724752396820480
369720470738075648
369719619034316800
369718847701786624
369718338240671744
369718072414068736
369712099339276288
369708282241646592
369706851241590784
369595842094964738
369591265002024960
369587537406619648
369581175817633792
369578314211803136
369576711941525504
369573654570749952
369569196805746688
369568593606082560
369554664582557696
369538597071761408
369536309548683264
369535528414494720
369535513595609088
369528097323749377
369527701348302848
369516256480620544
369516124297125888
369516003014635520
369406618402037760
369398382433148928
369373797406613504
369373347856928769
369372221782757377
369370820583231489
369366779782758400
369365895350853632
369355166518353920
369355004315852800
369353877901938688
369353644065316865
369353390775480321
369247930479173632
369199553678827520
369199220240052224
369195278089199618
369194850752548864
369194364464926721
369193972800819200
369191547293544448
369183217368055808
369182503237459970
369181796216209408
369180918356795392
369177994213855232
369176163261755392
369175363403792384
369171267791753216
369170879068254208
369169890373935104
369167800411373568
369167076360876032
369165824575037442
369143786489647106
369135280277561344
369134718123397120
369134071038742529
369100703576244224
369099728320884736
369098614510845953
369097702417510401
369091817846763520
369091077052960768
369085854188187651
369084471036751872
369069216642519041
369068556354215936
369067378165837824
369066557579591681
369066402784628736
369065378682380288
369065049467277313
369064675087888385
369060484948824064
369060290907742208
369058609130262528
369056768879362048
369055573662117888
369052800316997633
369050858392002560
369050532356169729
369047020675141633
369046833374302208
369046584828252160
369045738744868864
369045367553150977
369045256911589377
369044643494649856
369044583000178688
369043892861018112
369043613591691266
369041972993855490
369041477415874560
369040418635132931
369002697258962944
369002404424855552
369001609759846400
368999914610491392
368998622878130177
368995383084470272
368993406837469185
368992695408017409
368992165344444416
368992048889610240
368987356268748800
368981692024766465
368873755050643456
368870552745697280
368868406847496193
368865702825828352
368864598444609537
368864047896072193
368863786024722432
368862845506564097
368861426602868736
368861156892356609
368859713506922496
368855824929538048
368855603680006144
368837901670293504
368834034681389056
368833643071799296
368779073490677761
368763893092319232
368743170504265729
368742546119602176
368742124730060802
368740334060044288
368739880152489984
368737241020907521
368713960398135296
368710023058169856
368705370920738817
368704785051967489
368704302681825281
368703570108874752
368676214895943680
368667960048496640
368513126389387265
368477814863171584
368462047702700032
368459932867526656
368453299160506368
368382044956819456
368339433097297920
368295894099460096
368291485260988416
368290907592069120
368285466161725440
368285361522221056
368281482227228672
368279902853677056
368258756670271488
368246305254281216
368087978960117760
368081066021892096
368069686186872832
368062165699133440
368046711953829889
367894505519067136
367887316003864576
367879375280410624
367784272650043392
367771338280550400
367764861142728704
367752711913353216
367751725807321090
367751139468795904
367748636731781120
367748430254592000
367748277237972992
367747460518903808
367746453407797248
367735584921747456
367706936281948161
367692278561005568
367604069671501824
367592891172274176
367582227435372544
367581606510616576
367581252536524800
367580574657298432
367580292871385089
367579758122774528
367570522835402752
367567133732896768
367566145244516352
367565607966756864
367565292601237504
367564942053871616
367564818665848832
367564382776987648
367564217991192576
367562511064649728
367541308904062977
367535588586835968
367534671695196160
367533317664829440
367533265357656064
367529467297947648
367345177238581248
367344842256289792
367341607852322816
367341432278749184
367339398724988929
367339258928840704
367335541697552385
367250882125393920
367240010954584065
367239558326259713
367238728101535744
367237335584210945
367171985648128000
366976498290278403
366888740712484864
366881510722244609
366659454168604672
366654806376448000
366631931384823809
366627548299395074
366626763452841984
366626233351548928
366625683612516353
366582713773342720
366581077541797889
366580582395805696
366579924707971072
366572002494001152
366527975392428033
366522152050098178
366521556526039040
366517338243219456
366514461529489408
366513514107502592
366510601968685058
366491306689703936
366485803033047041
366483534958960641
366470744735100928
366470333202571266
366269566243966976
366268108148703232
366258619752275968
366245443375599616
366244450395107329
366243730296020993
366243521843306497
366243188320641024
366242593484447745
366240080173596672
366236546141126656
366236279463096323
366209649407569920
366209261652549632
366208923306438656
366207631985082370
366206778058346496
366201043358453762
366197809868849152
366197601365794817
366197429369966592
366193728714571776
366193560262946816
366192600367108098
366192442246049793
366190547314020352
366188684606840832
366187346481254400
366187287450632192
366186669419925504
366134316318736386
366126887090655234
366104525121126401
366057895374237697
366057472470958080
366055251368882177
366050482105491456
365980497538977792
365963735182999555
365963254910029824
365962497028661249
365960640608739328
365959704704327682
365958716975087616
365957028037922816
365956848869842944
365956017634287617
365955674733150208
365953414510817281
365952265158270976
365951607659167744
365951298148909057
365948778664046592
365948095172845570
365947544171327489
365946523051237376
365945800490106881
365945164809764864
365919278244954112
365918547886608384
365915345699094528
365914994791030785
365895146035871745
365889619977437184
365889235439456257
365889044288249857
365883839236677634
365883717031432192
365881176474394624
365879793952100352
365876280488509440
365872275842539520
365858876366651392
365795475527438337
365794867470798848
365793854781263872
365792727142645760
365780280885252096
365761688470958080
365758440758448128
365746540792389632
365743884850053122
365742446384123904
365739985334304769
365733442433986560
365732371565252609
365727097064390657
365692678278619136
365690413996191745
365689982507171842
365688435723354114
365607080398307329
365606727409864704
365605765114896384
365605618771427328
365604021760827392
365598664074346497
365597349248110592
365596484860776449
365595869543800834
365587196989816832
365580138915692544
365576182500032512
365569816540618754
365568822381518849
365562710215229440
365552823053729792
365499625966276608
365497715519528960
365496006231592960
365480759844290562
365479115865858048
365467916440829953
365467426143481856
365464679650312192
365463772690780161
365460696470790144
365458441420013571
365457308228141056
365456837925019650
365455404471304193
365455168403292161
365454720896204800
365454401734836224
365453363313254400
365452987180646400
365452590542102529
365452442235715584
365451772661207040
365449379756249089
365449059177218048
365448119795712001
365445948253540354
365444699504394240
365444526996860929
365444002566254593
365443891559800832
365443806604165120
365443687381090305
365443522955972609
365443288645382144
365442919127191553
365442216212180992
365441570658467842
365440305782210560
365439893557620736
365439589931950080
365439328966549504
365439054029926400
365438269363716099
365437098091753472
365436348007587842
365436220500746242
365435990808080384
365435833379074051
365431830696050688
365431767634673664
365431159754194944
365429715449815041
365429146106601472
365428738965516288
365428287721308160
365427794789933057
365424543872974851
365424379993128960
365423392981139457
365423227100598274
365421013497946113
365420830898925568
365420750313762818
365418104832004097
365418076566601729
365417609493102592
365414734490640384
365414552042602496
365414325017513984
365414069626339328
365413110087036928
365413003866292224
365412961621250050
365409708040925185
365409299377303555
365409013208334337
365408873437343744
365408796257947649
365408652330414082
365408123227353088
365407873129394176
365407540286201857
365406103376379906
365404540490620930
365390097014734848
365382163375464448
365378679972433920
365377646676295681
365377429021270016
365375723407540224
365372224502382592
365371753708531712
365364429149306880
365358920014893057
365355880138543106
365352215650635778
365242966698246148
365228212759961601
365222833758011393
365222674529665024
365220524353265664
365218810539679744
365217214997463040
365213159545520129
365188687501328385
365188492415868928
365188308671807489
365185664125382656
365178803032571904
365178310189252608
365175923932274689
365173332347322368
365160996463054848
365151819745345537
365151552291356673
365146835179945984
365145747286532096
365145569032802304
365141803558637568
365140038348058625
365139506652921857
365139279481413632
365119543888580608
365118614447599616
365114537185259520
365112892317634562
365110451383701507
365109998960910336
365100594991611906
365100390615760897
365098035262799872
365094554011045889
365092295856504836
365091292511875072
365090672660848640
365090526711652355
365087381298221059
365086069508673537
365084979052965888
365082262070910976
365066672912490496
365065376347860993
365055455694827520
365054425913499648
365053611132203008
365048550918324225
365048151503142912
365046422845931520
365044892386336768
365044540412932096
365043864928657409
365042705413316608
365040005263413248
365038313507676160
365015376746119168
365008002274705408
365007543435026432
365005043965382657
365004805724319744
365002960259907585
365000952534663168
365000364653019136
364997668914728960
364992139660242945
364991951864479744
364877264392957953
364873451242139648
364868082478497792
364865606702469120
364860361570545664
364850310813986817
364842232647389186
364830210757099520
364829858464935936
364819064755355648
364818431448973312
364812537977511936
364784539647737856
364776709142626304
364769738008043520
364768422866857985
364762585612038148
364761610037903360
364758519800532992
364749396711186432
364749024693198848
364748100528652290
364744376645197824
364743845679861761
364743497787523072
364742500939862017
364740052573626368
364738779107426304
364734861765914625
364734631217598465
364734385930518528
364731932443021312
364731110984388608
364722860620644352
364722208611905536
364712539042488320
364706209477038080
364699182868602881
364688209735065600
364683586982932480
364680852887715840
364679433925312512
364654075482488832
364652905409675264
364649948282757120
364500492426412033
364493750669934592
364486879192043520
364465155369103360
364464784148033536
364452388687839232
364428511119179776
364351192698454016
364349474656632833
364347875750604800
364346943792623616
364345631563075584
364345199356809216
364344544722444288
364328356033990656
364327887912337408
364327443169288192
364327162494861312
364326654233280512
364323370071887872
364319264649801728
364317694729785344
364317152326582274
364316654773481472
364314835410235392
364311671294005248
364311556592795649
364310352278077440
364307883913392128
364306443165372416
364305764334436353
364305535207616512
364296166458269696
364223570484154368
364220407572090881
364216074621157376
364208732302880768
364154421061496835
364146884887465984
364143664366239744
364143578731520001
364125560332886017
364106363678781441
364093059061284865
364092904802758656
364090519208464385
364064287771205633
364063065274580992
364061632458395648
364061417759973376
364058469504008192
364058284535607296
364056353637011456
364054548144328704
364052827796410368
364052444684500992
364050378230202368
364050029658775552
364047631607017472
364044600379719680
364044341959852032
364043657990508546
364043115277336576
364042498563649536
364041073112252416
364038329408307200
364037262108934148
364036200468082689
364035491760312321
364035004709343232
364034773959720960
364034393071161344
364033974420930560
364033599911112704
364033239683706880
364032875978829824
364031897351241728
364031156053737474
364029314150301696
364029096885370880
364021494780665856
364017089763614720
364015083212775424
364014415042969600
363984941773631488
363984357507477504
363982666582224896
363981019617460224
363979607441027073
363973090268545027
363972890439327746
363960154704064512
363959542893522944
363949596902297600
363948197896806400
363924618316218368
363921086402269184
363920762601615361
363779480008916992
363769932867055616
363751913893793792
363750230237659136
363691498241794048
363604049721327616
363603461738622976
363580634196750336
363580409956675586
363580301873659907
363580100161179648
363575107404308480
363573664442105858
363573573228564480
363572110846726147
363562466225455104
363561639335186432
363560649021861888
363559073935294464
363439781231198208
363423637246058496
363416909372731392
363416603524096000
363402751285686272
363402003965554688
363401468566831104
363373906260135936
363373653599072256
363363734682468354
363362449132486656
363331004968488960
363329562697940992
363329415473668097
363329127626973184
363328983443963905
363327256602886144
363326606422446080
363323956612562944
363322493790355456
363261303973883905
363260193099890688
363259397469777922
363254347654000640
363238488466264064
363237708862205953
363233175536799744
363232946515226624
363232487339606016
363226140581695488
363224490362556416
363222542771048448
363222169687310336
363173294104522753
363173256482029568
363097721814917120
363076094598979586
363074185171435521
363045570140569600
363038751821266944
363038368038682624
363037946598789120
363030166357819394
362994954307510274
362994150221688832
362988563744305156
362987392816263168
362986068242464768
362985987158183937
362985883298828288
362948794855337984
362948249121861634
362946048051781632
362944596240003072
362940945110532096
362910251420360704
362893116639952897
362891543092277248
362891413073043456
362859695960109056
362857861212540928
362857655284813824
362857632773574656
362856335962288128
362856055606607873
362855142132957184
362854999996370945
362854892857069568
362853647433990144
362852578817613824
362846935012487169
362844540807704576
362844252469858304
362843774394707968
362843552868335616
362843344109445120
362843190488870912
362843090022694912
362839673082617856
362839411236421633
362839242646368256
362837868932120576
362837783250866176
362836940317396992
362835833675464705
362835268434268160
362832938817167360
362832870869450752
362831882641088512
362830448554016768
362830270778458114
362827099553280002
362826392502673410
362826307261825024
362825706973048833
362824561009508352
362823286243074048
362823181666492416
362823060820197376
362822849955766273
362822694477103104
362822519306207232
362821856467763201
362821612401201153
362821035214647297
362820892176285697
362820323386720256
362820184316198912
362818990428524544
362818858094034945
362818630557245440
362817316142067713
362816159847940096
362815276795957248
362815108180746240
362815023480979456
362814786955784192
362814529219989504
362813720684019712
362812249376690177
362811413678391296
362806547383984128
362712316917186560
362709946447564801
362708161511165952
362708012403662848
362707845550063617
362707699475021825
362692040033071104
362685418879193090
362685038497771520
362684755063484418
362683531014574080
362683502799486977
362681896339111937
362681788587450369
362681615316561920
362681481635700736
362675453812682753
362674031452889088
362673991833497601
362673852263825408
362673797775626240
362673749864099840
362673556204687362
362666287035453440
362666023704477696
362665861301022722
362664686354829312
362664591278350337
362663624893935617
362663547420934146
362663457394397184
362663422048993281
362663232260939777
362663184370384898
362663099242786816
362662991763742720
362662302606032897
362662086951714816
362662033461743616
362661577167609858
362660547247882241
362660094208507905
362659960125014016
362659868215214081
362659816763703296
362659321219252224
362620512649748481
362606907074158592
362605201087152129
362541982683365378
362541658342031361
362496059303407616
362495800623902720
362495256496848896
362494737598529537
362489576322899968
362486219474612224
362375364179271683
362373999512141824
362233050706362368
362230569863626752
362230243672604672
362229991506845696
362229725080461312
362229402320371714
362202287197782016
362200334799613953
362200088535236608
362199942569279488
362199803481952256
362196175669047297
362194892727918593
362194164772904965
362179481814839296
362179265967554561
362179127555538945
362179043572977667
362169080117071873
362158312164311040
362154233463701504
362154072134004736
362153724241653760
362153472478547969
362153419038920706
362153237761110016
362153218370842624
362153125978718209
362153006982119425
362152538457387009
362151268858339328
362151151946309632
362144726301949952
362142186453729281
362141843816857600
362139111953403904
362138963252748288
362138699531698177
362138555969052672
362137196087611393
362136978914951168
362136726296207361
362136651901833216
362136262339084288
362135945161621504
362132715316842496
362130933882691584
362130739430572032
362129475326058498
362129358485331968
362129179719897089
362116997636571136
362115584525217793
362110105547841536
362109779549761537
362108659070795776
362107289739599872
362106051010641920
362105993598996480
362104428871950339
362100898769547264
362097570178277377
362096090759180289
362095805018021889
362090853742804993
362089577386754049
362086301278801921
362082144882933762
361982258275549185
361980551403552768
361980414782472192
361980262806061057
361980173672910849
361977576182382593
361975018206408706
361973897882640386
361973597511761920
361970398037934082
361970226109227009
361967940163211267
361967343661891585
361966960906473473
361966639509540864
361966239381323777
361966172138254337
361965693983408130
361965458049601536
361965353254916098
361965224741445632
361965155845804034
361964945254002689
361963794131456002
361963653337067520
361963409631223808
361963212142419970
361962970181402625
361962517930590208
361962255786582016
361962092561039360
361961956019679232
361961610052505600
361961431878479872
361961294112366593
361961201602797569
361960472716644352
361960115521331200
361959845903073282
361959674712571904
361959537961476097
361959184746553345
361959020761858049
361958799705243648
361958673834196992
361956917469388800
361956802138611714
361956647259750401
361956540527296513
361956388546682880
361956227133091840
361956113966571521
361955637149700096
361955506891395072
361955333142360067
361920239694389249
361919358882168833
361916114986467328
361915629336403970
361901102658097154
361900644329734145
361900420324532224
361900134646292481
361899476337692673
361897215276490752
361896891685941248
361896317586378752
361895027317817346
361891941757091841
361889135293767680
361884827835826180
361881001925951488
361880786032529408
361880118630686721
361879989567758336
361879130985345024
361875366647828480
361872585832673280
361836369405939713
361834895376519168
361834252029005824
361833979223097344
361832153597747201
361829081840500736
361825749365309440
361816977557307392
361816595703672834
361814249686835201
361814218275684353
361807192199929856
361805167441620995
361802353315287040
361800032602701824
361799684416741378
361796804850892802
361795330322341889
361794675515998209
361764754756349954
361762173011247104
361748455938465793
361746818125664258
361740971815342081
361740798867410944
361739482522845184
361736305455009792
361735062091350016
361733547461050369
361731579598475264
361724585101627394
361721395346030592
361717379895541760
361564464941768704
361560796557344770
361560562343219200
361560396664025089
361560162617663489
361559914486841344
361558139738390529
361554426256818176
361554046227718144
361552095519834113
361549667596640258
361549167509766146
361546670401519618
361545652422983680
361541350505709569
361526063634980866
361525576533676032
361525267136647168
361524898411200512
361524055490310145
361523588551024642
361523302780514304
361523122257670144
361522645524676608
361522349113225217
361521965523156994
361521658915340288
361521303674560513
361521221063544832
361519451788685313
361461241165787136
361457164642037761
361440131124690946
361408964065378304
361405812087865347
361382513626714112
361380383570407424
361378501665886208
361376623137787904
361192936509145088
361191539948527616
361182526145970177
361180739095633921
361179660257722368
361173572200312833
361171858248302592
361171584968433665
361168933467860993
361168678361899008
361166746419347457
361164609765384193
361163291680178177
361162358711795715
361156533381378048
361155710773510146
361153612388368385
361152013414838273
361113333010677761
361073121157054464
361055830575034368
361055308145098752
361052478122377217
361052253781639169
361044135660105728
361043807418064896
361040020993351681
361038418823745537
361038375043612672
361038128733097985
361034434742456320
360914097140809728
360913253242634241
360873600657526784
360872760781709312
360847503551250432
360793606895828995
360761952902983682
360707784628649985
360685862637408256
360683964136034304
360681850370392067
360679164661080068
360676923514421249
360674484098838530
360666535578177536
360663043815911425
360659702243262464
360658647812018178
360658475925245952
360658285470298114
360658079538356225
360654140269002753
360652571288944643
360652414170312704
360651924648902657
360649228147625985
360647358385623042
360645446554746881
360644390403837953
360638784871743488
360633778500157440
360561514811363328
360553250769997824
360551331779457024
360550655166906369
360547629173706752
360522693981908993
360521975090786307
360520472506544129
360519892887289856
360487794004598785
360477100618166273
360465193970581504
360461016112443393
360456350142169088
360453989478838272
360451621299298305
360451099951509505
360450936033906688
360448107823116289
360446908109557763
360380385693155328
360377905257250816
360374707662495744
360374670945562627
360364170891378688
360364098480902146
360363965156569089
360362616515874816
360354081119801345
360349769979265025
360343439491088385
360341845802369026
360322364887670784
360322260801818626
360302470133596160
360294067592105984
360293837425475584
360292216381517824
360291504633294849
360173276187729921
360170948386762752
360165885438214144
360165495648960512
360163973137563650
360162470242959360
360158230632071170
360156194536558594
360148816927793154
360133389191364608
360109978557747203
360090740103200769
360088628287897600
360088227526348800
360032344897359873
360031912795967488
360031142541393920
360030496765386752
360012707325419520
360011720275660800
360002239286349824
360001759457976321
359991689118629890
359991057846513664
359990673044283392
359990427694284801
359990229848956929
359990114044215297
359989987648868352
359989804194201600
359989697042321408
359989586828591105
359989514921451522
359989447258939393
359989315310338049
359989200600313857
359989087547035648
359988962758111232
359988889663979523
359988521165000704
359987853008191492
359978144003928064
359977958003318785
359923354783858688
359921954272194563
359921280205602819
359918003560779778
359916537274056707
359907316390305794
359905606942990336
359904102395813889
359903907809476608
359903053836587009
359902561576292352
359902021270257665
359901640867848193
359900347520651265
359894306636566530
359790440083505152
359789291452383234
359788892255305730
359788280327323648
359765738581536768
359765463326138368
359761807604326401
359757678874083328
359753049549447172
359752183857700864
359751714724790272
359745429899968513
359742755246837760
359734560029802497
359734419407376384
359699183021731840
359695735425474560
359695335125299200
359683091079503872
359682103778107392
359643637618978818
359630727203135488
359628772460347392
359628391827251200
359596824425791491
359582673213202432
359582149277532160
359581262748463105
359573202307002369
359476542616768514
359475900116504580
359474288518111233
359474196163723267
359473261681184768
359472883673726978
359418829296128000
359381596312305665
359381371757658113
359373322129129473
359349121926176768
359329776806273025
359317629447577600
359314850054275073
359313668762120192
359312694563708930
359297988683759618
359296777070972928
359294789616812032
359264926377848832
359256713410510849
359255246234583041
359235595182161920
359220933875499008
359194857333465090
359187759958724608
359186429521723392
359183049612730369
359179841826213888
359179162973515778
359099677393698817
359098492629032960
359075866396983296
359075499542601728
359072200420114433
359008608123895808
358987184852197376
358984185245364224
358969844403666944
358960633129074688
358958962336481281
358954954842587136
358953789241298944
358951496559235072
358951219743571968
358938718469505024
358930651916943363
358928205983395841
358928026030964736
358925001795174400
358920764852297728
358894741250768897
358891469219700737
358890825427595265
358890414251585536
358883634507296768
358883367342718976
358882161165733888
358881543835500544
358839167188340738
358705431230685185
358705139567173634
358658211513397248
358657780301172737
358656395329015808
358631048470855680
358625468335271936
358625240957874176
358620721741701121
358619462213181441
358618478611144704
358618153091207168
358618007892795393
358598476432547840
358598384698929153
358598150941978624
358597602926788608
358597396369903618
358596184887136256
358595867051171842
358595598909308929
358595205915607040
358594421631094787
358591075855765504
358588962492788736
358588295179423744
358584951492845568
358577098199269376
358576110834958337
358575855833853952
358561498286669824
358559508529807360
358557114114908160
358554743259398145
358553462268641280
358552324261675009
358551952562462720
358551108064514048
358550133497008132
358549845100867584
358547641858134016
358546755622666240
358545785018793984
358543559734988800
358541035778998273
358539851584372736
358537558331883520
358537249907941376
358535465818796032
358534816167243777
358510269909454848
358509965335470080
358504819096424449
358494270291841025
358492928722731008
358492769796374528
358491954377531392
358489364633890816
358485899287334913
358475382606934017
358473569086345216
358367192024616960
358363095577538560
358285315225567233
358281731637387264
358279508241027073
358279344742862849
358278354304118785
358269043150561281
358234670473170944
358233955906375680
358225670746288129
358218575284158464
358188546684747776
358187022030094336
358161275647688704
358160651241652224
358138756681175040
358137916545331200
358137618040500224
358133526409265152
358126296921935872
358107858333741056
358107388018040832
358104495223349248
358101357766905856
358101212073578496
358098241901953025
357988147327533056
357983138749751298
357977015271424001
357976010899210241
357975206754664448
357974375703654402
357966221419241472
357965004814819328
357964404979011584
357946921765183489
357946759294627842
357946605544026112
357945968131457025
357939693763035136
357938745279922176
357927656987164672
357919415167221760
357910597276807168
357907752460361728
357907107112173568
357902508921851904
357891946666143744
357890285134557185
357889303759695873
357888653424467968
357873463786086402
357871066070261762
357867828822556673
357867768793665536
357865830433816576
357865254723661825
357865217662787587
357865020186574848
357864069581123586
357862571350564866
357861803604185089
357848256543342592
357842661421486082
357842086428938240
357840181052706816
357827395966865409
357819814808526849
357773579284267010
357773425965666304
357772668067516416
357771385935888384
357766456500420609
357762604808155137
357758419148615680
357748460562694144
357734111147851778
357726093027319808
357725664239030272
357722240353185794
357649596765724672
357582446721630208
357546995252080640
357545504793571329
357545007579799553
357537923085770753
357537759826685954
357534907448307712
357534718381658112
357534492023472129
357534394929516545
357533704836485120
357533242456420352
357532915988570112
357532276961189890
357530315910168576
357529547895349248
357529394077638659
357529308874543104
357522587636596737
357520294711279618
357520031397064705
357519385373585411
357517946735702016
357515181288464385
357515082474852356
357514652806152192
357513747457249280
357506124284571650
357504850721898498
357504745243549697
357504512187052035
357498528542621696
357493616865849346
357493200736366593
357492406062551041
