398067215695491073
397720979452862467
397375110665240576
397278562895806464
396934984491335680
396928428764844032
396756255781695488
396576573077614592
396555438843764736
396403548759797762
396327328030425089
396301971113930752
396190091686969344
396188827393331200
396060002341097473
395965707017814016
395962218715811840
395952482892775424
395548756566757377
395537248881770496
395537097358344192
395521884390821891
395464266704506880
395232441927233536
395208319650250752
395148271762800640
395139495651057665
395138579594477568
395138162172755968
395129352373157889
394816012995940352
394381231405944832
394380525580062720
394380193085005824
394379678712365056
394379554305101824
394378235599159296
394226904989196288
394130954434125824
393807185245143040
393743352404799488
393692270719172609
393656803424473088
393655587784757249
393655103070023680
393652075810148353
393650639579774976
393650541336592384
393421270584274944
393420374118920192
393420039874809856
393415311061299200
393279706357043200
393279100582117376
393100913617174529
393014741670838272
393013669556416512
393013159625494528
392959079632863232
392955758750347264
392930498336788480
392915432010960896
392772825163239424
392741053037416448
392739698054946817
392687421965336576
392665813053743105
392648006224576512
392574346579152896
392341760997068800
392315703669190656
392226898543403008
392222878563069952
392219034873520129
392217440383684608
391875259802341376
391873269881925632
391869649887186944
391690859873591296
391581995312369664
391190054925635584
391176726379646976
391155650564468736
390872579033923584
390823286017236992
390782765282508800
390765198958526464
390737682479198208
390736864316911617
390381336655331328
390377249238953984
389792358763470848
389742934117326849
389677705483939840
389676197602271232
389504385321287680
389458248568676353
389454007133298688
389297483958214656
389296557214150656
389295555790508032
388958142614482944
388650946315948032
388412941265272832
388333032387915776
388331364476813312
388331034712244224
388330832307687424
388330701923577856
388312043486740480
388307003950792704
388297478065618944
388274406457217024
388260973251162112
388260644442894336
388259524144291840
388232126094524416
387917034622681088
387909494501412865
387908843721588736
387908588695343104
387908054450442240
387898155678720000
387896938416189440
387888097427333120
387544748048658432
387111432451817472
386805196086837248
386502255912165376
386496987748925440
386412733652303872
386190956594466816
386189827697565696
386166169859653632
386138713325305856
386087539565936640
386068680255504384
385779694366253057
385155583135207424
385095035206647808
382887790859808768
382213190039265280
380959132377178112
380735707334971392
380606740972044288
380348177754243072
380333075554500610
380257470997753858
380257114624491520
380244852778074113
380077988001640448
379911450808299520
379910651826962432
379872445991505920
379632542342606849
379607235313147904
379606804335824896
379595090945011713
379551132432871425
379544871142318080
379526797609930752
379253083345551360
379251468806934528
379191623235956736
378934712078983168
378897550696542208
378847793462673408
378841289795862528
378791537075044352
378561619082870786
378400120020422656
378095676627759104
378093756425043968
377893911970463744
377751361783214080
377750268122652672
377718537915076610
377531848735617024
377473556965117952
377470376034304000
377455967010430976
377455563501613056
377179843403997185
377179474527531008
376690253954027520
376640922982682624
376392625244635136
376389891200139264
376282181318246400
376281612683845632
376281267169669120
376273518968582144
375991462858473473
375968559395926017
375923011276132352
375673907929305088
375645473685516289
375645328361283584
375628991702392832
375183219542327296
375171190601416704
375170655018172416
375161564783181824
374928586924249089
374640940419264512
374620438564835328
374492553099636736
374273638364508160
374231984702517248
374231984698322944
374216601765441536
374216404834480128
374216006941814784
374215324323033088
374213338831806464
374212736542326784
374212378361352192
374211896427417600
374211417987362816
374211082304622592
374201368808284160
374201231763582976
374189872325881857
373864324877795328
373857920263262209
373833198087966720
373350060517752832
373344623957401600
373211549303074816
373201015891591168
373069403279347712
373015238641086464
372297201575145472
372297082960220160
372296884179574784
372296768051896320
372296692814467072
372296357584715776
372281915245473793
372281753953505280
372281568007438336
372281409244626944
372281168307056641
372280893726932993
372258331421077504
371943890485772288
371920926193242112
371304546955722753
371303052198035456
371214789378592768
370840545427333123
370667903097794560
370548071887015936
370278863877591040
370278594099937280
370278294043643904
370278197910200320
370278043933106176
370277669180436481
370277185086439424
370214057355513856
370213776509120512
370207371056119808
370107568355835904
370107347659923456
370107297768689664
370106897564958720
370094208612188161
370093920144719872
369785846289137664
369784572189622272
367716695487836160
367706979315511297
365738054528405505
365587159773757441
365519562017480705
365136905127464960
365136697199046656
365135905192820736
365030855497891840
364882455473307648
364881744777838592
364881480947728384
364879466012483584
364727152630972416
364726577096962050
364677342028775425
364456448874397697
364391540501659650
364388374104113153
364387996436402176
364356139976110080
364354671927758848
364353944178274306
364353173399404545
364352461793804288
364328813250879488
364328240015360002
364308640242475010
364294278912032768
364293753257095168
364130897685385216
363935426098528256
363573858785558528
363260087265005569
363224942160392193
363198080260116480
362917830980677632
362896758885871617
362894803454803968
362870746013368320
362675428558766080
362571514891079681
362528899680313344
362524053833121792
362523467331018754
362488347601539074
362477260743258113
362249319178436609
362185916221095937
360788075678416899
360785701459083266
360785064998608896
360777137575301121
360766368674619392
360766090361585664
360765939530207233
360751266340671488
360378423304138757
360364976000598016
360081957855571970
359696262704005120
359695977973678081
359664847828426752
359664382466211841
359659047831605249
359657259875725312
359604534894534657
359597102424276993
359431993773547520
359305657016520704
359232824416542720
359219993663127552
358635348231864321
357875751875379200
357775002478718978
357624456421707776
357516353726447617
357457386706976768
357456868483940352
357455985092214784
357437060749074432
357125054967984128
356904366160089091
355672419836493824
355668529237868545
355231341324935169
355231103751163904
355042818756050945
355021715404898306
354988600204591107
354923387837100032
354922858432036866
354900443429748736
354900369102487552
354680074257174528
354679946662252544
354679545862955008
354678909796757504
354649315446226944
354642011065819137
354600397886849024
354578029894307840
354533827252715520
354169281015066625
354168691887325184
353914827791540225
353897829565083648
353842095087288321
353831781813850112
353826792613752832
353484474769620993
353086896395665409
353086538260815872
353085875636277251
353085404964073473
353084824745033728
353084412671426560
353083957316829185
353083605448273920
353082955402452992
353082164918759424
353081529141952512
353080175837200385
353079386515308544
353069110327914496
353068996599361536
352776063199354880
352397991635722240
352386786321899522
352385564252700672
352338527507329024
351965742142468096
351613684545617920
351365270847242242
351111824252485634
351105911194005504
351103734706741248
350601285302624257
350269913056808961
350254698420379649
350218706741239808
350218380642492416
350209386695761920
350207441671163906
350204300921810945
350204173788250114
350199108256022528
350196299963973632
350194932151107585
350193289837809665
350177549424402432
350175130971947008
350169119762563073
350168122097025024
349893704196161536
349887304900427776
349875857042583552
349872028725166080
349871798415929344
349869712030695424
349860622428672000
349860394749263875
349856096938246144
349854555481194497
349848287597182976
349845243992080386
349814321716531202
349806448567533568
349805193564651521
349628004852432896
349570582418952193
349548717663191040
349530789546954752
349143857218342912
349142091705749505
349139963729813504
349139588356378626
349139012449079296
349137760134787072
349133643173744640
349133076770742272
347617880973643776
347343249280749568
347311117338542080
347272593067352064
347018044398256128
346736138125467648
346722785751621632
346639684761432065
346601804441722880
346595488457433088
346590980247519232
346590020947283968
346589799173468160
346589210465148929
346587440598884353
346586348037222400
345988820153540608
345987462239223808
345506551869603840
345100074172444673
345077716019720192
344808431221342208
344807861626470402
344720423784697856
344511484203778050
344348429864009728
344183717507514368
344131674004652032
344064597206126592
343839841080971265
343746116786999296
343647589947805696
343418637241155585
343296461930385409
343007603124744194
343007459692118019
342967526524874752
342899135172706305
342772261717164033
342764949669560321
342762708904587264
342761889937379329
342760930582618112
342760625199534081
342617763384274946
342616168953159680
342592629449576448
342565229441478656
342563637124280321
342393401251086337
342274071632949248
342273924895211520
342252801818247168
342252648231219201
342251785429331969
342200617659416576
342197518525931520
341967372132954112
341967105236807681
341940653397245953
341940459909812224
341939584504041472
341897733461925888
341862269715615744
341665569885528064
341647108048306176
341485976453005312
341480906122489856
341479965960855552
341477775368138753
341474984952209408
341198862712709120
341198571355394049
341136200410746880
340149441078099969
340072886985437185
340039147668504576
339768838797271042
339735347288223744
339701583145226240
339685216606105600
338635452766642176
338219912554221569
337975240573452288
337936148338970624
337935931346649088
337907471907688449
337905138566053889
337903901946810368
337614040647999488
337494539226988544
337253505213558785
337168700547403777
337168073670942720
337163220819275776
337145585515769856
337145437708513280
337145200059236353
337128081418489857
337119020002209792
337118878113087491
337116050216865792
336883628925652993
336883307713282048
336871603675738112
336849329560100864
336800907851358208
336761942515535872
336761397771898880
336748105577930753
336477223567646720
336430455333199872
336424114006941696
336386644972298240
336386138166149120
335338090015096832
335317795208318976
335096308639600641
335010649853816832
335010228699557888
334996228381216768
334996066233643008
334995847714590720
334983976588546048
334983434348929026
334983216027013120
334982814682472448
334952969214779392
334944153253318656
334930025126182912
334669857163452416
334644592546824192
334265587540828160
334265317016608769
334254066551103488
334249027380068353
334238864451457024
334237999221055488
334237655300706304
334236746248232961
334236408875200512
334236151906988032
334235912428986368
334233948941058048
334233200228442112
334232811076714497
334232654499155968
334232389893099521
334225375213281280
334205884290969600
334006375011188736
333902110838124544
333887032239747073
333856102120828928
332779225406910465
332777890431254528
332777043458682881
332774198206418944
332554766087512064
332548576494354434
332525374581899264
332520459935571968
332519993373761536
332508746628603905
332508125594787840
332435027881242624
332434894443667456
332405602179493888
332071990628335616
332071732875780096
332061410760736768
331737295306780672
331737067430215682
331737027798253568
331715958559354882
331715310497452032
331332519544901633
330678837170032640
330374981034856448
330370950170292224
330278071682879488
330267398739476480
330260575907086336
330256716543442944
330009924685930496
329986469005492225
329903725491662848
329897799158222848
329850696402882561
329667932424646657
329603063725830146
329512901398392832
329511834270965760
329510967987822592
329506778519842819
329478685671448576
328921693353545730
328875131080425472
328771152497491968
328471345857982464
328120861213196288
327786690641031168
327742765561675776
327713557410095104
327706051627581441
327461347715579905
327347873677205504
327347548169850880
327345159652122625
327339793442820097
327339443994361856
327319354314199041
327082431117156353
327041142078197761
327040721246896130
327028728590893057
327028540514127872
327019458466025472
327019184682827776
327015389244575744
327011902070874112
327010607553474561
326992359390842880
326992169330159617
326816942763696129
326746157676122112
326730013271527425
326725919492411392
326669946832695297
326663526385074177
326663165079330819
326662812963311616
326662568036954112
326662349710827520
326661993039818752
326638658545397760
326597869840764929
326368282552705024
326344369382764544
326293362741215233
326273582940446720
326261411409973248
325974569900978176
325963350204903424
325891836168241154
325535959204646912
325375356498489344
325288941278330882
325199508000624641
324932778108014593
324913654053097475
324848133911748610
324842106017435648
324834626940043264
324831737844748288
324827696725123072
324568604244856832
324558293638971392
324502619479498753
324478219422142465
324192699148292096
324180919143497728
324169413613998080
324167980479045632
324160057552015360
324157186680954880
324155991350464514
324155779101900800
324155597417242626
324155353493274624
324155068595195907
324151234351206401
324125148569559041
324076553145311232
324075923542523905
323749448838696960
323745359128035328
323732777906352129
323723332715425793
323722656983678977
322685968249401345
322685597292589056
322310270531796993
321954682975158273
321954508601163777
321952697362313219
321926299402784768
321925929519677440
321905225306877952
321904137111490561
321741107111292929
321736636981469184
321667622775185409
321663584025329664
321542072731570176
321202501430956032
320864684628668417
320861938626224128
320861271929024512
320588146008023040
320587460562264064
320586918188433409
320570660399222784
320569435045896193
320567865382170626
320561680742481920
320560798009278465
320559766541836288
320486401802129408
320480671661453312
320480032411774977
320479759094132736
320176835205935104
320170378259484674
320126236204613633
320097411282386944
320095888062177280
320085042363781121
320084722787164160
320084672312909824
320084454834057216
320084220267606017
320070652923105280
319859084545388545
319858752297762818
319854861392953346
319779402412085248
319779083275878400
319575844383232000
319472737712230400
319427569306988545
319376365310857216
319364647750864896
317691010966777856
317273357013884929
317244216931655680
317206917871181824
317205881974571008
317205579359727616
317205032539942912
316979224697249792
316579430879334400
316570610153164800
316130590862757889
315794959120871424
315794747782479872
315793469891280896
315544921660592129
315428830376513536
315428601828880385
315428449160417280
315420233223516160
315419031123394561
315410563410845697
315158195331035137
315153860618502144
315088634413989888
315088390456487938
314777868565635074
314733769670144000
314733134967095296
314732780959449089
314732332424785920
314424797184532480
314422153581821952
314421346471907329
314405845372923907
314405177216073728
314400216843448321
314399830162145281
314398727475453954
314398541499994112
314397791860432896
314388499702874112
314388218403495937
314375369971101698
314371003952267265
314370198243270656
314366744737230848
314366253332570112
314365374957244417
314365294510473216
314364208303185920
314363129079406592
314362690602676225
314362359533670400
314361662704594944
314360879326060545
314360767593975808
314360127249580032
314358816680599553
314356770166411265
314356191969034240
314355442413367297
314354553887789056
314354309305335808
314354035908042752
314353520579067904
314353140034056192
314352456123437056
314352019668353024
314351798162948098
314351228278677504
314350838913052672
314350572348243968
314349964836884481
314346761433001984
314001044302598144
314000147841437696
313729427395715072
313728842701348865
313728419970048001
313727710256041984
313724960726188032
313724780459208704
313723115114995712
313722180217229312
313720931937828865
313720655034085377
313647491327348736
313323202875117568
312943638210564096
312628103933476864
312606768117202944
312543732916449280
312500705380409344
312499902213132289
312208989268094978
312144003242029056
312140863679635456
312125310210539520
309226184728780801
309005435875254272
308988263094431746
308974363024183297
308971960438759424
308971261307023361
308970851791937536
308536460993249280
308535699680940032
308534828855341056
308534745065725952
308534382128402432
308304601709416448
308304510709813248
308181512950521856
307550031290982400
307536613515333632
307527988654768129
307527751433326593
307527675382214656
307427153992105985
307424731588591618
307093526083166208
307090173248815104
306812615773024256
306779765925371904
306713476687077376
306690853420802048
306484707267330050
306430939687432194
306430037224202240
306413249878949889
306413011885764609
306408707892314113
306408574320533504
306408239124344832
306407961125867521
306407771065163777
306407721354272769
306407199293464577
306391675360657411
306391041437753346
306390743042359297
306388451442425856
306388044959854594
306386836132069377
306386158752002049
306385549822918657
306384998464888832
306384029509373954
306014284167643136
306013992890011649
305984365920407552
305978416958689280
305679445069537281
305438254075887616
305430015238103040
305314429388611584
305247901293096960
305247234813997056
305243976942903296
304659048127684608
304582722242899968
304271564126445570
304155999604969472
304154405920440320
304154108535898112
303898967438131201
303867956008472578
303865430165049345
303819156028026880
303818717291216896
303202705273409537
302907389441609728
302907224890695680
302906959059886080
302906886745907200
302905441363582976
302905260840742912
302828034015248384
302484453396201472
302462355277746176
302462281718046720
302461704120438784
302419954832130050
302419807444283393
302419737479102466
302418299852029952
302396157701812224
302395704096223232
302375003582771200
302371108965974017
302089370448584704
302029113705775105
302020125685592064
301988937927376896
301988907451568128
301984136686624768
301678824654000128
301673710564298752
301663654057746432
301663036769443840
301650663312613376
301641251554480128
301635070865842177
301634082553614336
301633565622403073
301633456650190849
301623766180573185
301298832145281024
301257973320278016
300987850801938434
300986928793260033
300968948629901312
300968066848788480
300967023381467137
299923981388107776
299921761301049344
299872543102345217
299872390459056128
299872185697333248
299870959899406337
299868141352275968
299867823210115072
299867525968171008
299867026296537089
299847355254054913
299847029083996160
299846532193189888
299796293864280064
299796117321809920
299525929686933504
299525669707186176
299514933266235392
299512160629952513
299491572599357441
299483405379309568
299483361393647616
299483291432677377
299482872719482880
299482732344524800
299464655737348097
299454385921089536
299454267457159168
299439925818949632
299431060813520896
299139432135671808
299128968844566529
299128931771088897
299128620104966144
299127828459450368
299127339391012865
299126703870062592
298922590368583681
298901558744199169
298888021133103105
298790093303468033
298789813748912128
298753660861698048
298750445646651392
298749778815238144
298749654206672896
298748894102294529
298747820444356608
298747395099992064
298747130527485952
298730335762542593
298517058591789057
298500447088566273
298500277022117888
298480910691606528
298477858135867392
298415226276163584
298384597782257664
298384404932358145
298384387324669952
298384237277614080
298027510627721216
298027328741711872
298027122168053761
297785541963968512
297785027608059905
297059304157089792
297045658999877632
297001762731200512
296991781046857728
296991121081499648
296990397027213312
296990194509438976
296989948429619202
296681216466358273
296657648902864898
296657482133155840
296605813060038656
296603822019719168
296602081186414593
296547801859506178
296335244511047681
296327476265746432
296326976518627328
296312452298203137
296297451499950080
296210859326320640
295878980576358400
295852070471360513
295509059883368448
295504369841995778
295486735817789441
295473513165385729
295470240593223681
295241444355096577
295229962422734848
295229897251631104
295226176073498625
295226007672209409
295215447073255424
295214931362598913
295213741367255040
295212842980896768
294889528232144896
294887168365715457
294886847610511361
294853846587543553
294853614478966785
294848353383116801
294848287196983296
294847983579721728
294847441390424064
294828565713788928
294824845303222273
294750742865137664
294745979326967808
294745763441938433
294745582701015040
294745184988696576
294743536283303936
294742690090856449
294742574550368256
294742111620837377
294741401562931200
294740122337955840
294739989504327680
294739023358988288
294723507328266242
294595196371488769
294595007283859456
294594858482540544
294591220552974336
294591115296923648
294580085468581890
294571293855080448
294570789334839297
294570467430375425
294537234995105793
294520965432483842
294520474761850880
294520374887071744
294520140157042689
294520067117424641
294520032959008768
294519872833064960
294504759166115840
294495977165950976
294170148049412096
294136119661056000
294135897509740544
294131460426854401
294072607500812288
294072345310683136
294070908849618945
294070227581423616
294068178131234816
294057358886334465
294057120146546689
294056509510406144
294056153078448128
294055436846526465
294055326876069889
294053896760991744
294052533608001537
294041074048061442
294038126773551104
294031079348768768
294026719919222784
294022928046096384
294018512211554305
293997361502515200
293996828796538881
293995573793652736
293995438024032256
293777246756433920
293762057763946496
293734726307561472
293713343770923008
293712494692814848
293704565289807872
293661937210912769
293496777666088960
293495727810822144
293494705558286337
293494564268937216
293494453451255809
293491967067832320
293403657720958976
293395755195039744
293393458419351553
293393124808605696
293392899826143232
293391791217053696
293391487952109568
293367648006336512
293367261685755905
293357989581176832
293357324821729281
293342406139592704
293303824251228160
293303489814220801
292655627371704322
292359530283687936
292283433508536321
292262525100257281
292261092971929600
291982357899141121
291976164866658304
291974867673309184
291974772588417024
291895912937160704
291894152671678464
291885030312116224
291855012609548288
291854111580749824
291851611867848704
291850309750386689
291576698691018752
291534894851575809
291534776861597696
291517898491584513
291517390984970240
291516785566572545
291510404683816960
291474431899992064
291210415038402562
291210338421059584
291141955667259392
291141608185925632
291141563680186368
291110356556853248
290884172078252032
290883636151066624
290883279559725056
290865707858673664
290851681476939776
290816492801503233
290815209789063169
290812259872174083
290780368049680384
290779929245794304
290779721799716864
290778566789066752
289497712355848192
289496924573290496
289420047678578688
289411607648415745
289141946318979072
289141026373922816
289080973109387264
289079204056817665
289075106762854400
289051968087937024
289010648485081089
288985391485288448
288985101491130368
288982603837620226
288980698059132928
288978796009369600
288919854822604801
288711827171459072
288641548952956928
288639957050994688
288633805407924224
288631305413988354
288296542060806145
288292327393488896
288282925424848896
288261913975078912
288254477809631232
288250303357272064
287844652684570624
287159395157176320
286592043650789376
286591874410618880
285774862507724800
285767916492836865
282119956127158273
281708263995748352
281459366308237313
281440231742390273
281392177895051266
281316703701434368
281003196934127616
280958342405427200
280749515609366529
279626217123110913
279575976319520768
279287080759218176
279194624516571136
279178603655213056
279164375909146624
279164355080241153
279162736456392705
279156278243250176
279154614530617345
279154130558271488
279153602306650112
279153261733355520
279145642436210688
278923360375828480
278910849475821569
278900819758292992
278897846407802880
278810068009512961
278798161479356416
278558511053537281
278514389148135425
278513624404869121
278513191716261888
278513102025285634
278513007695376388
278512657567457280
278095763093987328
278095022115676161
278082120482693120
278077655092449280
277713969802788865
277383753721065472
277090998390255616
277086185472524289
277086101875863552
277080665269346305
277080466979426304
277079289596366848
276996594925182976
276996331577425922
276974406511783936
276726522981785600
276694331610509314
276691630000594944
276681682113949696
276676698051866624
276672965251330051
276632991994896386
276628929236832257
276615394314289153
276397873783005184
276385968787959808
276364958017650688
276346663084376064
276340789930516481
276340435474071553
276339010853560320
276337348604723201
276335991411863554
276331095979606016
276327176662573056
276319380390957056
276311320146632704
276310863424667648
276310683040231424
276309867524919296
276308597263171586
276308203560656899
276307759350284288
276307651195969536
276306291524243456
276305710978052096
276305529851228161
276304434034798592
276299662854615041
276290849351032832
276020892495130624
275964485087395840
275961373501046784
275959181108985856
275948065507123201
275944619567620096
275943998923882496
275939127990579200
275933743091433472
275933710904356864
275924745722134530
275923973559173121
275911549598703616
275909697058521088
275907437687619585
275907290329120768
275901269464473600
275889645647196160
275637166716092416
275603256548421632
275602938083307520
275602795695058945
275582089666129920
275560167150596097
275548807645761536
275528294080847872
275527174478503936
275309880947126272
275245606107226112
275200511882436608
275199617656844288
275199134103908352
275182239598407680
274928434793304064
274590089630326785
274586278643785728
274518849062330368
274517687269474305
274514160908398596
274513957400743938
274513742375571456
274513578248241152
274510500325363713
274506089909854208
274230352556470272
274226282198335488
274211983644053504
274170749634347008
274116534610321408
273819666760232962
273812598015799296
273787778242846720
273787728116727808
273787571564318720
273787410196873217
273787017685528576
273786804619075584
273786690106187776
273783751568408577
273782134207049728
273781780044189697
273763517721616384
273762202161385472
273761776640864256
273760500901359616
273745321648062464
273439810327302144
273437627875721216
273364791169519616
273195699963842561
273087822896967680
272317073223471104
272315570043641856
272286856064929792
271666865779113984
271298278019182592
271264139794591744
271207390454611969
271202446410395648
270947776630775808
270947341903728641
270604204903641088
270545803733516289
270512354486263808
270492645736984576
270491811930308608
270483269609455616
270460633743507456
270453074823364609
269526497147121664
269525135260790784
269523839199879169
269487001621909504
269478819306557440
269450530462507011
269426642164793344
269176273803292673
269175180444725248
269167307283103745
269165919941558272
269107267348090881
269023861230686208
269023697577332736
269015156766408704
269009207397847040
268861533054959617
268777705682636800
268760938868518913
268758220858880000
268757592828948481
268718987192459264
268702541477466112
268698011868213251
268687243814772736
268650320886915073
268487638384791554
268486681840205825
268485358990262272
268480860666335232
268382302776721409
268315436544847872
268285090373722112
268283081318871040
268282754754555904
268281942309478401
268281631784177664
268281384609652736
268281080237420544
268280926402908160
268280646265352192
268280077815529473
268273820006244352
268273557283426304
268273298582933504
268273133054738433
268272653406720000
268270917904367616
268269324505079809
268004115739729922
267960457032237056
266572678700347392
266541148158447617
266489540921946112
266260000710725632
266230286101118978
266217768414740480
266217523580633088
266217376117313536
266213429843460097
266213283164454912
266211642168197120
266211549125955584
266211449712562178
266211247194775553
266211141242462209
266175839824125955
266169281362927616
266133125397110784
266020320379555840
266019575248871424
266017610716553216
266012560967495680
266010588101103618
266009475977195520
266008412146511873
266007114747633664
265941047576760321
265939093219848193
265914417990995968
265914209697685504
265912660955103232
265911662052253696
265910857987416064
265885276021325824
265877435407560704
265863114220777473
265862436073119744
265784464267948032
265420321870475264
265053226129321987
264422009738498049
264410176143097856
264400846706573312
264391753082212352
264385795807391744
264385178581995521
264384364643745792
264328705285947392
264318681872478208
264317782542385152
264317425204465665
264315348415811585
264304895144898561
264162464910950400
264162007161397249
264161549713805312
264157909854871553
264143445050945536
264142066739736576
264126567234543616
264075279192956928
264072249361981440
264071824218918912
264016105792761856
264006429306912768
263954164453892096
263934593621696512
263930924436189184
263646663208488960
263646277869371393
263638827946606592
263637838514499586
263618961478934529
263618599023935488
263618443356549121
263616596436721664
263616191279550464
263615102970916865
263613748479131650
263612296113303552
263570724122423296
263570541271740417
263566810341859328
263566051118292992
263565958990422016
263565106351308800
263415436631216128
263234252928335872
263223089037471744
263216428382056448
263208286067757056
263207683467931650
263207379057905664
263207179828473856
263206894523518976
263206459561627649
263206355530285056
262946314759856128
262914361419517952
262899949866467328
262899759549919232
262890739686580224
262890638763257857
262890617015787520
262889411199512576
262514997123506176
262513673497620480
262228791424847872
262224338332299264
261510131815170048
261509917494616064
261509625944346624
261503763825713152
261500631083278337
261499578841452544
261488087127965698
261455340422430720
261455215524470784
261398865700327424
261398637895098368
261398494584127488
261398348345516032
261390401561321472
261389641226280960
261388479055929345
261384269157519360
261113659936350208
261110537063116800
261066359692226561
261062388307070976
261061168205017088
261060826272788481
261059489090904064
261016158218629120
260869166423232512
260862261797732352
260714432664059904
260714009609793536
260711996524228608
260711694190383104
260710119652859904
260709605519273985
260709489177681920
260705058474315776
260703404022693888
260699372281536512
260699036867252224
260697637110550528
260697248478928896
260687588212486144
260683638469980160
260680892643684352
260676409494740992
260671936428924929
260671457057722368
260670287534780416
260669348971180033
260368598869094401
260368442861973504
260338512518328320
260332372954845185
260279545641447424
260279398878552064
260076117426311168
259323235747893249
259322808188940289
259319750163845120
259318785994027009
259000186397925376
258953247191076865
258953089556574208
258929729309114369
258906248265752576
258577468229824513
258511268388945920
258511048703897600
258496958392594432
258257234411286529
258247403705085953
258246745954349056
258207865746100225
258207400874606592
258207319970701312
257918551984316416
257917684673560576
257913241890590721
257910676524240896
257910380922277888
257907875496726529
257906461592678400
257904219787509760
257903339734433792
257902958371561472
257901191856529408
257804996656123905
257804441934258177
257803222134161408
257801916803854336
257801746871635968
257801566705303553
257801424874897408
257800023792816128
257799113389776896
257798811542503424
257436513342717952
257156092059078657
257154732177645569
257133968867065856
257133170066063362
257129086365888512
256860128689664001
256824413192867841
256756717088567296
256702255703654400
256686022270791680
256673240011907072
256033594324164608
256032898589786112
256031289520566272
256031063317557248
256008526047100928
256008296820011008
255991763309838337
255989893900165121
255989293548449792
255988530218692608
255988017636978690
255987916688486401
255987417742450688
255986866292158466
255985793045258240
255985054579302401
255984537891397632
255984290540699648
255983666612801536
255983419031445505
255983221454565376
255982639952060416
255982017802539009
255980685611905024
255979926501613568
255978738527920128
255978423971872770
255978388743938048
255978273912270849
255954583938019328
255775887184785409
255767391638798336
255667031783903232
255607559262711809
255566756536516608
255565989389934594
255564607689748480
255564269414916096
255563911812763648
255441228781453312
255402172437643264
255305452290715648
255305315493482497
255292564004036608
255292347250782208
255288802266988544
255288245544448000
255247967827677184
255226999658934272
255202490356740096
255202066400694272
254879694565027840
254707991843065856
254256076743135232
254253282938212352
254244107646533632
254203398071660544
254197054031675392
254196866474991616
254159919908024320
254139875656364032
253879041294221312
253870518946648064
253865674479378432
253861756030578688
253857502385553410
253801838313353216
253801791198752768
253801574105763840
253783403692965888
253779451375140864
253776303843602432
253776075526664192
253775892772446208
253586418658603008
253585912594837504
253585371093401601
253585045607022592
253576086041014272
253575818121449474
253575740069650433
253575361378525186
253575110135513090
253574951678918656
253574947534958592
253574933584674816
253574479853256704
253572966724550657
253523034642726914
253522498283520000
253506858982191105
253506508346753025
253447578555916288
253446611886305280
253173252359331840
253168242191921152
253166960903348224
253166339785629697
253138582489923584
253136694264619008
253135765092069378
253135204338761728
253134515332083712
253133591352078336
253131986405842944
253131810328952833
253131562093264896
253130385079279616
253129807573962752
253128241303404544
253124288511631361
253118641934061568
252826326929653760
252825982032044032
252823308809150465
252821245035413504
252820940608651265
252820060706594816
252819274568187904
252817839638069248
252816684405096448
252815434506702849
252815030792384513
252810100257996800
252808594699976705
252808329989087233
252735548890951681
252734195623919616
252733866001960961
252730171730317312
252729880293285888
252716832098770944
252716201472565248
252714763451248640
252678326353817600
252458555276402688
252453822499274752
252453364871348225
252437439271010304
252436481996648448
252432546586042369
252334298206699520
252333648865529856
252331759050555392
252079591445913600
252020956254576640
252003331420078080
251976795426021376
251803668783972352
251790791779966977
251750249159335936
251325275751718912
251315738277728257
251283140876845056
251281055208853504
250627806072020992
250626800567336960
250617552978460673
250616630365810688
250284039645323264
250215771244998657
250214878122500097
250167445237678082
250151596674125824
250149044687613952
250132812945051648
250132788722929664
249140173177233408
249138679656882176
249108496774225922
249108121623097344
248825272399437824
248777791456292864
248773508677636097
248773382898864128
248741795457032192
248741091518582784
248707837230993408
248441681240805376
248409789506412545
248317067244236800
248100506206105600
247672938034237440
247672905859743744
247670904740528129
247656380130013184
247628702735814656
247610218568118273
247600862799728640
247600036681236480
246647027587481600
246574697398009856
246292843763740672
246245374484951040
246194424961458177
246188135141216256
246187739467374594
245990617912578049
245976462182735872
245911889564016640
245844461555437569
245844074328895489
245843835425533952
245843445757927424
245843102370242560
245841255718871040
245839080825450497
245838476107464704
245837891392126976
245837152754221056
245837087058825217
245831397879721984
245814494725537792
245802300755570689
245794679440961536
245781449133916160
245781108493524992
245487940975878146
245330701627568128
245326913449644032
245325965616631808
245324864804773888
245324419877175299
245324034156396545
245322460860387329
245320796640247809
245320458977816577
245319793899622400
245319411911770113
245317145888698368
245316495977103361
245289968853975041
245275265373196289
245057100034744320
240400832133214209
240399991569526784
238697753096646657
238671630711267328
238670317705363456
238669969171296258
238604020506320897
238603784555732994
238603583124279296
238593346635980800
238588988536012800
238567266684387328
238288615417991168
238285236843204609
237839095634731009
237838989141360642
237822183664136192
237573682023784448
237501848435691520
237469457222606848
237469114099187713
237465906895286272
237464184030384128
237464041939943424
237462105454944256
236824993055514624
236739763342827520
236546880857841664
236502988305342464
236502820227014658
236502725968404481
236502490588270594
236437970608082944
236436649716899841
236379031908544512
236372002112430080
236133037035905024
236027174644219904
236027053852479488
236026816303878145
236026690831265793
236022777423994881
236021812746674176
235766258430246913
235765776215314432
235761722760257536
235761163181367296
235722861791305728
235698777263075328
235698628776321024
235698487663136768
235698068203372545
235677505288286209
235653361955909632
235373094569656321
235372538929233921
235336626128175104
235305487275528192
234633546403282944
234592464999174144
234360324801826816
233853832751378433
233676728545972224
233462138180603904
233111325495156736
232869067751563264
232844350491615232
232843185280389120
232761295483588608
232732208811618304
232519549776437248
232518455721603074
232505565501333504
232490890478891009
232490035100909568
232486494932172800
232485897516503040
232467446706081792
232466252503851010
232464989649268736
232414650329858048
232217284746280961
232131075739115520
232068391383494657
232065173513437185
232062464802566144
231317928245592064
231312237472657408
231308427643715584
231298323502473216
231295687436939264
231295532323196929
230979638938177536
230950703793852417
230938807363596288
230584032390443008
230581926237466624
230339504546926592
230317136931876864
230316004352356352
230315680724037632
230315138476027904
230314936524492800
230292503612514305
229883427569152000
229881244987572224
229868036755165185
229860742583705601
229860257927680000
229859411278057472
229859222676967424
229662442177830912
229624103361978370
229582160024199168
229163219208531968
228976439687520256
228963579527847939
228960136285270016
228959343784120320
228957819959926784
228954949730582529
228954352625274882
228954101667463168
228953630114471936
228952674664591362
228951685802897408
228951415115104256
228951151935107072
228948851715878912
228947994517573632
228947193158066176
228946816513761281
228946250362404864
228945107095797761
228944088232247296
228942507512315904
228942139931910145
228901337142800384
228851743289651201
228824668721786880
228800064628350976
228785709396398080
228784958603395072
228557043177512960
228556944082862080
228554268205006849
228552692535021569
228547153348399104
228501805175279617
228501465004642304
228501334830231555
228463449238282240
228463140151648256
228462989043445760
228410316885725184
228408706725978114
228408358003154946
228406416803758081
228203826782552065
228169704898981888
228169330515406850
228162586619822080
228161928382537728
228160621315760128
228159943105187840
228158840800153601
228158621828132865
228146545869082624
228135019141550080
228110883316977664
228107390908760064
228106938376929281
228106658960769024
228096017969590272
228076911849529344
228076772716077056
228070289798463489
228070011695157248
228069680957497345
228050958326829057
228048652080410625
228048022385328128
228047164247523328
228045089354702848
228043732828692480
228041862987010048
228041239994462208
228040512710537216
228021752733786112
228021627194077184
227436806390571008
227435887582134273
227410375031803904
227382995781287936
227382358620372993
227365113026445312
227343053394952192
227315564975112193
227304352535162881
227029414087651328
227029274480230400
227026876500148224
227021118219886592
227011463942905856
226271096415059968
226270689668259840
226268053384605697
226238232545878016
226232628796338176
226232306904477696
226229255200186368
226229065441484800
226227765857361920
226218911656456192
226218777774272513
226218473183916034
226209486765953024
226209336798633984
226208851748347904
226001691223408641
226001659069870080
226001413958930432
226000123216424961
225999516220940288
225999059557683200
225985157121859584
225984145556389888
225971615534555137
225971314140274690
225971016998985728
225969941994668033
225960535471058944
225960332554809344
225893444390883328
225877212342149120
225603521012187136
225569774527193088
225569295592198145
225552874954956800
225498325313536001
225498142777421824
225282673059434496
225282108917166080
225228922550366208
225179657564205056
225176513815904257
225175931910750208
225175508600619008
225175429592526848
225124589523566593
225120569144778752
224778237350387712
224767037556264961
224086745568911361
223463802832826368
223382251038183426
223380772671852544
223369310809235456
223361499555561472
223361404407783424
223360880417587200
223360412844961792
223360135874088961
223353995215900672
223353778647220224
223353392498606080
223353060972437505
223349454735020032
223347650433523712
223328290394480640
223103619111723009
223051245068353539
223046455500345344
223024096752058368
223022148783058944
223021679251701760
223019326825971713
222737336549654528
222653850983735296
222652993034665984
222649708512944128
222645772590645249
222644961387094016
222644666623983616
222642538450923520
222641990611910656
222637066654195713
222635213619085312
222628464711311360
222286623231057920
222286169109561344
222285746940280832
222284930422554625
222284150449778689
222282962945851392
222249782930972673
221286003472744450
221285817321136129
221284972265357313
220846886922358784
220818523579088896
220817081531248642
220786634776514561
220540702625509376
220475983571075073
220475261483888641
220474663212552192
220469202467819520
220194972018819072
220194628694052864
220194568627433476
220194474582749185
220194148416888832
220194106717126658
220194064849567745
220146083488219136
220077303391195136
220076547430821889
220076362143240192
220066869862875136
220066714531016704
220066286066077696
220059839244677120
220059152645505024
220055167712772096
219826536658907136
219823775556964352
219807677168099328
219735514671087617
219725654432813056
219710631169888256
219709255941492736
219168824052826112
219110576746545152
219030425492918273
219030368303579136
219030204004319232
218740306303139842
218626440088911872
218619386318168066
218618845705936896
218604456563060737
218602417384722433
218601761525596160
218600497232347136
218599110289260544
218598785931161600
218371649278451712
218305913101103104
218304452434731008
218303868428226560
218299923299450880
218268402119213057
218040984280375296
218030710970265601
217969993193758720
217969951313633280
217949975961812992
217937295792279552
217937272962691072
217898670530633728
217614931925794816
217614368806940672
217612988536991746
217612505940365312
217536885617209344
217263575486574594
217240417396199427
217239696026238976
215803015846830080
215471159955832834
215378439140683776
215074949646397440
215074619911184385
215074388708560898
215059657486630913
215059322827313153
215059202811502592
215058976826605568
215055992692547584
215052629557002242
215052430147190784
215050557956702208
214976218322317312
214754192148008962
214698397398073344
214656222102700033
214633446834847744
213982948490354689
213954036972519424
213954005037105152
213940555829346304
213636207140290560
213635528980049921
213635437158346753
213577930515808256
213541984361652224
213330384652472320
213247524486660096
213226445428899840
213226240377749504
213225282033815552
213200746789871616
213199713648910336
213181288159518720
213169866860003328
212948536252309504
212930110305734656
212876790904004610
212866337570172928
212597091111931904
212595468633513984
212588847333261313
212201405241499648
212200865627508737
212200811500011520
212089520856907776
212088657761411073
212088525510803457
212088069493506049
212087753339449344
211832439214051328
211083055878782976
211082554286149632
211077537936314368
211068269405278210
210980906800910337
210678864572194817
210678406126383104
210207798775132161
209623089254907905
207470956871032835
207436685133348865
207213225064939522
207199904559398912
207028747814174720
205989337937084416
205723368295636992
205719901019701248
205593228823633920
205297702668472320
205253971420520449
205252280495247360
205233324124422144
205220881495105536
205220395819868161
204988304209350658
204946223378075648
204944979922137088
204944315666018305
204866602221584384
204866421241556992
204866283332833280
204861751513198592
204861098887888897
204858686080958465
204618091903205377
204612382331383810
204580316424310784
204579890094276608
204543555346251776
204535339426136064
204535078112595969
204529586011258882
204527112944754688
204526598282686464
204526532834762754
204526186473328640
204526086204297217
204498720073584642
204253444888989696
204239619338940417
204238000266289152
204139162113294336
204138348560912385
203483393269309440
203476536656019457
203423242814369792
203422988425637888
203422890970972160
203404702728196096
203404314532777984
203400473796034560
203397672613330944
203383002250747904
203249262505623555
203158865393614848
203146394217877505
203060043292213248
203049906204717056
203049137845968896
203037931198361600
202817726153097216
202696079047798784
202692841011556353
202692707964039168
202682448423821315
202538062906003456
202537445256994818
202428477998235648
202377512741900289
202377296127070208
202376871525101569
202328581710426112
202328204067880960
202326513557843969
202326424110112769
202324842618421249
202170357006868482
202166088816001025
202165747844259841
202146119873069057
202144708150042624
202144620665253888
202082467539197953
202072834820935681
202072275439202304
202071642627772418
202071471621804032
202050534864199683
201996774678863872
201953996678762496
201952886731706368
201944800025518080
201712680078290944
201709721147805697
201701485367660544
201698114732695552
201695983808167936
201691520426975233
201681198911725569
201594632583397376
200973634897059840
200875315638181888
200714899528237056
200713703568572418
200713332846628866
200713128563052544
200710438479085568
200706778529415168
200645501245333504
200644872464642048
200636125533044736
200619737640738817
200617955145433089
200609069512409088
200595325214396418
200592445803741186
200571651623100416
200571144166834177
200344570788196352
200342562781937664
200253195438669825
200233430137569280
200231004772892673
200187680951255040
200182278788366337
200181180149153793
200180611942596608
200180175361683456
200130632217657344
199993178294718465
199991874495320064
199865387796537344
199769209058770944
199613441059729408
199610368035790850
199605678527090688
199469064396083200
199463203992911872
199462886098206720
199462559735218177
199462216884420608
199460716753846272
199172646246678528
199167903403225089
199167672125095936
199167387239587841
199167243098140672
199156068826349569
199125628212088833
199125542690226178
198704463698075650
198694864802689024
198457013561327616
198433450594811904
198413426941366272
198395878753566720
198373022506295298
198365229225226240
198350770490458112
198186338011455490
198185133726113793
198167205140111360
197982718544453632
197976894224863235
197973371017904128
197972335863664642
197971997169430528
197970180201136128
197964182484828162
197963911780249600
197804628983820289
197661571940487169
197644873279610881
197639530575167489
197601517040189440
197401304581152768
197343467221942273
197307027431751680
197297688776163328
197052227880361984
197049512248881152
197031189775777793
196656156494659584
196649473965953025
196648663177633792
196640084815122432
196638135361339392
196578560759185408
196302638596362241
196286260262879234
196284754365132800
196284625025368066
196284337807822849
196282287535554560
196281833456021504
196281750127779840
196281458468462592
196280858045452288
196179277295788032
195931938136141824
195920943858728960
195920277689991169
195908288821460992
195906343687831553
195905790131965956
195905391043940352
195905239637966848
195904614409838592
195904527768100864
195904395806912512
195878618440798209
195877816968028160
195877167073198080
195544110164213760
195539133286989824
195538629504929794
195538350881509376
195515792584998912
195512243666960384
195446919445745664
195446343483932674
195445811562295296
195445593231990784
195445418992222208
195444868724690946
195420252073492480
195420066601385984
195419889895354369
195419748090122240
195409174744674304
195178996697272321
195106694777417728
195096346565410818
195078043117686784
195077609934159872
195076459310751744
195075377922715648
195072402433118208
195068410529464322
195067779978760192
195047729846685700
195044569677705216
195044339288780800
194852465118674945
194851465322438657
194848990666301440
194846692846215169
194845915150954496
194845641556496385
194844866184871936
194844174351220737
194841432870236160
194840480700309506
194839228037865472
194837274729517056
194799209344540672
194796326540681217
194791192049885184
194765099553136641
194458146708799488
194458045349244929
194457962624991232
194403763304407040
194386453118189568
194351724327215104
193616492477165569
193616296758362112
193348472039161856
193348339494957057
193291583356026880
193291260558180352
193268600310734849
193268542857154560
193267985572564993
193260751534821376
193259742729211904
193259131333906432
193259004917583872
193258360160784384
193258094204162049
193257600987574272
193257286813224961
193257145154797568
193256890812207104
193256363474948096
193256264829124608
193255990790078464
193255681103626240
193245579864850432
193244893794148352
192887973895864320
192872876314071040
192870715345735681
192374496555044864
192295582663053312
192235756868206593
192235367066370048
192235170684866561
192234964203474946
192234143143305217
192184099379744768
191926319397879808
191923870796754946
191921652534231042
191858145813991424
191855174095077376
191855024962420736
191854886059638784
191854831495950336
191854676805812224
191854630475530244
191854437503991808
191804232012275712
191786303472402432
190850264616546305
190826955220860928
190796944862478337
190791689990975488
190790469784047616
190747709186129920
190746061772570624
190742902148825089
190733481284878336
190732423569477632
190732102164168704
190067966988132353
190022698183823360
190021840629018624
190021527721349120
190019948880465920
189972589664415744
189758486375182336
189724623426957312
189724292643160064
189723843412238337
189719893355143168
189714037955764224
189691526333472768
189691130529591299
189672472977747968
189671553225601025
189671284660113408
189638474876456960
189632297262264320
188334827995541504
188321224127025153
188321148549869569
188263806680571905
188261406104223744
188260713037447168
188234134760591361
188198135212933120
187865076626231296
187808525290971138
187508473565687808
187508176663482369
187507816314060801
187460362487083008
187460238671216640
187215459521789952
187214961213317122
187136570506219520
186922774747545601
186922449672212483
186922340809060353
186918937513037824
186798240929292289
185500468598943744
185384926118543360
185384040700973057
185367231184650241
185307169145618433
185000028442599424
184923036984676352
184673852406763520
184673459945738240
184400970543939584
184400825295183873
184386776318746624
184246086347661312
183975702893297664
183879686294749184
183869321322307584
183868583883972608
183856265217318912
183850166372151296
183850136458375168
183850029998538752
183171724727160832
183171304906702848
183140379686735872
182903201622790144
182893755534286848
182893396669644801
182889618415419392
182827913488506880
182827824237907968
182826897783275520
182768069834317824
182760433730600960
182540948528574464
182525536327831553
182525296459784193
182519140614012928
182518578082357251
182510207006543873
182501346170241024
182491096507625473
182489771065614337
182489729403592706
182482771170689025
182481092845121536
182480895247265792
182476576179490817
182467780111638528
182459207797325824
182457135119089665
182454757112283137
182454692410957824
182454341926531072
182454257948168192
182454075755991041
182454041257852928
182453941643116544
182453407834046464
182453078325342209
182452684949954560
182452089820155904
182451934765137920
182451839558627328
182450654831316992
182449816993927168
182449454635421696
182449263379361792
182449098337693697
182448710079348736
182448129667366912
182447920744898560
182447350311174144
182447218547105795
182446629213835264
182446069228113921
182445934679035904
182445557518827521
182444942252191744
182441554223435776
182119380937740288
182023578689077248
182023223804821504
182014239240761345
181866958982098944
181862768964665345
181712344693481472
181709962102308864
181697444625657856
181669762831613952
181503494803562498
180688344936751105
178569288377044992
178552203190091776
178550382283333632
178550052854308864
178543026073903104
178462145107869696
178256147772489729
177444873107013632
177444559343714304
177417126523584512
177416230045618176
177398983654768641
177387472290971648
177370111936692224
177306682005786626
177189277657088000
177188189080006657
177077643680821248
177071118170066944
177070881175126016
177063960900669440
176999363900485632
176985565575643136
176963204709232643
176946510506901505
176719018412097537
175381636664393728
173101545796280320
173100950460964864
173081655899193344
173041510693076995
173041237681647616
173041052117237760
173040834281865216
173040601548341248
173040239206596608
173030417379762176
173021646830047232
173018779301851136
173014660700831744
172818892652150784
172763406103875584
172763339187957760
172755215450243072
172739914394374146
172739777492299776
172738066665062400
172699171915177984
172698084038557696
172667174513688576
172666399444045824
172654630709366784
172371393806213120
172370985079672832
172369810938802176
172363171489783810
172296243811336192
172295380233486336
172292888372326401
172291143541858304
172265114412658688
172264634856914944
171915180085751808
171914802871009281
171912628246028289
171909028111319040
171908830060494848
171906904992391168
171897433687732224
171871454814670848
171869965400551425
171682166151974912
171674445986013184
171672358015344640
171656636480495616
171597530600194048
171510466529591296
170543865206554624
170543214074408961
170507467690754048
170502839058169857
170500241366323204
170499959949504512
170450620053065728
170442692864655360
170442604234813440
170438521658671104
170417812874067968
170282913873670144
170282641633980417
170271010300493824
170252274323570688
170091945526431744
169826230319841280
169744109500768256
169743560634150912
169717338927677440
169716476364861440
169711521499320320
169698058634932224
169696674153906176
169477781112098816
169473391315787776
169472595622764545
169328643275882496
169044478173261824
169044017227644928
169040778709057538
168966117199581185
168667407638999042
168029125716619264
168006681844924416
167957133000843264
167952162498940929
167951298854010883
167950165200748545
167945468242964480
167653284956487680
167653145160335360
167652938595045376
167652197297963009
167651915545591808
167597562667352065
167596876437274624
167596647256293376
167596351033581568
167594499273531392
167327131016241153
167326480504852480
167278420819054592
167278051955195904
167277122510000129
167276921829343232
167271776177496064
167238784289742848
167206180068933632
166980061667405824
166918638153117697
166898662029533184
166451723345473537
166442549496647680
166118390245765120
165835019204571137
165834908131016705
165439839506923521
165439760586915841
165376699507281921
165358060754321409
165126489409466369
165105569194192897
164755282805800960
164751919838003202
164751427653218304
164749200872058880
164741851881013248
164684939269382144
164683088654376962
164681845588508675
164680845733527552
164660878917120000
164660763078832128
164660631264436224
164659906748743680
164654085381947393
164651758700859392
164638274516828161
164408313293967360
164354049410469888
164325654156943360
164310541433708544
164309885465526272
164306066065195008
164305713475231745
164288476680962048
163944891133591553
163753547899486208
163752007327428608
163751806562865152
163695425919008768
163695007969189888
163694800753799168
163694196270694400
163693682074198016
163629508627398656
163624893198499841
163624728924389378
163624687270756353
163624343790829568
163623711604350976
163623610790060032
163623274981502977
163623114666807296
163622910743953409
163598164614594560
163580081812414464
163579542596882432
162966488804884480
162956533808898049
162954969836822529
162954537043365888
162948948775022593
162945390835023872
162941471056592896
162939168459198464
162938464004866048
162937088700973056
162936814410276865
162929382430752770
162913531736506370
162906975573778432
162905775403053057
162905489976471552
162801130148077568
162578503894708224
162575925576351746
162575663985987584
162574765062750208
162573886016339968
162573022547542016
162572481692041218
162571042110447619
162569406503854081
162568312948146179
162527946005954560
162489876539912192
162484035048849408
162464915892867073
162463796881932288
162105550329487360
162104438922813440
162096374144442368
161866652810625024
161865740490772480
161865083192999936
161829710358261763
161829439070670848
161825244196249600
161493854271451137
161493146356809728
161438042584915969
161428797479063553
161034122486235136
161033926587064320
160431311780192256
160418473183420418
160376437138923523
160344924603154432
160337381151612928
159983446318530560
159634847025987584
159633799720865792
159633544099008512
159633393397669888
159633274128437248
159569600567185409
159565302336733184
159319147346542593
159236150974873600
159189502408146944
159185949207703552
158913386879520769
158902652774785024
158683080796803072
158682619951857664
158665537856077825
158664669450612736
158662518343081985
158662326260744192
158660505249128448
158570481002348544
158569830184792064
158569451330076672
158568707554164737
158568347297001472
158556666701418498
158555882425298944
158554425647054848
158554346697666560
158553886293110785
158553524597297153
158239549024247809
158239130160082944
158233221539180544
158165847188324352
158165369180270592
158165298506248193
158162817600585728
158162436573245440
158160386871394305
158158901458649089
158157839582498816
158157299670720512
158150659668062208
157736517886951425
157529469811298304
157410469479596032
157026968796266497
157013707841478656
156879756053323776
156847492699389953
156847317465567232
156798204665536512
156670256872558592
156664642532417536
156657896384503809
156645179246379009
156644322572382208
156643381332803585
156442085925466112
156441958703837186
156441657099816960
156441071767928832
156338273550204928
156283099922169856
155377642214916096
151722832882184192
151375844059791360
151355741368893441
151304709129506817
151304308191793156
150215174362644481
149531092691595265
149531003222888448
149529709141700608
149429927358377984
149417492949897216
149411161828360192
149207700117520384
149088370134482945
148037592993103872
147589730081570816
147033213351641088
147009199610662912
146976523830833153
146976028881989633
146974433758806016
146971096577609729
146970209322930177
146969133538480128
146967613740814336
146966298742624256
146887383399407616
146857568759848960
146857398752133120
146665749333811201
146665657113657344
146659072463220736
146595593681252352
146595429369389056
146595100003270656
146594954943283200
146594500603678722
146594425114607616
146559323110256640
146558035916095490
146530158294220801
146527971732234240
146525619893702656
146521148362989568
146520162185658368
146368237477695488
146367974222204928
146366078619103234
146307091940917248
146306879491026944
146296535624318976
146296145205919744
146264053864595456
146255764925849601
146204446769164288
146163494675431425
146142026931503104
146140465664770048
146139707691106304
146138355921469440
146136268307300352
145850012440592384
145849798824701953
145849714187833344
145849511871397889
145845840848752640
145845461482356736
145845190429650944
145843917470973952
145843569385680897
145508957342019584
145507806160764928
145236420653613057
