398130658151002112
398099813205827584
398038391620915200
398027856389099521
398019676632272896
398019619531005952
398019263585611776
397880297037250560
397875317580521472
397872177070223360
397870060037214208
397863183139889153
397849534614999040
397511898075516928
397481311595937792
396990959608946688
396968441011527680
396959592623923200
396959135784525824
396790896446144512
396729394603237376
396717014045450240
396600727466176512
396093866212073472
396093180837634048
396092889987817472
395717043519234048
395705352005894144
395699167651446784
395698168182358016
395242810833907712
395242073068408832
395241905543712768
395241654241988608
394949554178887680
394917547667361792
394882584309944320
394880998548455424
394863800438255616
394853011492970496
394849812568633344
394849455369101313
394847631819960320
394829576830218240
394829465676955648
394540011649245184
394530109220487168
394529663764406273
394529256904331265
394442972084715520
394429855330484224
394246220832854016
394236647472365568
394147562724540416
394147145336778753
394077869951160320
394071876571766784
394071556248576000
393859479273742336
393745551612981248
393517811760635905
393517730261139456
393473396702740480
393059438795702272
392961913468227584
392781826005413888
392597462894264320
392357499774726144
391929476118249472
391897710456229888
391888104967376896
391887708198813696
391887526522535936
391887362680434688
391886737922097152
391858433609437184
391858214767439873
391692605568057344
391689679957164032
391686180435406848
391685441143185408
391685295974141952
391634157786656769
391633807339966464
391239948718055424
391221503926493184
390837974239576065
390760491070799872
390225361826770944
390225238384197633
390211312074358784
390150756172824576
390136403746881536
390134877636792320
390134409229508608
389821878057332736
389813264605249536
389812872219754498
389797485595881472
389693825914249216
389455565505957888
389369555463987200
389369413688119296
389368513804378112
389341873699295232
389341094129201152
389339972077367296
389339600118116353
389339476449042432
389339106012311552
389338873463324672
389338777308913664
389338639790252032
389338544072056832
389338278237069312
389337664841064448
389337596956266496
389337553398431744
389337327006662656
389336870930612224
389113174894850048
389113066107179008
389111664752463873
389111586977497088
389111542572400640
389111465036500992
389106276976033792
389105946884329472
389090841077497856
389083274913792000
389044023455129600
389032758586388480
389032456185462784
389031943125602304
389030959389360128
388821844499107841
388821568149028865
388308548746489857
388026066860007424
388025896818716672
388025726836178945
387966771841728512
387841115619360768
387360206218596352
387360048286302208
387359193961095168
387213344459227136
387212536208457728
386970664194035712
386970251671666688
386969504443822080
386969001668411392
386968547148443648
386919608437186560
386919541319946242
386919488723382272
386919438655979520
386919386743050240
386919310155075584
386823087960129536
386817351515406336
386779874700296192
386774204609466368
386769099969544192
386768455728644096
386768149276016640
386767586064859136
386767241498603520
386605777219502080
386561654554902528
386561105860259840
386446302198116352
385387760351477760
385337660279382016
385154907122450432
385146269964206081
385145751506264065
385144740779675648
385125611444109312
385125407269617664
385124887473684480
384946334417297408
383857083869044736
383364190649716736
383341560647385088
383341444301619200
383341396910174208
383340588784836608
382850230045388800
382576199178129408
382426075525308417
381890300878544896
381887211551338496
381878261837725696
381867594162405376
381386736099549184
381381219109597184
381355435707887616
381355000993427456
381354791278223360
381354400461381632
381182539391459329
381121074295234560
380751321571532800
379577522977243136
378950372276318208
378302260788621312
378302010292195328
378301345142702080
377916908232011776
377916832084414464
376759244332470272
376759097015947264
376758241445044225
376473526112645120
375177089580019712
375176907979239424
374650646886363136
374624625600520192
374139697716817920
374118781226057728
373752851623079936
373748049019158528
373747626556284928
373747560957378560
373362285915680769
373175905277210625
373170230576836608
373170104571543553
373169901743394816
373169616182591488
373169456870359040
372995041931063297
372994677680926720
372828871437324288
372651084390883328
372428974154326016
372428836967026688
372427085073350656
372328835586744320
371556396636336128
371371150242512896
371370789406515200
371370577124425728
371370482102452224
371370319799656449
371368989320314880
371344547655475200
371344246089207808
371326554875650049
371326259034595328
371325326926045184
371325235163054080
371324731406159872
371324594080456704
371324189300760576
371323112186732544
370870254765084672
370843839197892609
370843661229363200
370843189118513152
370842929142976512
370842656991371264
370841558322794496
370841206768824320
370841078200815616
370840834591453184
370840545444507649
370839296913469440
370838717516496896
370717311617216512
370325053457825792
370324626871955456
370221415016169472
369247014266994688
369051935065636864
368853339837956096
368794818857537537
368794111521718272
368492848619851778
368492200541163521
368479314225807360
368478076977442816
368477812530749441
368477164636618753
368477128028721152
368474513454796800
368474013385129984
368473691287724032
367994124081057792
367752499589292032
367675167876853760
367568014465830912
367421485516062720
367420642788114432
367412516978458624
367377764531568640
367375200389980160
367373233697615872
367371932477714432
367369245984034816
367339050400641024
367284387890876416
367284117718970368
366904547882434560
366904347612807169
366288111224881153
366252950857199616
366252450912542720
366013155366809600
366008588499550209
365826456078651393
365678002316656640
365098233107718145
365095858095652866
364511656363061248
363645305817796609
362995113259438080
362988453337636864
362985769880666112
362634598900957186
362633741828493313
362326334103498753
362282610128465920
362241346616045570
362221729411641345
361848705608982532
361846520590508034
361846137826709505
361843543263821825
361843300304568320
361843188329222144
361842863341965314
361842283739480064
361841835519377408
361841355976220673
360885541044105216
360760667566915584
360760532237688833
360049567812694016
359724031898955777
359429312237154305
359382735401398272
359382688005767168
359186945533935616
359046782309109760
358674553943621632
358662981984321536
358400136877064192
358340459849986049
358258312036352002
358035371168247809
358035187114192896
357952936103510018
357932899816833024
357922812024979457
357922676356030464
357922494079975425
357913318897356802
357911638403346432
357909932827348993
357889424958291968
357889312244760577
357889131365412865
357669862627225603
356814552484151297
356139949197766656
355803991571042305
355803328724205569
355801152677355520
355800758244999168
355800610311897088
355799465124306944
355798625290428417
355798568759607298
355798428351082496
355794095345639424
355792636122103808
355476147196280832
355455874971611138
355001780574228483
355001614123270146
354894884504731651
354730767303180288
354395518333493248
354394649189822465
354391311194918912
353944563758534656
353920043270160384
353864067011723264
353820124186292224
353638985588948992
353119760185192448
353116803771281409
352940935518236672
352926044459778048
352920963639296000
352559898506170368
351081679261151233
351073283589939201
351070739719401472
351070619137343489
351069644909592577
351069443511681024
351066974568189952
351045851352797184
350993695069310979
350993302419546115
350991198581829632
350988639574044674
350982761697390594
350982577244479488
350603645185818624
350589915039416320
350390710098337793
350193085323558912
350178265878634496
349586603217395712
349576949267562496
348578097995587584
348546242269290496
348528113619181568
348527720470306816
348527580393119744
348526388128673792
348525970665390080
348525028297551873
348524825196761090
348130174216331264
348129866685759490
347871610113490944
347871285482778624
347428205088620544
347425993541177345
347118027323613185
347115989713944576
347115910387077120
347115439496757248
347114821260541953
347114642537062400
347114416006889472
347114319353364480
346878168830996481
346382964894072832
346025442836361216
346020197850812417
346016253451849729
346009537427419136
346008802228858881
346005656739905536
345988967038078976
345988615576379393
345983491676205056
345982375282479104
345875547290734592
345867285388488704
345862107893481472
345572753291743232
345572577114206208
345571513459683329
345318841200570368
345296590816296963
345292094925049856
345286703226957824
345281626751778818
345281359335550976
345253996920983553
345253963886632961
345253653101309952
344929644790829056
344926703971336193
344882106121457664
344728924930072576
344723549069647872
344567298599821312
344557979787476992
344464303203692544
344437150567256064
344436880466669569
344436593551106048
344433538625581058
344433194218684416
344432981131264001
344432078714175488
344431596679593984
344431249219276800
344430358877577216
344429059025022977
344428475081449472
344428200832667648
344427452321394689
344427392061804545
344426533252919297
344426457541529600
344422543681286145
344372261274415104
344371713947074561
343738453634215937
343723548650647555
343722757969829890
343715880875720705
343714931079778305
343688869012713472
343672885728124928
343506386505854976
343450970220548097
343439815490039808
343439155826679808
343410063593046016
343409808470327298
343409460045287424
343409292050829312
343409103315537921
343408670496940032
343408620458872833
343407920706363392
343407773830230016
342954655476752385
342953042854961153
341822182231523328
341610178782846977
341315615161733120
341252368970694657
341250706977730561
341249720431296513
340936959381893120
340854763350552576
340807795798597632
340550931340984320
340493961162522624
340202476496113664
339887771072212993
339878382202408960
339878054736297984
339877901849726976
339802133262135296
339695284248518657
339694331323625473
339650830607200256
339448851440218115
339411505067991040
339157179766538241
338796768642875392
338627576174112768
338580426782294018
338579669379067904
338579458103595008
338578776705335296
337842851650093056
337725377038413825
337353413455126529
337348848752132097
337348359037800448
337347632076824576
337344053253386240
337342895982002178
337342470574718976
337342165661392896
337341895997022208
337341724437397504
337341435701493760
337341295381061633
337340786687492097
337340426354823169
337340225158258688
337234305111691264
337233980573229056
337217415391887360
337110078530412544
336912346779881473
336892995272056832
336891967063613440
336891685143470080
336890971247747073
336890750476361728
336890300972810240
336890021015592960
336540888589299712
336540773665345536
336537497733566464
336162773597839360
336162546744692736
336160986820132865
336160215638614018
335901232126390272
335530170301693953
334787074228105216
334272574282412033
333691427102015488
333689327915765760
333677447226748928
333608915105370112
333566904121843712
333566641277399040
332954273526738944
332951399753187330
332238330462875648
332237891763830784
332237622569213952
332227549541318656
332212595492806658
331874639250853888
331867384019300352
331862366025310208
331822495952928768
331377044229324800
331368895074152449
331368781563715584
331350166969917440
331191715719434240
331186028138356737
331183366382710784
331182466075328512
331182382025674752
331180972404006912
331085950945992705
330975958628724737
330972833909981185
330972558868484097
330647979801333760
330593703863402497
330442420187709440
330412172272349184
330014814879510528
329895358798897152
329894937388781569
329711814004846592
329274865406324736
329263470270902272
329259108479946754
328993374021505025
328577149520973826
328577050468302848
328576327965872128
328533681188773888
328150959672934401
328150677404659713
328150546760495104
327565380019163137
327558378320699393
327536066934493184
327073530044874752
326669990633816064
326660286641737728
326050934696341504
326000037517737984
325951954641645568
325697641319120896
325689572275142656
325681909109755904
325289271093243904
325036165541543936
324599617121574912
324595623091384321
324300490349363200
323922452113674241
323922194440781824
323921968019685376
323919919056027648
323919853792677890
323814785818963968
323698238232350721
323697989094883328
323580721862176769
323571285764481024
323569572018012162
323569214235500545
323568978339438593
323567976450228225
323567623658942464
323567210608066562
323566962087174144
323562373413752832
323558197724078080
323535210555781120
323535051952377856
323534851896647680
323534758388850689
323534265239355392
323515980217196544
323515944150396930
323196596349181956
323189561385697280
323189286868508672
323187287615758339
323161414162325504
323158107830251520
323158035189084160
323157118154838016
323142537088995328
323141900959887360
323141108458729472
323140487332630528
323140346815057921
323109786096898048
323043571496263680
323014557519994881
323014400304877569
323013067715776512
323012913906454528
323012248719200256
323012013741715456
323011839824904192
323011639689478144
323010683325251584
323010539095740416
323009866291630082
323007796243202048
323007213188812802
322843222550405120
322842788263759872
322842273685594112
322747959093628928
322747689072730113
322747482318716930
322730841958658048
322730725369597953
322729816996581376
322729409402503169
322729220054872065
322132771197829121
322081475812028416
322072974335279105
322072925240967168
322072788540211201
322072660366487552
322072527843233792
322072470175744001
322072044692987904
322071661941776384
321521328576397312
321336415629746176
321239318029033473
320663374717411328
320620039264952320
320575578325536768
320575231116865536
319952466034688001
319951797638807553
319905113076551680
319006809434247169
319006655868182530
319006414485991425
318813874931503106
318813102827261953
318812542493401088
318812391334895616
318811919656038400
318691491440635905
318689934728888320
318685012008517632
318498314930774017
318363766100226049
318139390704623616
318096833769529345
317939378011918336
317938642259673088
317927375516098560
317927306125537280
317927031805464576
317926694109454336
317926581001670657
317926430581334017
317926297181495296
317925928355368960
317764070239526912
317757044729978883
317746581199794176
317746289880211456
316989258697150464
316705620680134656
316700604875567105
316694865561935872
316624672932380672
316624338654748672
316547196273176577
316498798031556608
316329424146558976
316328845621993473
316124597663707136
315965306797428736
315958769936904193
315958157073608704
315767200361369600
315767110070591488
315766930281738240
315766859855167488
315766723380916225
315766564265816065
315766133259108352
314541520067907584
314057598376767488
313790712170819585
313789898127728640
313789380512849920
313765477560225792
313765388129292289
313749442379526144
313737714539327489
313737536453369856
313737433067962368
313737216553787392
313737079123218432
313720942939500544
313717599689129986
313714912541155328
313588878428762112
313588767934005248
313588729975562241
313588363091402753
313587505729515520
313587253777674240
313405184950808576
313386681573203968
313382376875106304
313380884910833665
313380775414333440
313380637031665664
313380222001102848
313323042631741440
313321529972764673
313321445826629634
313319807518916608
313249818124378112
313249672955326464
313249598187638784
313225397997289472
313225350698123264
313224672055554048
313224305276235777
313224047133593601
313223140606111745
312943492856963072
312927581810851841
312876205407862784
312861476899655681
312861338214993921
312860907724230656
312730902356701184
312727911050379264
312723551113326592
312719614184390658
312718843443302400
312718690518962176
312718596142927872
312688469380067328
312687891111350272
312687807753756672
312684865495654401
312684730078347266
312684280499273728
312684127130353664
312683970460532738
312683915963949056
312683668881670144
312683378656821249
312358257803026435
312266170071932928
312265333119524864
312264830725808128
312264484699914241
312262964927418368
312261755017515010
312261610922188800
312240197993648129
312239753326125057
312128321364312064
312127391390658560
311768229934678016
311245758194126848
311244981530660867
311161581109116928
311092629720948736
310794411606945792
310774537602080768
310772693165281281
310435205662011392
310432872387461120
310394422330273793
310388050469462016
310151999196917760
309624179362242560
309604357207379968
309604246381285376
309604170497945600
309603427414048768
309602591678013440
309583126907195392
309582499573551104
309396561211826177
309237275370336256
309236031645970432
309232351169376257
308937750206369793
308622814418706432
308621345615388673
308147814200918017
308147033993256960
307764816016187392
307464775435169795
307459587567652864
307457317174145024
307277540496662528
307168359370350592
306889721957732355
306887590114652160
306865444189503488
306865140240883712
306864482100060160
306864353334923265
306864251631439873
306864114838429696
306864069581889536
306858061677621249
306856896487362560
306856360375619584
306555194458656768
306552313852612608
306551545414172672
306549249921925120
306547844708458496
306149028423409664
306137419491725312
306136698767679489
306129513610354689
306128832937734144
306128695775604736
306128562354798592
306128317650710529
306128004621426690
306127862212210688
305103690530955266
305103624596500481
305102730547048448
305100910340759552
305077922522333187
304708908268797952
304699509571727360
304393357654908928
304392032762359808
304375583977127936
304292356729995264
303660308684238849
303643318078820352
303563421742407681
303560352745017344
303506614562983937
303498657209122816
303207063885074432
302819530328121345
302819258096836610
302464864000036864
302460990606430208
302459553512058880
302397358136782850
302214342231851009
302080438212632577
302075843998539778
302075157609066498
302074979019784192
302074589381537792
302074563599159296
302074507282235392
302074453590953987
302065287807778816
302053665202659328
302053197399334912
302005123444514816
302004092484595713
301999776239595520
301995413072928768
301989943654363136
301989399674093568
301989150557605889
301987697961103361
301986779031019521
301855010864640000
301732460868296704
301399007052300289
301349876883652609
301325636717400064
301323618707705856
301061807429259265
301058553131716609
301057145837854722
301056893915365379
301056664805707777
301056581322293248
301056251603845120
301055729337520129
301055578011205633
301055211315814402
301054975268765697
301054791247859712
301054488058413056
301053799123001346
301053518125625344
301052014882848768
301051784053542912
300963276622282753
300928765050097664
300917022613708800
300916544165249025
300916316964024321
300915851715039232
300915080948744192
300914928976531457
300914126081904641
300914016824467456
300913637357408257
300913220854636545
300904736180277248
300904028173393920
300903575809306624
300903297735348224
300902977869320192
300763722006269952
300735210956419073
300721355840704512
300721210155749376
300707669474418690
300663276721799169
300661038779613184
300656567731224576
300656456187904002
300656025302880257
300653413547536384
300652476229623809
300652304334462976
300651914952048640
300651688702902274
300616292296183808
300547448152145920
300358622259589121
300349915383603200
300349566375583744
300349385525579777
300245290282254337
300237519981789184
300225095941623808
300219467261149185
300216535866306560
300024056646864896
300022866391490561
299988997327953920
299975206439645184
299802685585117184
299277731475120128
299277641603768321
299191467166019584
299114448050868225
299100379084369920
298817548617654272
298812864670605312
298811717717217280
298810655484567552
298810115300139008
298809922777411584
298803318979977218
298788836165701632
298542269282263040
298541524021563392
298441458275459072
298432849378426881
298412620044697600
298322832012763136
298322140246208512
298320824635650049
298002001776750592
298001666421166081
298001324807708672
298001005851865088
298000940890460160
298000185865424896
297800825747681281
297755366983335937
297749344780693504
297692322680938496
297686889484386305
297672278093742082
297659373885468672
297659297792393216
297658754265133056
297658477990539264
297656779859447808
297496864134144000
297489674665086976
297449710493523968
297272350381072384
297271759131009024
297111608629555200
297030957544902656
296741512304291840
296660130961973249
296417154985754624
296415222942560256
296413125362728960
296411836948033536
296409025472507904
296407432127717376
296406987346948096
296406565739696130
296405823536635905
296399432101011457
296396410058858497
296393737981026305
296392471213137922
296388202808369153
296301175182086146
296299221617893377
296298157762031618
296298081387941888
296297965117644800
296297735139753985
296297521024757761
296297408625770496
296297125556400128
296296951161442306
296296644834652160
296278634325504000
296275507765448704
296251888175808512
296250929659908096
296250677527715841
296247342435295233
296245962781904897
296245412241756160
296244360410955776
296242368628277248
296219944604020736
296182144189988864
296181829273280514
296055079818113024
295983735613059072
295964537897771008
295690511266754560
295575649492545536
295539169189580802
295505682600452096
295503299719880706
295493807871520768
295492254515216385
295492136961466370
295492001170874368
295491701345247232
295330477085175808
295318414619209728
295310018402742273
295261718773391361
295196055769845760
295190601345953793
295190423620706305
295188044435300352
295164957849440257
295132708751958017
295132601486819328
295132541864783873
295132375606759424
295132273429331968
295131883761700864
295131745009954816
295131456525721601
295131277760290818
295130805842345985
295130659989643264
295129680992952320
295125049097216000
295124760378093569
295123859215118336
295123407593435137
295123087211499520
295122413539172352
295109968745607168
294806202326581248
294749911793143808
294408916803133440
294237312664096769
293895298235908096
293894934426169344
293891850039853056
293891513849638913
293889836446801920
293698511264960512
293698418101067776
293674067083526144
293667817939685376
293651842263576577
293487981052952576
293487683764908032
293486804328398848
293486573343883264
293486195088961536
293485780112916480
293485192784535552
293416623128322049
293344622380466176
292975233290362880
292974595630325760
292956245021847552
292955251009523712
292954728009179136
292766535263596544
292667640151957504
292664106241101824
292631193566990336
292631093130182657
292630988675219456
292630729995718656
292628805103808512
292628662438739968
292626963753992192
292626797667954688
292361985394352129
292295297902735360
292282312245268480
292242586066878464
292238919892873216
292063282934718464
291911516935032832
291707726143299584
291707676411432961
291672133036298240
291598466919055360
291593137657352192
291561792969256961
291561481739309058
291558385688641536
291558305040592897
291538263490035712
291459712392757248
291316843568836608
291276449426591744
291250670059782146
291247547056549889
290977022455447552
290975205348737024
290974429306056704
290965889036201985
290965565428879360
290965270686752769
290934494440091648
290933036030234624
290932181151383552
290931971914350592
290931554933407744
290915687256436736
290910299471634432
290910183935311872
290768578309926912
290768072120336384
290758844081127425
290752033118642176
290751884636090368
290751667069153280
290750884223270913
290750819526131713
290577371168399361
290575427720843264
290574174907408384
290570060186152960
290568660802744321
290568285794230273
290497319592423424
290497083520212993
290245196816465922
290225215584215040
290200950063394817
290168564302897152
290146387864207363
290144146130366465
290143926369783809
290117539479044097
290116826376060928
290116565700067328
290116495877500928
290116383830859776
290116270395883520
290115993592799233
290077842685964288
289876916129918976
289841353171558401
289827110506352640
289826952901173248
289826653675347968
289825340581359616
289821116040622080
289820540846358528
289818725975224320
289816725694869504
289816384614055936
289816132867723265
289815791015165952
289815587322998785
289815526253928449
289815431047430144
289815002045632512
289814479355658240
289814320353800193
289814029269098497
289813616964816896
289813356578209792
289812874782707713
289811114567540736
289810840276840449
289810702984699904
289810379540951040
289809853730394112
289809625967120384
289807869971419137
289807656791728128
289807495868862466
289805761486405633
289804398463438848
289803671246602240
289727080034357249
289160813208539137
289160440628518912
289067646920577024
289066841446428673
289055168593543169
288790098139545602
288789386542317569
288773232302108672
288759290246885376
288752473760477186
288751195646996482
288730980062216194
288636745417891840
288636691537883136
288636593496018944
288556619174916096
288556300827250688
288424286614614016
288322993275408384
288258843916509184
288258569080565760
288258457562398721
288258348778921984
288258275999371264
288021829724024832
288019830278336512
287985587468779520
287887700726517762
287887589854306304
287887423441096705
287887298727641088
287886985127944193
287886365436309504
287885677297811456
287885402654797824
287885100933341184
287885010130857984
287702474788306944
287692701141450752
287679585880002561
287673485906542593
287673416889270272
287673130552541184
287672994401243136
287672699432603648
287672595183173633
287672320397561857
287672208036339714
287672087794053120
287671497730965504
287671300854534144
287670584089907200
287670361812783105
287670241268469760
287669932467036161
287669793711071232
287669023196463104
287668614813855744
287667981746573312
287667598454296576
287667300184780800
287667196811964416
287667079107194880
287666925390139392
287666843005632512
287666305807560704
287666125829971969
287665850637508608
287665715287306240
287665554251190274
287665465139023872
287665411963633665
287665332787744769
287664518077747200
287663902056120321
287663767750320128
287663330196324352
287663085450326016
287662754712674304
287662654577848320
287662544074719232
287662040930213888
287661004870017024
287660765056491520
287660531244994560
287660387871121408
287660294409441280
287659801138327553
287360181598318594
287359495439544321
287248396371234816
287248191047479296
287236765255868416
287233050973204480
287231571583455233
286997289128583168
286981878181924864
286981358671261696
286980469638189056
286980125214507008
286979567149805568
286973674035228673
286971979700006913
286969137778020352
286967943877775361
286967442796863488
286963164925542400
286962698237919232
286962483506343936
286962276337070080
286961820361687041
286961297969512448
286960841813798912
286960719990226944
286960591401263105
286959634307231744
286958748583481345
286958442625765376
286958246730792961
286958028102709248
286957000917655552
286956766703517697
286954492937789441
286954314130411521
286954009170964480
286953594282971136
286952985697865728
286952773549953024
286952582251954176
286952440106995712
286952206077419522
286952088754327552
286951992268574720
286951802975420417
286951317635751936
286950143222222848
286949303602274304
286905471921713152
286599883694166016
286599817566756864
286594953369513984
286594838869200896
286594679556952064
286594657071276032
286482851514445824
286459602810314752
286410227971145729
286409263759376384
286407457176158208
286406807298129920
286405547014647809
286402616072761345
286213113626390530
286195233610399744
286080700090822656
286079904834007041
286072529880219649
285932892406812674
285932713347805184
285925711653511168
285925482082496512
285877026114650113
285851199213821952
285838258225704960
285836841691799552
285836546077253634
285836459255156736
285836197434101760
285836006534545408
285835776049164288
285730161373097984
285729295719100416
285545572180578305
285533967770329088
285476638827896833
285475896910041088
285475803154771968
285399761064960000
285018827010490369
284378160315895808
284357965375483904
284159824365772800
284145326170972160
284144990475665408
284141424432254977
284141052795953152
284140861883826176
284140699576840192
284140640835600384
284140417069481984
284139996997373954
284139869498916864
284139464413048832
284139315628478464
284138941697888258
284138853793681408
284138275004891136
284138001326542848
284137242186903554
284073250072428544
284071945849405440
284071628751659009
284071287872159745
284070561238351872
284070368266817536
284068348826882048
284063782798508033
284039042805428224
284035359095013376
284031413974614016
284007087137226754
284005409243660288
283996390475051009
283995857722961923
283988229110255616
283988215361327104
283987130089353217
283986694246658050
283986387844349952
283980791799758848
283980090335977472
283974402893303808
283973335388393473
283973011843997700
283971452330450946
283971221903785984
283971122540716032
283971053494083584
283957222332063744
283956185483329536
283787978411753474
283778138989809664
283775645199241217
283717197635928064
283717070221348866
283716787823054848
283715800970457088
283714300256874496
283708186551283712
283704719640252416
283703227004882944
283702173001469952
283702060212428800
283701411789819904
283688654688366593
283688302865948672
283686474510110721
283684623341453312
283683720135835648
283683637843611651
283682382119313408
283681783474696193
283681300613853185
283680819355197440
283680376268931073
283677404982018049
283677204976631808
283675443209580544
283675347776581633
283648564901584896
283648468164165632
283648207567867905
283647458163183618
283644636675862528
283644536968859648
283644311667625984
283644096877322242
283643629472456706
283643481375797248
283643149040091136
283642608348192768
283642476911284224
283642340567035905
283642058860814336
283641921157595138
283641319925112832
283570281879068672
282586347078819840
282584931429933056
282483241246674944
282480206567067648
282479869684744192
282478505197965312
282295120328527873
281949052852129792
281774473391251457
281757709022408704
281749517764816896
281736163801300994
281736097854267392
281735372277432320
281735300781334528
281573728679247873
281565447432847361
281501336284041216
281396126077308932
281396022771580930
281388035512336384
281387633484107776
281192883174903808
281192474519674880
280710921180033024
280709904514306048
280709777397534723
280709288714973184
280708884761567232
280708660735385601
280708253934039040
280707762252558337
280706751152672768
280704940924616705
280660933481742336
280660586596016128
280034227653861377
280001421733163008
279900374226309120
279276454469046273
279276316560347136
279232447705661442
278939474199719937
278845630514880512
278845455356542976
278825777041129473
278823821438492673
278821852351184896
278607930222313472
278607635014627329
278607325173014528
278606860095991809
278602899645423616
278602738525433856
278602508186841088
278602424900546560
278602177889587200
278601722937610240
278601399737131008
278601307487604736
278601164151459840
278601100096057349
278600889093214208
278600791143616512
278600738899378177
278600548897398784
278600464063418368
278600375395811329
278600249591861248
278600195435003904
278600104057901058
278599925065990144
278599747168784384
278595196327952384
278509699358408705
278499996008058880
278499628297621504
278497081851797505
278494802629246976
278490096766959616
278489833305960448
278489371534057473
278303654648365056
278290339805151232
278100904887070721
278089501446909955
278057208728653824
278055525697089536
277895828620865536
277889460455223296
277888476752531457
277870461235363841
277833490278526976
277833109804826624
277832919052083201
277831214633742336
277740757367001088
277734365256105985
277732458311585792
277381986513981440
277351707883761664
277350186152517633
277349615764914176
277106770286100480
276822467861946368
276821799671578624
276821746185818112
276821684940582913
276821340999270401
276821296178946048
276766553993777152
276766344739954688
276765580332249088
276686242547130368
276685751956160512
276468692399833088
276462159565828097
276462024261771264
276461637484036096
276458990383288320
276458643354959872
276458218828468226
276458126176305152
276457944328052736
276457093798711296
276456538913259521
276454325033762816
276453120387723265
276447023945887744
276446503218868224
276399042324484097
276390321426939905
276390277730672640
276390229886246913
276389210485825537
276389131297361922
276389033444274177
276388775008034819
276372933331537920
276372692159053824
276371663904456704
276371509361115136
276354604449554432
276323596006195200
276296924863295488
276296455898165248
276289019615272960
276288684922392576
276287828013498369
276287478531493888
276017030749110273
275995276102213632
275987603428368384
275983069733851136
275963985617117186
275944551074627584
275942710869889025
275942367759056897
275941776307654656
275941697207300096
275941536213127168
275939123313926144
275937937668075520
275937838556647424
275935545979457536
275935222300807169
275935156316028929
275935043925454848
275934965210951681
275934887347888128
275934843676798976
275933369508978688
275932985713381376
275932836568125440
275907014343917568
275892659057459200
275892561607008256
275892372016087040
275892233692123136
275892132005416961
275892027592413185
275891474208522240
275891283585814528
275891225188507648
275891159887392768
275890758467342337
275887824098701312
275887736110592001
275343605214879746
274994458381152256
274952643967856640
274656089314824192
274655894472642560
274606499383373824
274588083968675840
274271358161145856
274270812306014209
274267229716115456
274234764679065601
274227316157198336
273923836234305536
273922875147313152
273917922718662656
273914676050534400
273881885304832000
273881146591424512
273877401421889536
273848725292589056
273781730673053697
273778326483636224
273776687362211840
273776580004810752
273776394700460032
273776054622121984
273775878822039552
273775384959545344
273774902258040832
273774871417327617
273774495729319936
273774399927242752
273774085178290176
273773757682810880
273773605588975618
273773092134854658
273772700168761344
273772460581720064
273771980149383168
273767089578319872
273766772711243776
273523659585495040
273106295475806209
272998108261126144
272997818380206080
272989754545557504
272989461665681408
272724047417196546
272723835801980928
272723580603744256
272715238753849344
272358452880359425
271908908573016064
270825773877850112
270824961420189696
270516547792015361
270493489786155008
270490752872767488
270490500480503808
270490212252123136
270490083872870400
270486447537131520
270486374996643840
270486199989305344
270486092187320320
270485951099310081
270466042575327233
270464839619579904
270464647784706048
270464329629970432
270464155658637312
270463757770186752
270163490734497792
270159576790343680
269902942209974272
269900854885224448
269896126726041601
269871097120452608
269870996268392448
269869805249654784
269869514978639872
269819677943926784
269789347736326146
269742330188275712
269610883297202177
269588621248589824
269396665843191808
269367195857993728
269365533483339777
269359301062172673
269356352504221696
269356062770077697
269204331662819328
269203906955984896
269201520283754497
269201375198601216
269179369178677250
268834387095863296
268754447625252865
268479415867039744
268454956342861827
268453483211014144
267790104196677633
267790005089497090
267767426765180928
267767246326206464
267706603686469633
267706302229270529
267577300869070848
267067257216200704
267051726450880512
267016766553743360
266692722616852480
266312756842614785
266295058477772800
266294715970899968
265971970376597506
265573731034873856
265563259770392576
265548315557502976
265406315940151298
265402689381363712
265068971370352640
264863181573337089
264862903499382785
264862221383901184
264862087988264962
264861552144949248
264851849797050368
264673467243302912
264300569311715328
264300237861040128
264062587459731456
264044902420213760
264040942175125505
264040425722097664
263624768354394112
263624636057649152
263624339352608768
263372849094463488
263372211627368449
263372141335031808
263372010539872256
262840014457696257
262517348005707776
262517160683900928
262320432424833025
262310734426406913
262310054429093888
262219458884546560
262143388537737216
262142988963180544
262142846646251520
262142450078973952
262141977448034304
262141711709507585
261969149654343680
261967109695889408
261457348323835904
261442421072732160
261173341728153601
261173137742385152
260719425009897472
260667435806511104
260664615455838209
260663673318686720
260354621241978880
260345433933615104
260168161662468097
260166705349799936
260135935407185920
260135732771950592
260135356823908352
260133158471753728
260132622376763392
260132326892261376
260131826448887808
260093380535660544
260093134577479680
260092778023899139
260092518530678784
260092389488721920
260091639501045761
260091510442303488
260091346352750593
260090534775889921
260090220115001345
260089908507602944
260089330180182018
260089120657920000
260088881096048640
260088579437506560
260088410029555712
260087732418797568
260086096120147968
260080718548434946
260080503783309313
260079759160127488
260079488463949825
260078721594187779
260078497538646017
260078401367441408
260076382162415616
260014029236498437
259974550496874496
259974102692012032
259973541087301632
259226683670929408
259199825852108800
258990508725112832
258848876071641089
258833814330171393
258642965419933696
258642735744040961
258634803677634560
258542608933081088
258496889757003776
258496615025881088
258496013105496065
258495643667025920
258495492583989248
258469769781579776
257816807451267072
257567565780488194
257483680828780544
257158803940864000
256427544495140865
256403942152491008
256403555743846400
256401157797326849
256001636667895808
256000567871148032
255770833119756288
255768794851573761
255609610562572288
255609510398402560
255447522225573889
255425412090449920
255368009974161408
255367143040905216
255365169327259649
255239072052805632
254685770097496064
254680030368649216
254677044900806656
254661708373696512
254661210170073089
254660009630265344
254659859201544192
254659510084440064
254658423961051136
254658134017187840
254657959135686656
254640878176583680
254629244766916608
254628999211405313
254341978333007873
254340758339977216
254340508804067328
254340369280536576
254339548216164352
254339166907822081
254338657429901312
254338529688166401
254338270316617728
254337284713889792
254336960905220098
254336835659104256
254336569517944832
254336107641192448
254335849288843265
254335751968395264
254335372006408193
254334835353604096
254334628960292864
254334013693632512
254333300037013504
254332820116353024
254332258293538817
254290599434407936
254158995248533504
254158177472507904
254120304991932416
253762468306894848
253762365210898434
252845204623732737
252715528878190592
252712857328840704
252710384803401728
252709959949762560
252706764842229760
252514807083855872
252502923198746624
252158235782553600
252157294299709440
252152568531263488
251821261045518336
251820722056466432
251641673052983296
251478150683455488
251085749120798721
251084872972652544
251083983998316544
251083400507691009
251081544343633922
251081141954699264
251080416935673856
251080151851495425
251079733947813888
251078993074339841
251078836349968384
251078362553020417
251077936545923072
251077503978975232
251077224873226240
251076967695273984
251075914388099072
251075476058165248
251075222915133440
251074662551912449
251074545375657985
251074090876665856
251073606589751297
251073505578328065
251073263994810368
251073012131049472
251071831547736065
251070713119768579
251070178434093056
250962297177137152
250729138523090944
250728332906332161
250720126238863360
250701236939149312
250701017937768449
250700242352226304
250295770077609984
250160938366431232
250152905481519104
249819016951111680
249818370797608960
249818251612282880
249818053892771840
249817845528137729
249817712988147712
249817387690516480
249817075881762816
249643342038720513
249472273495506944
249471497100484608
249471375406948352
249471134012162049
249470497476190208
249456837106225152
249437410692300800
249436201038262274
249232843711053824
249162004093362177
249157689693843456
249156363417186304
248901053976829952
248892571034718208
248880618149134336
248799201809543170
248487384549826560
248486272560148480
248483418889912320
248480317009190912
248478873166159872
248478174659375105
247822655921733632
247740434095431680
247740319477665792
247661265231704064
247416595213844480
247410919473307649
247408586085527552
247393962351005696
247388735430336512
247044357088231424
247000588242534400
247000118170095617
246507771548286976
246398369034027009
245893351994445825
245811034751905792
245778665772826624
245417878692712448
245417778289467392
245314409809977345
245310782320046080
245305863382917121
245301674040766465
245298891786944512
245295521508515840
245294978853638144
245294277364695040
245293846236372993
245293572449005569
245292598535811072
245292213112819712
245292011656196096
245291292718936064
245290313810329600
245290008435638272
245289440627539968
245288714610294785
245288611828887552
245288483982278657
245287117905862657
245285759563730944
245283566001467392
245280356985610240
245280222319087616
245280155025682433
245279412466118657
245279225781841921
245276534825431040
245274975911677952
245274706171817985
245274341942628353
245274004045328384
245273843185352704
245273369157709824
245272396901269505
245269224862404608
245268046967611393
245267678674169856
245267434544701440
245267335705931777
245266825519173632
245266607746715648
245255695690264576
245251484814544896
245171408425078784
245082556482068480
244718498167795712
244543646769246208
244530705508474880
244515805067354112
244515334550347776
244512597204942848
244507007569248256
244506405032316928
244428095883460608
244423902653202432
244418306176606209
244414428399927296
244412919004135425
244408368637296640
244401477265813504
244390344442146816
244382341085151232
244379651378663424
244379390002204672
244379119222140928
244378513027768320
244378235872358400
244376341842128897
244375755956580352
244375280490270721
244101595611136000
244091403838312450
244080236893990912
244018074439778305
244017964616130560
244017634360848384
243969119639191552
243060606515675136
243060194656018433
243058578267705345
243051936759304192
243049939519799296
243033655193255937
242749619782680576
242735090076119040
242734808600571905
242734315656601601
242733312253251585
242732635565211649
242732436750991361
242732104272711682
242731164601819136
242730813572136962
242730412508590080
242729484191662083
242207039227559936
242206851872219136
241896529038827520
241298692810895360
241298378229702656
241298100591927297
240743223310573568
240605964204666880
240582951409160193
240442220082257921
240375488089059328
240374596367437824
240198173342175234
240197913983188992
240197674169692160
240195600807755777
240177173644836864
240165525810999296
240164205641224193
240163326896787456
240163044372672512
240160074750906368
240150505941250050
240150345249067008
240150249128214528
240150097193750528
240149881946251264
240149745161617408
240149423429144579
240149230969303040
240149089625464832
240148964316418048
240148702071771137
240148380192477185
240148157558829056
240147236892336128
240146586313830400
240146320030060544
240146185468379138
240072246683652096
240071296065622018
240070647861100545
240065211149733888
240065035689410560
240064846127833088
240064641919754240
240064272493862912
239811454834991106
239811165465743360
239804841524862976
239804753712930816
239804632434622464
239804341026955264
239804269220491264
239804132880424960
239803987447144448
239803854382829568
239803714418909184
239803654721388544
239803337292259329
239803239569178625
239803139484700673
239800761360470016
239800562001014784
239800496372711426
239800427552571392
239800202389770243
239799671311187968
239717548772433921
239700728367677440
239700548759220224
239104682344185856
239095192634945538
239094612332003328
239094526894030849
239094099490263040
239093658153000960
239092336024494081
239090142046994433
239089806292967424
239021307449180161
239018240670572544
239015957274701825
238916748005498880
238553708307312640
238323981835464705
237998291957198848
237998126659682304
237997086329671680
237995922943012864
237995477507911682
237948235514269696
237606267345047552
237489609322414080
237460683585892352
237460361123594240
237460163441856512
237333087200108545
236951768905441280
236918780436041728
236915488582680576
236841226442268672
236837046465998848
236836957886504961
236836883978657793
236836774142431233
236836579870662656
236562357529243648
236130472776851456
236030982174691328
236030760136630272
235858498125193217
235858061972107264
235851196781457408
235842098144890880
235841890178695168
235837606187900928
235835740683137025
235832544606703616
235832276246728705
235831359321554944
235829743000367105
235829492550098945
235829102240731136
235505440799223808
235505211911839745
235504777583267840
235504424959750144
235151630260109312
235128553585393667
235127862770946048
235127535942369280
235017918910443520
234735583153491968
234735029455036416
233959361595191297
233928151976255488
233927796475437057
233926788735188994
233602672698224640
233257400172433410
232984125437509632
232966386136276993
232966220482224128
232888181152948225
232887961572753408
232887575826792448
232672728157671424
232191044891070464
232186471233228801
232186317755256833
232185793169477633
232185294047297536
232184632127389696
232182131177185280
232181926553845761
231589481755598849
231580063693418498
231577963022385152
231577575703605249
230040604170678273
229919540182646784
229773836915183619
229594765044379648
229312918733344768
228966545865461760
228651533783416833
228651294733250560
228650629889916928
228650384187609088
228650012563869696
228649705259819008
228646557979926530
228253853865357312
228210152736714752
227997656037851136
227997451414548480
227996891969888256
227996681097076736
227996397180444672
227996180657868800
227995791908827137
227853777275850753
227830364142440448
227788420066459648
227722862918791169
227135414903902208
227130415444541440
227037749390221313
227034369263562753
226745519559557120
226665842115502080
226381339329433600
226341786539417601
225995259191115777
225973803077996544
225973749034389504
225973456246829056
225918376084664320
225819222616469504
225808441699078144
225808028765663232
225807500472115200
225398179015823360
225397736818745345
225397138824249344
225395827785478145
225379366387986432
225362524739080193
225255661926232064
225255166964805633
225254241520984066
225253990173126656
225065596616843264
224890767053832192
224871866391724032
224869581527859201
224865401127968768
224270924311052288
224245792347656192
224151906195480576
223994585129553921
223966322894176256
223771313376989187
223763346531430400
223759381215453184
223758766322102272
223758748022345728
223755563207626753
223755155307368450
223644332220100608
223642995172458496
223642383307382784
223641926568644609
223641358584385536
223640053275049985
223639583525584896
223638020077780994
223420407867379712
222751023649918976
222577097728724992
222457231554248705
222444247167664129
222443583981105154
222111311197257728
222110393919746050
222081985282191360
221746981402443777
221745495788359680
221744012149796864
221736353262616576
221735569519149056
221734872790745088
221726300438663168
221725741824475138
221724687183527937
221720893758517248
221716996960694272
221637022509568000
221559913896349696
221301398380347394
221272262412730370
221272010364420097
220642656634679296
220638758897328128
220638014982979584
220637394704154627
220508920387608577
220454482083987456
220430540891881472
220429900698488832
220429645802258432
220429369636683776
220428970414452736
220417151146790912
220275947843231744
220266702120824832
220266066369187841
220265926770167809
220265656522772481
220265340368715776
220263017802235904
220261544976596992
220260851133849600
220260779562237952
220260600754868224
220260195434106881
220259740138225664
220259533157711872
220259396565991424
220259000967639040
220258686138978305
220258506077515777
220258304822222848
220257956439142400
220257454284488705
220257324395266048
220256899898155010
220256440357629952
220256169418174464
220255526985023488
220254398411059202
220254211391238145
220253810868752385
220252584219377664
220252455139672065
220242200339034112
220238261321342976
220221573439819777
220136791305486337
220136657070997505
220065389441323008
220065057642516480
220057988600299520
220057074455945217
219950666980925440
219950150846652416
219949910991187969
219949738072604672
219949587757150209
219948069486211073
219947452797689857
219947380420784128
219947110383108096
219946642974064641
219946589907726337
219946520416497664
219946289549418498
219945375946129408
219945070399467520
219944352489803776
219944272215019520
219944168015925248
219943764796506112
219943641735643136
219943258258812928
219943175215775747
219943076460892160
219942987919147011
219942758008373248
219942227345022976
219941694425141249
219941242967031809
219940370035916802
219778890627952640
219777861232500737
219775621486743553
219697264162123777
219697085052760064
219562003491074048
219511020929032193
219396788799545344
219180628665569280
219079887435214849
219025548834385920
219016264427913216
219014562651971584
219013128166457346
219012801346273280
218999772013535232
218996732686639105
218846288094040064
218845507047530497
218843662505881600
218843218144534528
218842052362895361
218840907364040706
218768734687473667
218762776636694528
218761952359497729
218761638059315201
218760832899760128
218760532533067780
218760278857363456
218388901155450880
218246142767542273
218245293475512320
218112899107930114
218073113974415360
217761659501031426
217755686774390784
217755303675043841
217751489425321986
217751112911032320
217750976097026049
217750870627061760
217750820035362816
217750580427366400
217749952078684161
217749799280185346
217749479728742400
217749142032748545
217748997861941252
217748578775474178
217748207441154048
217541959374471168
217541775626223616
217540845421854720
217540653771530240
217535900974985216
217533547441963008
217531809943130112
217327011855732738
217287470692306944
217285977570414595
217285718723145728
217285609390211072
217005465371021312
217003140036300802
217002727492956160
216996050936934400
216980309009379328
216976798091710464
216947540858372096
216917798318915585
216684006761168896
216683695220858881
216683484041846784
216656069961850880
216642286220623873
216641778282008577
216641593866850304
216641302056546304
216620880879554561
216620439013826561
216619620730290176
216619299962486784
216618326456139776
216618030090821632
216617806203068416
216617053652652032
216611582631870466
216610506696441859
216610228395982849
216609767051890688
216609544967684096
216609235067355137
216608205910974466
216607869490040832
216607644318826498
216605645003173889
216605263455731713
216603819314913280
216603195122782208
216575941055479808
216481392614326272
216480629813022720
216479959517102080
216479573523697664
216308262562299904
216083535231062016
215926265415352320
215926187543896064
215925830537322496
215915925768114177
215881513751949312
215857738377465857
215587539036282880
215584775686201345
215583637213679616
215583494540234753
215582938211954689
215582334722899969
215581348516204544
215580524612292611
215580197813096449
215579442066620416
215579321014824960
215578040367980544
215577834264084480
215577112810229761
215576689441378304
215576483371032578
215576317876383744
215576252021612546
215575905597276160
215574976810582017
215570690689089536
215569873865162752
215550968056655874
215550316362481664
215550183897964544
215545799793315840
215544706514432000
215539261787750401
215537486636650496
215499569784561665
215498625692868608
215494547336212481
215401412589395969
215222628498161667
215167659690569728
214855784130019329
214855443489636352
214854755439218688
214853671354249217
214849961140043776
214849296200249344
214849062715924480
214848890292289537
214845621683761153
214845418738159616
214845168954769409
214844963731673088
214493789530767360
214100890230063105
213753058126073857
213738634824794112
213737102284820481
213733146628325376
213730842994937856
213729987256262657
213728794534617089
213728278698143744
213727950858764289
213727544179044353
213727052464005121
213726914752425986
213726544034668545
213724859753185281
213724622888243201
213724436430467072
213724145677123584
213723279599484929
213722272987484160
213721406687555584
213720941019148288
213719824759652352
213719619775639552
213719254678241280
213719146821730304
213717628768890880
213717362845810688
213717159640178688
213708331112603648
212946965552578560
212946660890902530
212946433769349120
212816540104531968
212816348110258176
212815924233912320
212815420451864576
212612053976887297
212266733631848448
212262373241782272
212262244233383937
212261153227812865
212260408910819328
212260198058967042
212239351390801920
212238714024370177
212228737943609347
212227831302852608
212226088879915008
212215555099332608
212215277377687552
212215165674995712
212212999744794624
212210121563054080
212161349634101251
212112611838410753
212091797734830082
212087834901889024
212078992059142146
211923702772793344
211613421085540352
211604353797197824
211603507197915136
211554045561806848
211551576240816132
211550892531531776
211510481091952640
210873618584969216
210873339399512064
210777570445230080
210776165244338176
210774903966810112
210748604892200960
210557714978451457
210554066386956289
210546965153464320
210546499355033600
210545721970143233
210545226778030081
210545105466179587
210544575608135681
210386936022573056
210386660100288512
210385528670007296
210034697156308992
210034393421582336
209428954480775168
209425990676512768
209417553443950594
209417291979423746
209416960130293761
209416429034942465
209416162319138819
209415642552602624
209415502873890816
209415131547959298
209414854640017408
209414597965389824
209412368575369216
209411438085816320
209410610008567808
209409987506741248
209409340514377728
209409215872253952
209409088453480448
209408920870064128
209408577100709889
209047373291339776
209047115882704896
209046837947142145
209025896500297728
208834633469673472
208650057426284544
208644714478567424
208603996947087360
208587855663079426
208512867534766080
208512447768825857
208460189832192001
208341902729289728
208340507661840384
208197475134222338
208183249544032258
208182962418749440
208182526521524224
208182257943449600
208182072282591232
208181601207726080
208180276864622593
208178981885837312
208177625766707201
207921706722000897
207914659645370369
207914010790727681
207876143859240960
207875864262742016
207875238615195648
207874997274939394
207874623965106176
207874408608571393
207873998963478529
207871669883248643
207869465495474176
207869180098252800
207852720302985216
207845806236106752
207836306074632192
207836052679954432
207835965824319488
207750476173815808
207748714322853888
207748545669894144
207748016264855552
207747312037003264
207747080456904704
207742162044059648
207742092955496448
207736162591326208
207736018189811713
207735711036743682
207735475140689922
207735214624092160
207735064535105537
207225265745698816
207224689729355776
207223477336408065
207060495172243456
207009822724464640
207009157411389440
207008680204451840
206872292150611969
206850398521278465
206521173033484290
206520912978264065
206520565954129922
206318875925684224
206318702533160961
206310513230098432
206310275589222400
206309770863452160
206309489173987328
206308843091787776
206308280811798528
205769962017652736
205217499711676416
205216996974010368
205216778182328320
205216082586374147
205215036132687872
205041311538102273
205040275045879808
205035175850147841
205034814007545856
205031779726393345
205030432264290305
205029311118458880
205027453054369792
204984545920040960
204548410710302721
204328540869627904
204214754103922688
203995554588528643
203407198297133056
203398253868363777
203396744153800704
203196328031956993
203195725994143745
203191968027783168
203191438203289600
203191267914547200
203190875357052928
203190539955339264
202896843150077952
202894621766979584
202885994188517378
202885548057165824
202873711739670529
202528313745477635
202527335818338305
202527069387751425
202520160970604544
202519702638047232
202169301522849793
202161609618100225
202019090477498368
202014714409136129
201451241526665217
201451078573768704
201450858511208449
201426141876203520
201425996887490560
201425899978113024
201425698756370433
201274326404702209
201071637620211712
201070067335692288
200992505867665408
200992280901992448
200990521034944513
200989851103924224
200936593916313602
200485993097338881
200481549890756608
200481150353936384
200358626345488384
200357452175245312
200355753276608513
200283039962628097
199975149318062081
199945576194916352
199868432504721408
199865023663837186
199864936921448450
199623398727495681
199086649311895554
199086458458476544
198896174818795520
198892736961708032
198892425547227137
198891543438962688
198890512005083137
198890313241202688
198890201513340930
198884243873599488
198883834857668609
198883757091061760
198883429415264257
198883241376231425
198881907801460736
198881709251497985
198875321523650560
198871330312028160
198871075164139521
198870902270738432
198869563239186432
198869304861659136
198869091497426944
198869000296480769
198868798080679936
198868460648923138
198868348296110082
198868176061210624
198868031265447936
198867019234418688
198866780263952384
198866438176505856
198816509198483458
198773064635396096
198480588288700416
198064626343223296
197967314241585152
197959254819344384
197958841256787969
197958526340046849
197958176803532800
197957884166938625
197957495103295488
197956923390300160
197951649208217600
197947969339785216
197943266325430275
197942778351726593
197929730522099712
197793144534863872
197784920809144321
197784161061310464
197784013052710913
197783889694048257
197783812422369281
197783617877979138
197783439607480321
197783215145091072
197782978443739136
197781700506435584
197781399871295488
197780887184740352
197780448850624513
197780327333249026
197779944481370113
197779476178944000
197779224763961346
197779085798281219
197779008736346112
197778624412270593
197778538739408896
197778389384437761
197778127999606785
197778000039772161
197776897793466370
197776762690748417
197776575205359617
197776336843055104
197776059821867008
197775827323199488
197775522145648640
197775369795940354
197775095048060928
197775024847990785
197774560429490176
197772289364856832
197771875726786561
197629156744364032
197612043891785729
197610075450380288
197604535139696640
197603584832057345
197603502539804672
197603277385375744
197602592145145856
197602182479101952
197371133887131651
197078302505185280
195966099320352769
195959905721647104
195502675348037633
195502576165335040
195438391796572160
195428083094929409
195428006741811200
195300725247582208
195276541867995136
195275746636345344
195275449490870272
195268295451090944
195267754738200576
195266687791140864
195253919931310081
195253285224054784
195135819269419008
195132969655087104
194924018397220864
194396171479949312
194395954034642944
194371400717451264
194371357335760896
194371044017049600
194370983954624512
194370754924658688
194370511306895360
194369897390800896
194369495219970048
194369442040393728
194369283348893696
194369182337466368
194368989382713344
194185062219124736
194116096020844546
193435639159599104
193435548973674496
193344089582866432
193300761663385600
193280764551499776
193121635585376257
193054141004787712
193053852596043778
193053460273438721
193052401698217984
193051871513022465
192902978112471040
192895337864773633
192627028523106304
192514373112172544
192391700025585664
192366097960419328
192362462547423232
192362080781877250
192361874782818304
192361011121102848
192360635584086016
192284099048779776
192236218929524737
192191544399380480
192190516757135361
192187832729747456
192187513237024768
192187106846711809
192174312692785152
192173670192513024
192172765950918657
192172590394118144
192171765139652609
191836879618981888
191439646566264833
191439294752231424
191438975943184384
191096230452006912
191095516803760128
191095070701785088
191094835829149696
191094538696278016
191094351588364288
190900709116477440
190712783254470656
190523230593888256
190522430073225216
190510711779246080
190509206502252544
190509102483521536
190508849109798912
190499560974585857
190487512358203392
190468367432429568
190440073613934592
190407979965747200
190400587131654145
190400492139053058
190400413961424897
190400321208594433
190399789446340609
190034332541390848
189977301604245505
189974803007021056
189966726576873472
189855184950804480
189853749316038657
189853197978959872
189799226157432833
189798180416790529
189762632318857217
189761270000533505
189761178183012352
189760787508768768
189760641710571521
189756329454350336
189295638951886848
189279003335593986
189278271899312128
189277288418906113
189276860788654080
